  -1146.52329740
  -1146.89120877
0.00041990309400
2 2 2 2 2 2 2 2 2 2 2 2 2 2 2 0 0 0 0 0 0 0 0 0 0 0 0 0 0 0 
1  0.312091
2  0.317893
3  0.302134
4  0.292254
5  0.297024
6  0.337380
7  0.345797
8  0.274217
9  0.335581
10  0.315458
11  0.325453
12  0.271935
13  0.294906
14  0.267857
15  0.268414
16  0.317551
17  0.323954
18  0.308285
19  0.298008
20  0.344285
21  0.326850
22  0.338702
23  0.297131
24  0.299630
25  0.270111
26  0.276152
27  0.314035
28  0.338063
29  0.274601
30  0.270470
1 2  0.592819
1 3  0.613736
1 4  0.603935
1 5  0.607625
1 6  0.646486
1 7  0.633979
1 8  0.586182
1 9  0.645149
1 10  0.623322
1 11  0.632602
1 12  0.583951
1 13  0.597236
1 14  0.578430
1 15  0.579850
1 16  0.358390
1 17  0.601565
1 18  0.620128
1 19  0.610066
1 20  0.644895
1 21  0.632188
1 22  0.649628
1 23  0.600656
1 24  0.610242
1 25  0.580337
1 26  0.588218
1 27  0.621342
1 28  0.649695
1 29  0.586648
1 30  0.582238
2 3  0.619706
2 4  0.609655
2 5  0.605490
2 6  0.652623
2 7  0.654629
2 8  0.590219
2 9  0.651952
2 10  0.631167
2 11  0.618456
2 12  0.588871
2 13  0.611800
2 14  0.585595
2 15  0.586243
2 16  0.600809
2 17  0.365604
2 18  0.626116
2 19  0.615575
2 20  0.658273
2 21  0.622905
2 22  0.656164
2 23  0.613145
2 24  0.607878
2 25  0.587994
2 26  0.591873
2 27  0.626870
2 28  0.655301
2 29  0.592142
2 30  0.588319
3 4  0.549871
3 5  0.599148
3 6  0.630990
3 7  0.645472
3 8  0.576349
3 9  0.609640
3 10  0.615623
3 11  0.626473
3 12  0.574068
3 13  0.597023
3 14  0.569989
3 15  0.570548
3 16  0.619479
3 17  0.626045
3 18  0.298415
3 19  0.556198
3 20  0.645988
3 21  0.628383
3 22  0.616524
3 23  0.599182
3 24  0.601762
3 25  0.572200
3 26  0.578279
3 27  0.609890
3 28  0.635392
3 29  0.576731
3 30  0.572593
4 5  0.589257
4 6  0.605332
4 7  0.635019
4 8  0.566466
4 9  0.622369
4 10  0.605024
4 11  0.615592
4 12  0.564185
4 13  0.587148
4 14  0.560110
4 15  0.560668
4 16  0.609772
4 17  0.615862
4 18  0.556731
4 19  0.288835
4 20  0.635889
4 21  0.617744
4 22  0.623692
4 23  0.589377
4 24  0.591826
4 25  0.562346
4 26  0.568375
4 27  0.601202
4 28  0.615983
4 29  0.566842
4 30  0.562718
5 6  0.634246
5 7  0.642345
5 8  0.534582
5 9  0.632534
5 10  0.612454
5 11  0.621531
5 12  0.534453
5 13  0.584809
5 14  0.563834
5 15  0.563701
5 16  0.613603
5 17  0.610924
5 18  0.605303
5 19  0.594968
5 20  0.641220
5 21  0.620989
5 22  0.635715
5 23  0.584480
5 24  0.355681
5 25  0.566888
5 26  0.527989
5 27  0.610380
5 28  0.635025
5 29  0.527192
5 30  0.565271
6 7  0.663373
6 8  0.611569
6 9  0.631414
6 10  0.640662
6 11  0.653912
6 12  0.609300
6 13  0.632135
6 14  0.605224
6 15  0.605793
6 16  0.654506
6 17  0.660628
6 18  0.640008
6 19  0.620525
6 20  0.676180
6 21  0.660331
6 22  0.637580
6 23  0.634423
6 24  0.636960
6 25  0.607417
6 26  0.613487
6 27  0.635083
6 28  0.420280
6 29  0.611960
6 30  0.607836
7 8  0.619960
7 9  0.670930
7 10  0.643226
7 11  0.634767
7 12  0.617707
7 13  0.639400
7 14  0.613467
7 15  0.614160
7 16  0.651415
7 17  0.665155
7 18  0.653542
7 19  0.643170
7 20  0.442077
7 21  0.638040
7 22  0.680531
7 23  0.641575
7 24  0.645293
7 25  0.615489
7 26  0.621921
7 27  0.638654
7 28  0.678280
7 29  0.620366
7 30  0.616214
8 9  0.609791
8 10  0.589668
8 11  0.599437
8 12  0.496618
8 13  0.568484
8 14  0.541996
8 15  0.542418
8 16  0.591718
8 17  0.595906
8 18  0.582474
8 19  0.572173
8 20  0.618416
8 21  0.600410
8 22  0.612890
8 23  0.571102
8 24  0.528908
8 25  0.544237
8 26  0.272546
8 27  0.588209
8 28  0.612194
8 29  0.495007
8 30  0.544588
9 10  0.630049
9 11  0.656132
9 12  0.607514
9 13  0.630330
9 14  0.603418
9 15  0.603992
9 16  0.651967
9 17  0.659035
9 18  0.618468
9 19  0.625560
9 20  0.676353
9 21  0.659012
9 22  0.425419
9 23  0.632343
9 24  0.635186
9 25  0.605543
9 26  0.611728
9 27  0.625017
9 28  0.635511
9 29  0.610178
9 30  0.606024
10 11  0.620441
10 12  0.587379
10 13  0.609993
10 14  0.583228
10 15  0.583851
10 16  0.628228
10 17  0.634065
10 18  0.617331
10 19  0.608454
10 20  0.638845
10 21  0.616712
10 22  0.629177
10 23  0.611409
10 24  0.614346
10 25  0.585324
10 26  0.591534
10 27  0.434691
10 28  0.637404
10 29  0.590050
10 30  0.585910
11 12  0.597245
11 13  0.620144
11 14  0.593202
11 15  0.593829
11 16  0.635609
11 17  0.626305
11 18  0.632987
11 19  0.622044
11 20  0.635758
11 21  0.431829
11 22  0.660633
11 23  0.621451
11 24  0.622307
11 25  0.595487
11 26  0.601024
11 27  0.614465
11 28  0.659955
11 29  0.599985
11 30  0.595915
12 13  0.565542
12 14  0.539576
12 15  0.539878
12 16  0.589410
12 17  0.595565
12 18  0.580203
12 19  0.569917
12 20  0.616121
12 21  0.598694
12 22  0.610616
12 23  0.567276
12 24  0.528669
12 25  0.541924
12 26  0.493505
12 27  0.585966
12 28  0.609953
12 29  0.270557
12 30  0.541420
13 14  0.527040
13 15  0.527915
13 16  0.602935
13 17  0.617553
13 18  0.603077
13 19  0.592893
13 20  0.637578
13 21  0.620635
13 22  0.633188
13 23  0.353695
13 24  0.585342
13 25  0.520413
13 26  0.570865
13 27  0.607727
13 28  0.632839
13 29  0.567789
13 30  0.519897
14 15  0.490390
14 16  0.583544
14 17  0.591757
14 18  0.576073
14 19  0.565826
14 20  0.611550
14 21  0.594685
14 22  0.606378
14 23  0.519494
14 24  0.567090
14 25  0.268677
14 26  0.543932
14 27  0.581667
14 28  0.605803
14 29  0.542300
14 30  0.487987
15 16  0.585696
15 17  0.592272
15 18  0.576682
15 19  0.566408
15 20  0.612615
15 21  0.595224
15 22  0.607087
15 23  0.522501
15 24  0.565666
15 25  0.486203
15 26  0.544493
15 27  0.582441
15 28  0.606450
15 29  0.542043
15 30  0.265098
16 17  0.601560
16 18  0.625238
16 19  0.615015
16 20  0.636618
16 21  0.639545
16 22  0.653415
16 23  0.603373
16 24  0.615628
16 25  0.585839
16 26  0.593563
16 27  0.627044
16 28  0.652192
16 29  0.592060
16 30  0.587101
17 18  0.631838
17 19  0.621373
17 20  0.659355
17 21  0.625828
17 22  0.660848
17 23  0.620096
17 24  0.612271
17 25  0.593888
17 26  0.597922
17 27  0.635459
17 28  0.659185
17 29  0.597184
17 30  0.594351
18 19  0.559529
18 20  0.649962
18 21  0.633780
18 22  0.617444
18 23  0.605387
18 24  0.607902
18 25  0.578393
18 26  0.584436
18 27  0.619870
18 28  0.637935
18 29  0.582885
18 30  0.578755
19 20  0.638841
19 21  0.622386
19 22  0.631107
19 23  0.595116
19 24  0.597610
19 25  0.568117
19 26  0.574156
19 27  0.609030
19 28  0.609797
19 29  0.572606
19 30  0.568478
20 21  0.633011
20 22  0.672384
20 23  0.639782
20 24  0.643419
20 25  0.614164
20 26  0.620390
20 27  0.640177
20 28  0.661595
20 29  0.618856
20 30  0.614675
21 22  0.660028
21 23  0.623775
21 24  0.625234
21 25  0.596853
21 26  0.602738
21 27  0.621831
21 28  0.655489
21 29  0.601294
21 30  0.597277
22 23  0.635614
22 24  0.638244
22 25  0.608784
22 26  0.614846
22 27  0.632533
22 28  0.633305
22 29  0.613299
22 30  0.609164
23 24  0.587847
23 25  0.531668
23 26  0.572341
23 27  0.610706
23 28  0.634982
23 29  0.570253
23 30  0.533008
24 25  0.568341
24 26  0.539776
24 27  0.613618
24 28  0.637514
24 29  0.540096
24 30  0.568186
25 26  0.546190
25 27  0.584049
25 28  0.608153
25 29  0.544428
25 30  0.493559
26 27  0.590181
26 28  0.614192
26 29  0.500234
26 30  0.546364
27 28  0.639932
27 29  0.588627
27 30  0.584480
28 29  0.612649
28 30  0.608527
29 30  0.544575
