  -1146.52329740
  -1146.89491864
0.00019508763200
2 2 2 2 2 2 2 2 2 2 2 2 2 2 2 0 0 0 0 0 0 0 0 0 0 0 0 0 0 0 
1  0.321718
2  0.328316
3  0.306070
4  0.296501
5  0.307158
6  0.344592
7  0.354976
8  0.281034
9  0.341994
10  0.322297
11  0.333784
12  0.277589
13  0.305825
14  0.277488
15  0.277464
16  0.327417
17  0.334690
18  0.312464
19  0.302511
20  0.353147
21  0.334907
22  0.345075
23  0.308335
24  0.309872
25  0.279854
26  0.283237
27  0.320406
28  0.345027
29  0.280296
30  0.279499
1 2  0.612693
1 3  0.627119
1 4  0.617642
1 5  0.627231
1 6  0.662740
1 7  0.650689
1 8  0.602611
1 9  0.660704
1 10  0.639450
1 11  0.650509
1 12  0.599239
1 13  0.616833
1 14  0.597325
1 15  0.598418
1 16  0.376453
1 17  0.622344
1 18  0.633881
1 19  0.624189
1 20  0.662743
1 21  0.650068
1 22  0.665576
1 23  0.621308
1 24  0.630124
1 25  0.599596
1 26  0.604916
1 27  0.637358
1 28  0.666219
1 29  0.601967
1 30  0.600847
2 3  0.633941
2 4  0.624153
2 5  0.624819
2 6  0.669872
2 7  0.673636
2 8  0.607003
2 9  0.668402
2 10  0.648288
2 11  0.635473
2 12  0.604706
2 13  0.633067
2 14  0.605634
2 15  0.605713
2 16  0.621495
2 17  0.385167
2 18  0.640699
2 19  0.630392
2 20  0.677517
2 21  0.640921
2 22  0.672875
2 23  0.634822
2 24  0.628385
2 25  0.608150
2 26  0.609280
2 27  0.643612
2 28  0.672638
2 29  0.608182
2 30  0.607759
3 4  0.558319
3 5  0.613211
3 6  0.641871
3 7  0.658191
3 8  0.587102
3 9  0.619032
3 10  0.626232
3 11  0.638529
3 12  0.583659
3 13  0.611864
3 14  0.583555
3 15  0.583533
3 16  0.633185
3 17  0.640696
3 18  0.306246
3 19  0.565110
3 20  0.658714
3 21  0.640253
3 22  0.626747
3 23  0.614286
3 24  0.615939
3 25  0.585844
3 26  0.589286
3 27  0.620151
3 28  0.646343
3 29  0.586356
3 30  0.585548
4 5  0.603624
4 6  0.615376
4 7  0.647945
4 8  0.577528
4 9  0.632920
4 10  0.615953
4 11  0.627826
4 12  0.574086
4 13  0.602299
4 14  0.573987
4 15  0.573964
4 16  0.623877
4 17  0.630747
4 18  0.565635
4 19  0.297067
4 20  0.648923
4 21  0.629984
4 22  0.634412
4 23  0.604826
4 24  0.606283
4 25  0.576322
4 26  0.579678
4 27  0.611870
4 28  0.626751
4 29  0.576775
4 30  0.575990
5 6  0.651544
5 7  0.661579
5 8  0.549604
5 9  0.649045
5 10  0.629422
5 11  0.639824
5 12  0.549102
5 13  0.605510
5 14  0.583575
5 15  0.582809
5 16  0.633543
5 17  0.631579
5 18  0.619612
5 19  0.609569
5 20  0.660207
5 21  0.639192
5 22  0.652219
5 23  0.605862
5 24  0.376120
5 25  0.586703
5 26  0.542717
5 27  0.626824
5 28  0.652104
5 29  0.540779
5 30  0.584444
6 7  0.678050
6 8  0.625590
6 9  0.645052
6 10  0.654686
6 11  0.668765
6 12  0.622163
6 13  0.650199
6 14  0.622057
6 15  0.622053
6 16  0.671491
6 17  0.678477
6 18  0.651451
6 19  0.631652
6 20  0.691735
6 21  0.675470
6 22  0.651478
6 23  0.652820
6 24  0.654394
6 25  0.624343
6 26  0.627748
6 27  0.648749
6 28  0.433601
6 29  0.624854
6 30  0.624072
7 8  0.635946
7 9  0.685714
7 10  0.659221
7 11  0.652388
7 12  0.632534
7 13  0.659298
7 14  0.632200
7 15  0.632369
7 16  0.669778
7 17  0.685017
7 18  0.666821
7 19  0.656759
7 20  0.458962
7 21  0.655634
7 22  0.695955
7 23  0.661897
7 24  0.664704
7 25  0.634363
7 26  0.638166
7 27  0.654299
7 28  0.693904
7 29  0.635222
7 30  0.634407
8 9  0.623018
8 10  0.603316
8 11  0.614483
8 12  0.509548
8 13  0.586102
8 14  0.558445
8 15  0.558280
8 16  0.608376
8 17  0.613430
8 18  0.593449
8 19  0.583458
8 20  0.634081
8 21  0.615195
8 22  0.626069
8 23  0.589036
8 24  0.543275
8 25  0.560808
8 26  0.286569
8 27  0.601385
8 28  0.625934
8 29  0.507574
8 30  0.560431
9 10  0.642267
9 11  0.670520
9 12  0.619580
9 13  0.647594
9 14  0.619445
9 15  0.619451
9 16  0.668164
9 17  0.676100
9 18  0.628881
9 19  0.636582
9 20  0.691527
9 21  0.673325
9 22  0.437721
9 23  0.649954
9 24  0.651840
9 25  0.621671
9 26  0.625219
9 27  0.637371
9 28  0.649150
9 29  0.622283
9 30  0.621464
10 11  0.634890
10 12  0.599868
10 13  0.627696
10 14  0.599660
10 15  0.599731
10 16  0.644977
10 17  0.651473
10 18  0.628171
10 19  0.619887
10 20  0.654656
10 21  0.631144
10 22  0.641858
10 23  0.629494
10 24  0.631346
10 25  0.601917
10 26  0.605438
10 27  0.446958
10 28  0.651202
10 29  0.602582
10 30  0.601781
11 12  0.611170
11 13  0.639367
11 14  0.611135
11 15  0.611210
11 16  0.653912
11 17  0.644857
11 18  0.645406
11 19  0.634851
11 20  0.653215
11 21  0.447035
11 22  0.675193
11 23  0.641036
11 24  0.640874
11 25  0.613570
11 26  0.616370
11 27  0.628741
11 28  0.675205
11 29  0.613989
11 30  0.613270
12 13  0.581988
12 14  0.554840
12 15  0.554538
12 16  0.604924
12 17  0.611882
12 18  0.590022
12 19  0.580062
12 20  0.630627
12 21  0.612393
12 22  0.622633
12 23  0.584095
12 24  0.542638
12 25  0.557315
12 26  0.506169
12 27  0.597992
12 28  0.622554
12 29  0.281918
12 30  0.556146
13 14  0.545872
13 15  0.546346
13 16  0.623569
13 17  0.639194
13 18  0.618140
13 19  0.608315
13 20  0.657348
13 21  0.639678
13 22  0.650474
13 23  0.373712
13 24  0.606368
13 25  0.539457
13 26  0.588812
13 27  0.625074
13 28  0.650707
13 29  0.584371
13 30  0.537859
14 15  0.507581
14 16  0.602956
14 17  0.612115
14 18  0.589841
14 19  0.579943
14 20  0.630014
14 21  0.612375
14 22  0.622352
14 23  0.538820
14 24  0.586924
14 25  0.283852
14 26  0.560649
14 27  0.597679
14 28  0.622362
14 29  0.557618
14 30  0.505218
15 16  0.604546
15 17  0.612046
15 18  0.589895
15 19  0.579953
15 20  0.630509
15 21  0.612328
15 22  0.622501
15 23  0.540307
15 24  0.585002
15 25  0.503569
15 26  0.560623
15 27  0.597861
15 28  0.622452
15 29  0.556811
15 30  0.279769
16 17  0.621992
16 18  0.639065
16 19  0.629205
16 20  0.653378
16 21  0.657431
16 22  0.669167
16 23  0.623469
16 24  0.635615
16 25  0.604964
16 26  0.610472
16 27  0.642944
16 28  0.668449
16 29  0.607624
16 30  0.605766
17 18  0.646614
17 19  0.636391
17 20  0.678442
17 21  0.642803
17 22  0.677613
17 23  0.641970
17 24  0.632101
17 25  0.614342
17 26  0.615142
17 27  0.652336
17 28  0.676390
17 29  0.613256
17 30  0.614112
18 19  0.568532
18 20  0.662554
18 21  0.645826
18 22  0.626890
18 23  0.620748
18 24  0.622311
18 25  0.592311
18 26  0.595698
18 27  0.630215
18 28  0.648822
18 29  0.592759
18 30  0.591960
19 20  0.651729
19 21  0.634614
19 22  0.641865
19 23  0.610806
19 24  0.612330
19 25  0.582362
19 26  0.585739
19 27  0.619767
19 28  0.619738
19 29  0.582802
19 30  0.582010
20 21  0.649968
20 22  0.686911
20 23  0.659682
20 24  0.662451
20 25  0.632690
20 26  0.636316
20 27  0.655423
20 28  0.675844
20 29  0.633402
20 30  0.632530
21 22  0.674061
21 23  0.643009
21 24  0.643344
21 25  0.614617
21 26  0.617768
21 27  0.635582
21 28  0.669912
21 29  0.614986
21 30  0.614364
22 23  0.653122
22 24  0.654816
22 25  0.624883
22 26  0.628299
22 27  0.644387
22 28  0.646650
22 29  0.625366
22 30  0.624560
23 24  0.608864
23 25  0.550829
23 26  0.590502
23 27  0.628221
23 28  0.653083
23 29  0.586964
23 30  0.551587
24 25  0.588287
24 26  0.554897
24 27  0.630227
24 28  0.654638
24 29  0.554946
24 30  0.587357
25 26  0.563005
25 27  0.600118
25 28  0.624852
25 29  0.559857
25 30  0.511203
26 27  0.603628
26 28  0.628220
26 29  0.513656
26 30  0.562470
27 28  0.653356
27 29  0.600687
27 30  0.599865
28 29  0.625301
28 30  0.624518
29 30  0.559263
