  -1146.52329740
  -1146.89652313
0.00008539409040
2 2 2 2 2 2 2 2 2 2 2 2 2 2 2 0 0 0 0 0 0 0 0 0 0 0 0 0 0 0 
1  0.325979
2  0.333653
3  0.307513
4  0.297898
5  0.313657
6  0.346841
7  0.358153
8  0.285193
9  0.344138
10  0.324571
11  0.336831
12  0.281565
13  0.311453
14  0.282159
15  0.282339
16  0.331758
17  0.340075
18  0.313954
19  0.303994
20  0.356223
21  0.337908
22  0.347197
23  0.313754
24  0.316298
25  0.284538
26  0.287549
27  0.322578
28  0.347246
29  0.284275
30  0.284527
1 2  0.622237
1 3  0.632715
1 4  0.623225
1 5  0.637918
1 6  0.669044
1 7  0.657395
1 8  0.610995
1 9  0.666937
1 10  0.645894
1 11  0.657821
1 12  0.607476
1 13  0.626300
1 14  0.606036
1 15  0.607405
1 16  0.384689
1 17  0.632228
1 18  0.639585
1 19  0.629927
1 20  0.669924
1 21  0.657372
1 22  0.671930
1 23  0.630954
1 24  0.640793
1 25  0.608429
1 26  0.613475
1 27  0.643833
1 28  0.672676
1 29  0.610197
1 30  0.610090
2 3  0.640630
2 4  0.630767
2 5  0.635898
2 6  0.677270
2 7  0.681990
2 8  0.616061
2 9  0.675699
2 10  0.655846
2 11  0.643189
2 12  0.613800
2 13  0.643992
2 14  0.615624
2 15  0.615911
2 16  0.631400
2 17  0.395296
2 18  0.647509
2 19  0.637172
2 20  0.685929
2 21  0.649147
2 22  0.680297
2 23  0.645599
2 24  0.640066
2 25  0.618163
2 26  0.618707
2 27  0.651126
2 28  0.680142
2 29  0.617444
2 30  0.618115
3 4  0.561233
3 5  0.621147
3 6  0.645502
3 7  0.662692
3 8  0.592703
3 9  0.622371
3 10  0.629888
3 11  0.642946
3 12  0.589076
3 13  0.618924
3 14  0.589663
3 15  0.589847
3 16  0.638921
3 17  0.647507
3 18  0.309183
3 19  0.568209
3 20  0.663194
3 21  0.644661
3 22  0.630328
3 23  0.621116
3 24  0.623806
3 25  0.591944
3 26  0.595031
3 27  0.623770
3 28  0.650015
3 29  0.591770
3 30  0.592013
4 5  0.611507
4 6  0.618648
4 7  0.652370
4 8  0.583080
4 9  0.636425
4 10  0.619593
4 11  0.632145
4 12  0.579455
4 13  0.609321
4 14  0.580054
4 15  0.580237
4 16  0.629610
4 17  0.637485
4 18  0.568705
4 19  0.299923
4 20  0.653373
4 21  0.634321
4 22  0.637957
4 23  0.611643
4 24  0.614074
4 25  0.582394
4 26  0.585355
4 27  0.615491
4 28  0.630320
4 29  0.582144
4 30  0.582408
5 6  0.660262
5 7  0.671224
5 8  0.559081
5 9  0.657667
5 10  0.638190
5 11  0.649269
5 12  0.558588
5 13  0.617361
5 14  0.594673
5 15  0.594035
5 16  0.644354
5 17  0.643403
5 18  0.627600
5 19  0.617519
5 20  0.669780
5 21  0.648731
5 22  0.660837
5 23  0.617732
5 24  0.388085
5 25  0.597849
5 26  0.552545
5 27  0.635492
5 28  0.660801
5 29  0.550229
5 30  0.595963
6 7  0.682912
6 8  0.631986
6 9  0.649488
6 10  0.659246
6 11  0.673911
6 12  0.628381
6 13  0.658049
6 14  0.628967
6 15  0.629175
6 16  0.678047
6 17  0.686072
6 18  0.655202
6 19  0.635293
6 20  0.696896
6 21  0.680729
6 22  0.656007
6 23  0.660493
6 24  0.663051
6 25  0.631263
6 26  0.634276
6 27  0.653222
6 28  0.437954
6 29  0.631068
6 30  0.631345
7 8  0.643265
7 9  0.690863
7 10  0.664705
7 11  0.658709
7 12  0.639683
7 13  0.667998
7 14  0.639989
7 15  0.640394
7 16  0.677103
7 17  0.693561
7 18  0.671451
7 19  0.661389
7 20  0.464980
7 21  0.662019
7 22  0.701263
7 23  0.670526
7 24  0.674309
7 25  0.642166
7 26  0.645648
7 27  0.659724
7 28  0.699131
7 29  0.642379
7 30  0.642602
8 9  0.629317
8 10  0.609741
8 11  0.621595
8 12  0.518176
8 13  0.595843
8 14  0.567261
8 15  0.567305
8 16  0.616860
8 17  0.622718
8 18  0.599079
8 19  0.589056
8 20  0.641297
8 21  0.622297
8 22  0.632341
8 23  0.598587
8 24  0.552970
8 25  0.569641
8 26  0.294799
8 27  0.607706
8 28  0.632267
8 29  0.516003
8 30  0.569607
9 10  0.646342
9 11  0.675525
9 12  0.625700
9 13  0.655338
9 14  0.626247
9 15  0.626462
9 16  0.674607
9 17  0.683596
9 18  0.632530
9 19  0.640239
9 20  0.696760
9 21  0.678389
9 22  0.442050
9 23  0.657474
9 24  0.660402
9 25  0.628466
9 26  0.631673
9 27  0.641556
9 28  0.653677
9 29  0.628401
9 30  0.628631
10 11  0.639963
10 12  0.606106
10 13  0.635557
10 14  0.606570
10 15  0.606867
10 16  0.651652
10 17  0.659112
10 18  0.631928
10 19  0.623683
10 20  0.660084
10 21  0.636282
10 22  0.646082
10 23  0.637184
10 24  0.640041
10 25  0.608853
10 26  0.612008
10 27  0.451330
10 28  0.655721
10 29  0.608838
10 30  0.609084
11 12  0.618133
11 13  0.648031
11 14  0.618825
11 15  0.619126
11 16  0.661357
11 17  0.653204
11 18  0.649900
11 19  0.639333
11 20  0.659531
11 21  0.452950
11 22  0.680288
11 23  0.649545
11 24  0.650365
11 25  0.621298
11 26  0.623657
11 27  0.633773
11 28  0.680495
11 29  0.621003
11 30  0.621341
12 13  0.591418
12 14  0.563463
12 15  0.563352
12 16  0.613226
12 17  0.621186
12 18  0.595473
12 19  0.585507
12 20  0.637674
12 21  0.619359
12 22  0.628719
12 23  0.593434
12 24  0.551874
12 25  0.565969
12 26  0.514738
12 27  0.604139
12 28  0.628729
12 29  0.289441
12 30  0.565167
13 14  0.555565
13 15  0.555668
13 16  0.633515
13 17  0.650213
13 18  0.625228
13 19  0.615424
13 20  0.666106
13 21  0.648346
13 22  0.658185
13 23  0.384614
13 24  0.618398
13 25  0.548879
13 26  0.598706
13 27  0.632878
13 28  0.658555
13 29  0.593934
13 30  0.547117
14 15  0.516552
14 16  0.611821
14 17  0.622162
14 18  0.595965
14 19  0.586069
14 20  0.637692
14 21  0.620043
14 22  0.629099
14 23  0.548182
14 24  0.597985
14 25  0.291981
14 26  0.569617
14 27  0.604496
14 28  0.629216
14 29  0.566265
14 30  0.514201
15 16  0.613721
15 17  0.622297
15 18  0.596251
15 19  0.586295
15 20  0.638448
15 21  0.620194
15 22  0.629493
15 23  0.549494
15 24  0.596314
15 25  0.512564
15 26  0.569794
15 27  0.604909
15 28  0.629534
15 29  0.565678
15 30  0.288913
16 17  0.631656
16 18  0.644794
16 19  0.634937
16 20  0.660057
16 21  0.664777
16 22  0.675424
16 23  0.632842
16 24  0.646323
16 25  0.613705
16 26  0.619089
16 27  0.649361
16 28  0.674798
16 29  0.615937
16 30  0.614950
17 18  0.653393
17 19  0.643138
17 20  0.686752
17 21  0.650525
17 22  0.684954
17 23  0.652735
17 24  0.643248
17 25  0.624392
17 26  0.624297
17 27  0.659822
17 28  0.683803
17 29  0.622296
17 30  0.624516
18 19  0.571589
18 20  0.667001
18 21  0.650260
18 22  0.630227
18 23  0.627646
18 24  0.630221
18 25  0.598481
18 26  0.601500
18 27  0.633806
18 28  0.652462
18 29  0.598227
18 30  0.598473
19 20  0.656126
19 21  0.638958
19 22  0.645428
19 23  0.617703
19 24  0.620225
19 25  0.588528
19 26  0.591529
19 27  0.623402
19 28  0.623076
19 29  0.588259
19 30  0.588519
20 21  0.656126
20 22  0.691956
20 23  0.668068
20 24  0.671924
20 25  0.640391
20 26  0.643691
20 27  0.660706
20 28  0.680603
20 29  0.640450
20 30  0.640603
21 22  0.679005
21 23  0.651421
21 24  0.652674
21 25  0.622275
21 26  0.624990
21 27  0.640543
21 28  0.674985
21 29  0.621899
21 30  0.622384
22 23  0.660629
22 24  0.663340
22 25  0.631675
22 26  0.634728
22 27  0.648401
22 28  0.651017
22 29  0.631465
22 30  0.631699
23 24  0.620480
23 25  0.560320
23 26  0.600146
23 27  0.635765
23 28  0.660685
23 29  0.596227
23 30  0.560929
24 25  0.599332
24 26  0.564419
24 27  0.638819
24 28  0.663258
24 29  0.564340
24 30  0.598688
25 26  0.571992
25 27  0.606944
25 28  0.631742
25 29  0.568490
25 30  0.520297
26 27  0.610105
26 28  0.634741
26 29  0.522483
26 30  0.571802
27 28  0.657806
27 29  0.606830
27 30  0.607052
28 29  0.631490
28 30  0.631758
29 30  0.568234
