  -1146.52197774
  -1146.88487210
0.00020223719700
2 2 2 2 2 2 2 2 2 2 2 2 2 2 2 0 0 0 0 0 0 0 0 0 0 0 0 0 0 0 
1  0.296439
2  0.285738
3  0.264930
4  0.271761
5  0.275772
6  0.324399
7  0.305136
8  0.297800
9  0.295845
10  0.271626
11  0.294118
12  0.315369
13  0.270085
14  0.294888
15  0.307548
16  0.291577
17  0.301316
18  0.269466
19  0.275750
20  0.276965
21  0.307221
22  0.297037
23  0.324533
24  0.300969
25  0.295580
26  0.272489
27  0.300541
28  0.269771
29  0.307833
30  0.318091
1 2  0.537646
1 3  0.561363
1 4  0.568197
1 5  0.572210
1 6  0.613017
1 7  0.600449
1 8  0.594197
1 9  0.592183
1 10  0.568062
1 11  0.590550
1 12  0.587076
1 13  0.566523
1 14  0.589667
1 15  0.601494
1 16  0.291825
1 17  0.546925
1 18  0.565891
1 19  0.572120
1 20  0.573385
1 21  0.596851
1 22  0.593340
1 23  0.609669
1 24  0.596845
1 25  0.592001
1 26  0.568897
1 27  0.596638
1 28  0.566187
1 29  0.602600
1 30  0.604726
2 3  0.550665
2 4  0.557498
2 5  0.561510
2 6  0.589963
2 7  0.588990
2 8  0.583434
2 9  0.581528
2 10  0.557340
2 11  0.579854
2 12  0.595180
2 13  0.555811
2 14  0.579110
2 15  0.588464
2 16  0.537188
2 17  0.290392
2 18  0.555198
2 19  0.561466
2 20  0.562699
2 21  0.587874
2 22  0.582727
2 23  0.607796
2 24  0.586591
2 25  0.581267
2 26  0.558204
2 27  0.586052
2 28  0.555453
2 29  0.593136
2 30  0.578599
3 4  0.532178
3 5  0.534563
3 6  0.589301
3 7  0.570004
3 8  0.561388
3 9  0.529893
3 10  0.536416
3 11  0.538152
3 12  0.580284
3 13  0.534672
3 14  0.559403
3 15  0.572429
3 16  0.556487
3 17  0.566226
3 18  0.257857
3 19  0.539644
3 20  0.538829
3 21  0.572147
3 22  0.533119
3 23  0.589414
3 24  0.530313
3 25  0.558077
3 26  0.535953
3 27  0.565390
3 28  0.534375
3 29  0.572655
3 30  0.583007
4 5  0.501318
4 6  0.596141
4 7  0.576878
4 8  0.569481
4 9  0.562590
4 10  0.543371
4 11  0.538821
4 12  0.587112
4 13  0.541818
4 14  0.566396
4 15  0.579273
4 16  0.563322
4 17  0.573074
4 18  0.539996
4 19  0.270349
4 20  0.498612
4 21  0.578803
4 22  0.531132
4 23  0.596272
4 24  0.571075
4 25  0.567159
4 26  0.544188
4 27  0.572297
4 28  0.541521
4 29  0.578683
4 30  0.589852
5 6  0.600167
5 7  0.580898
5 8  0.573463
5 9  0.568592
5 10  0.547374
5 11  0.541994
5 12  0.591138
5 13  0.545818
5 14  0.570604
5 15  0.583316
5 16  0.567348
5 17  0.577088
5 18  0.541028
5 19  0.498349
5 20  0.270763
5 21  0.582933
5 22  0.536652
5 23  0.600305
5 24  0.575847
5 25  0.570757
5 26  0.548016
5 27  0.576307
5 28  0.545527
5 29  0.583441
5 30  0.593859
6 7  0.621000
6 8  0.621626
6 9  0.619490
6 10  0.595935
6 11  0.618468
6 12  0.602646
6 13  0.594452
6 14  0.605503
6 15  0.608433
6 16  0.613050
6 17  0.614023
6 18  0.593851
6 19  0.600037
6 20  0.601344
6 21  0.586637
6 22  0.621236
6 23  0.604943
6 24  0.624817
6 25  0.619921
6 26  0.596810
6 27  0.623770
6 28  0.594011
6 29  0.628379
6 30  0.483605
7 8  0.594220
7 9  0.600134
7 10  0.574379
7 11  0.599191
7 12  0.616225
7 13  0.573891
7 14  0.565189
7 15  0.590597
7 16  0.596186
7 17  0.604849
7 18  0.574583
7 19  0.580809
7 20  0.582031
7 21  0.596958
7 22  0.602141
7 23  0.625945
7 24  0.603665
7 25  0.589753
7 26  0.577466
7 27  0.364867
7 28  0.573064
7 29  0.571990
7 30  0.618514
8 9  0.585195
8 10  0.532278
8 11  0.591624
8 12  0.612988
8 13  0.532932
8 14  0.591370
8 15  0.604757
8 16  0.589279
8 17  0.598686
8 18  0.564571
8 19  0.573419
8 20  0.574080
8 21  0.602840
8 22  0.594569
8 23  0.621956
8 24  0.586446
8 25  0.363502
8 26  0.526992
8 27  0.591646
8 28  0.520047
8 29  0.603573
8 30  0.615004
9 10  0.566480
9 11  0.575069
9 12  0.610600
9 13  0.563962
9 14  0.581805
9 15  0.602496
9 16  0.587330
9 17  0.597158
9 18  0.527268
9 19  0.569347
9 20  0.571950
9 21  0.599966
9 22  0.569886
9 23  0.620276
9 24  0.349693
9 25  0.582116
9 26  0.565878
9 27  0.595727
9 28  0.565209
9 29  0.591947
9 30  0.613826
10 11  0.565716
10 12  0.586980
10 13  0.495696
10 14  0.566372
10 15  0.578916
10 16  0.563028
10 17  0.572597
10 18  0.540991
10 19  0.547369
10 20  0.548567
10 21  0.578440
10 22  0.568551
10 23  0.595662
10 24  0.572415
10 25  0.524711
10 26  0.490155
10 27  0.569895
10 28  0.277997
10 29  0.579425
10 30  0.589146
11 12  0.609432
11 13  0.564140
11 14  0.588264
11 15  0.601538
11 16  0.585643
11 17  0.595411
11 18  0.536671
11 19  0.534364
11 20  0.532538
11 21  0.601091
11 22  0.363317
11 23  0.618552
11 24  0.570303
11 25  0.589403
11 26  0.566402
11 27  0.594645
11 28  0.563698
11 29  0.600577
11 30  0.612200
12 13  0.585444
12 14  0.603198
12 15  0.599134
12 16  0.581101
12 17  0.605847
12 18  0.584824
12 19  0.590959
12 20  0.592295
12 21  0.597332
12 22  0.612141
12 23  0.481786
12 24  0.615158
12 25  0.610766
12 26  0.587827
12 27  0.613462
12 28  0.585134
12 29  0.618605
12 30  0.589068
13 14  0.564885
13 15  0.577433
13 16  0.561562
13 17  0.571255
13 18  0.538471
13 19  0.545816
13 20  0.546801
13 21  0.577274
13 22  0.566940
13 23  0.594416
13 24  0.569293
13 25  0.518861
13 26  0.275862
13 27  0.570101
13 28  0.491869
13 29  0.577846
13 30  0.588008
14 15  0.591342
14 16  0.586240
14 17  0.595912
14 18  0.564210
14 19  0.569817
14 20  0.571664
14 21  0.574095
14 22  0.590576
14 23  0.618308
14 24  0.588244
14 25  0.589542
14 26  0.567283
14 27  0.562769
14 28  0.564600
14 29  0.363561
14 30  0.610796
15 16  0.593797
15 17  0.602486
15 18  0.577004
15 19  0.583083
15 20  0.584443
15 21  0.517891
15 22  0.604328
15 23  0.587638
15 24  0.606233
15 25  0.600200
15 26  0.580031
15 27  0.580138
15 28  0.577015
15 29  0.599500
15 30  0.600008
16 17  0.546269
16 18  0.561039
16 19  0.567323
16 20  0.568539
16 21  0.593448
16 22  0.588604
16 23  0.593712
16 24  0.592407
16 25  0.587055
16 26  0.564064
16 27  0.590096
16 28  0.561340
16 29  0.597379
16 30  0.603541
17 18  0.570781
17 19  0.577065
17 20  0.578280
17 21  0.605569
17 22  0.598351
17 23  0.618162
17 24  0.602228
17 25  0.596764
17 26  0.573799
17 27  0.599887
17 28  0.571068
17 29  0.607857
17 30  0.593399
18 19  0.539930
18 20  0.539828
18 21  0.576585
18 22  0.543264
18 23  0.593996
18 24  0.540329
18 25  0.563584
18 26  0.541423
18 27  0.569974
18 28  0.538938
18 29  0.576443
18 30  0.587549
19 20  0.505894
19 21  0.582956
19 22  0.544454
19 23  0.600271
19 24  0.571215
19 25  0.571230
19 26  0.548212
19 27  0.576258
19 28  0.545512
19 29  0.583253
19 30  0.593838
20 21  0.584179
20 22  0.547272
20 23  0.601491
20 24  0.573343
20 25  0.572422
20 26  0.549428
20 27  0.577484
20 28  0.546722
20 29  0.584663
20 30  0.595054
21 22  0.604147
21 23  0.608474
21 24  0.607286
21 25  0.601963
21 26  0.579583
21 27  0.596039
21 28  0.576641
21 29  0.594289
21 30  0.603063
22 23  0.621536
22 24  0.583654
22 25  0.592210
22 26  0.569412
22 27  0.597527
22 28  0.566746
22 29  0.603666
22 30  0.615123
23 24  0.624888
23 25  0.619163
23 26  0.596994
23 27  0.610023
23 28  0.594191
23 29  0.623880
23 30  0.603434
24 25  0.587757
24 26  0.570965
24 27  0.600185
24 28  0.568869
24 29  0.597150
24 30  0.618838
25 26  0.531845
25 27  0.586139
25 28  0.530592
25 29  0.602697
25 30  0.612934
26 27  0.572058
26 28  0.496174
26 29  0.580190
26 30  0.590546
27 28  0.568467
27 29  0.571772
27 30  0.610726
28 29  0.577305
28 30  0.587732
29 30  0.620982
