  -1146.52197774
  -1146.88726903
0.00012839020300
2 2 2 2 2 2 2 2 2 2 2 2 2 2 2 0 0 0 0 0 0 0 0 0 0 0 0 0 0 0 
1  0.299627
2  0.288783
3  0.268162
4  0.273788
5  0.277593
6  0.329707
7  0.312169
8  0.304986
9  0.304398
10  0.277391
11  0.297423
12  0.320478
13  0.275361
14  0.304437
15  0.313032
16  0.294622
17  0.304609
18  0.272901
19  0.278031
20  0.278881
21  0.312517
22  0.300527
23  0.329583
24  0.309842
25  0.302369
26  0.277739
27  0.307456
28  0.275653
29  0.317818
30  0.322681
1 2  0.544011
1 3  0.567782
1 4  0.573412
1 5  0.577218
1 6  0.621381
1 7  0.610504
1 8  0.604556
1 9  0.603871
1 10  0.577011
1 11  0.597041
1 12  0.594466
1 13  0.574987
1 14  0.602056
1 15  0.610086
1 16  0.298001
1 17  0.553673
1 18  0.572508
1 19  0.577559
1 20  0.578485
1 21  0.605298
1 22  0.599965
1 23  0.617624
1 24  0.608865
1 25  0.601985
1 26  0.577323
1 27  0.606732
1 28  0.575235
1 29  0.615652
1 30  0.612563
2 3  0.556943
2 4  0.562570
2 5  0.566375
2 6  0.597486
2 7  0.598849
2 8  0.593633
2 9  0.593090
2 10  0.566139
2 11  0.586203
2 12  0.603269
2 13  0.564127
2 14  0.591367
2 15  0.596848
2 16  0.543491
2 17  0.296571
2 18  0.561672
2 19  0.566778
2 20  0.567660
2 21  0.596029
2 22  0.589233
2 23  0.615883
2 24  0.598501
2 25  0.591044
2 26  0.566487
2 27  0.595922
2 28  0.564325
2 29  0.606162
2 30  0.586147
3 4  0.537231
3 5  0.539346
3 6  0.597841
3 7  0.580273
3 8  0.571716
3 9  0.541868
3 10  0.545397
3 11  0.544519
3 12  0.588619
3 13  0.543145
3 14  0.572071
3 15  0.581135
3 16  0.562770
3 17  0.572742
3 18  0.263941
3 19  0.545082
3 20  0.543876
3 21  0.580652
3 22  0.539857
3 23  0.597706
3 24  0.542653
3 25  0.568110
3 26  0.544438
3 27  0.575571
3 28  0.543482
3 29  0.585849
3 30  0.590808
4 5  0.505451
4 6  0.603468
4 7  0.585931
4 8  0.578685
4 9  0.572804
4 10  0.551151
4 11  0.544078
4 12  0.594241
4 13  0.549110
4 14  0.577884
4 15  0.586768
4 16  0.568380
4 17  0.578391
4 18  0.545391
4 19  0.274563
4 20  0.502857
4 21  0.586052
4 22  0.536628
4 23  0.603332
4 24  0.581924
4 25  0.575973
4 26  0.551458
4 27  0.581243
4 28  0.549428
4 29  0.590574
4 30  0.596469
5 6  0.607292
5 7  0.589749
5 8  0.582456
5 9  0.578743
5 10  0.554943
5 11  0.547124
5 12  0.598064
5 13  0.552905
5 14  0.581933
5 15  0.590616
5 16  0.572214
5 17  0.582201
5 18  0.546222
5 19  0.502741
5 20  0.274427
5 21  0.590042
5 22  0.542015
5 23  0.607176
5 24  0.586492
5 25  0.579286
5 26  0.555063
5 27  0.585031
5 28  0.553229
5 29  0.595208
5 30  0.600265
6 7  0.633002
6 8  0.634075
6 9  0.633083
6 10  0.606992
6 11  0.627069
6 12  0.612972
6 13  0.605025
6 14  0.619171
6 15  0.619475
6 16  0.621407
6 17  0.622334
6 18  0.602586
6 19  0.607599
6 20  0.608570
6 21  0.596854
6 22  0.630000
6 23  0.615436
6 24  0.638984
6 25  0.632003
6 26  0.607364
6 27  0.635926
6 28  0.605180
6 29  0.643352
6 30  0.492624
7 8  0.607741
7 9  0.615608
7 10  0.586878
7 11  0.609490
7 12  0.628069
7 13  0.586013
7 14  0.581905
7 15  0.602510
7 16  0.606262
7 17  0.615056
7 18  0.585041
7 19  0.590135
7 20  0.590973
7 21  0.609280
7 22  0.612652
7 23  0.637774
7 24  0.619520
7 25  0.603335
7 26  0.589706
7 27  0.378005
7 28  0.585908
7 29  0.589409
7 30  0.629995
8 9  0.600388
8 10  0.544575
8 11  0.602047
8 12  0.625254
8 13  0.544991
8 14  0.607952
8 15  0.617368
8 16  0.599517
8 17  0.609144
8 18  0.575111
8 19  0.582860
8 20  0.583140
8 21  0.615336
8 22  0.605239
8 23  0.634158
8 24  0.602189
8 25  0.376512
8 26  0.538722
8 27  0.605576
8 28  0.532245
8 29  0.620693
8 30  0.626776
9 10  0.580723
9 11  0.586621
9 12  0.624070
9 13  0.577653
9 14  0.597936
9 15  0.616362
9 16  0.598844
9 17  0.609002
9 18  0.539608
9 19  0.580098
9 20  0.582355
9 21  0.613695
9 22  0.581885
9 23  0.633836
9 24  0.365704
9 25  0.597304
9 26  0.579652
9 27  0.611126
9 28  0.579562
9 29  0.609605
9 30  0.626953
10 11  0.574776
10 12  0.597846
10 13  0.505845
10 14  0.581667
10 15  0.590094
10 16  0.571803
10 17  0.581591
10 18  0.550185
10 19  0.555416
10 20  0.556252
10 21  0.589518
10 22  0.577788
10 23  0.606433
10 24  0.586991
10 25  0.536495
10 26  0.500355
10 27  0.582517
10 28  0.287691
10 29  0.595157
10 30  0.599481
11 12  0.617835
11 13  0.572715
11 14  0.600996
11 15  0.610296
11 16  0.591931
11 17  0.601975
11 18  0.543411
11 19  0.539959
11 20  0.537793
11 21  0.609644
11 22  0.369936
11 23  0.626824
11 24  0.582381
11 25  0.599475
11 26  0.574950
11 27  0.604844
11 28  0.572862
11 29  0.613803
11 30  0.620077
12 13  0.595826
12 14  0.617203
12 15  0.609277
12 16  0.588918
12 17  0.614297
12 18  0.593363
12 19  0.598310
12 20  0.599314
12 21  0.607535
12 22  0.620698
12 23  0.491375
12 24  0.629170
12 25  0.622649
12 26  0.598180
12 27  0.625349
12 28  0.596121
12 29  0.633487
12 30  0.598954
13 14  0.579712
13 15  0.588130
13 16  0.569854
13 17  0.579797
13 18  0.547125
13 19  0.553368
13 20  0.553981
13 21  0.587847
13 22  0.575690
13 23  0.604719
13 24  0.583400
13 25  0.530178
13 26  0.285004
13 27  0.582230
13 28  0.502241
13 29  0.593106
13 30  0.597886
14 15  0.606129
14 16  0.598738
14 17  0.608727
14 18  0.577133
14 19  0.581579
14 20  0.583115
14 21  0.588675
14 22  0.603699
14 23  0.632842
14 24  0.606244
14 25  0.605848
14 26  0.582089
14 27  0.579240
14 28  0.580027
14 29  0.381455
14 30  0.624787
15 16  0.602208
15 17  0.611208
15 18  0.585919
15 19  0.590822
15 20  0.591824
15 21  0.528806
15 22  0.613297
15 23  0.597687
15 24  0.620610
15 25  0.612570
15 26  0.590761
15 27  0.592202
15 28  0.588340
15 29  0.614802
15 30  0.609962
16 17  0.552781
16 18  0.567518
16 19  0.572648
16 20  0.573500
16 21  0.601618
16 22  0.595134
16 23  0.601019
16 24  0.604259
16 25  0.596861
16 26  0.572359
16 27  0.599787
16 28  0.570266
16 29  0.610081
16 30  0.611165
17 18  0.577509
17 19  0.582638
17 20  0.583489
17 21  0.614006
17 22  0.605133
17 23  0.626427
17 24  0.614361
17 25  0.606809
17 26  0.582336
17 27  0.609782
17 28  0.580236
17 29  0.620914
17 30  0.600550
18 19  0.545453
18 20  0.544947
18 21  0.585309
18 22  0.550049
18 23  0.602477
18 24  0.552756
18 25  0.573653
18 26  0.550063
18 27  0.580324
18 28  0.548216
18 29  0.589649
18 30  0.595576
19 20  0.510345
19 21  0.590530
19 22  0.550006
19 23  0.607596
19 24  0.581962
19 25  0.580295
19 26  0.555738
19 27  0.585450
19 28  0.553668
19 29  0.595422
19 30  0.600705
20 21  0.591389
20 22  0.552682
20 23  0.608454
20 24  0.583848
20 25  0.581111
20 26  0.556593
20 27  0.586309
20 28  0.554513
20 29  0.596520
20 30  0.601559
21 22  0.612916
21 23  0.618915
21 24  0.621261
21 25  0.613963
21 26  0.590114
21 27  0.608256
21 28  0.587755
21 29  0.608786
21 30  0.612582
22 23  0.630066
22 24  0.595676
22 25  0.602435
22 26  0.578139
22 27  0.607918
22 28  0.576101
22 29  0.616861
22 30  0.623199
23 24  0.638663
23 25  0.630871
23 26  0.607286
23 27  0.620958
23 28  0.605103
23 29  0.638437
23 30  0.613146
24 25  0.602980
24 26  0.584932
24 27  0.615795
24 28  0.583505
24 29  0.613971
24 30  0.632193
25 26  0.543357
25 27  0.599121
25 28  0.542512
25 29  0.619366
25 30  0.624214
26 27  0.584069
26 28  0.506519
26 29  0.595418
26 30  0.600373
27 28  0.581000
27 29  0.588579
27 30  0.621814
28 29  0.593128
28 30  0.598183
29 30  0.635127
