  -1146.52197774
  -1146.88826792
0.00005529865720
2 2 2 2 2 2 2 2 2 2 2 2 2 2 2 0 0 0 0 0 0 0 0 0 0 0 0 0 0 0 
1  0.300933
2  0.289907
3  0.269951
4  0.274664
5  0.278350
6  0.331710
7  0.315380
8  0.308507
9  0.308929
10  0.280067
11  0.299040
12  0.322529
13  0.278068
14  0.309215
15  0.315291
16  0.295859
17  0.305908
18  0.274717
19  0.278992
20  0.279658
21  0.314773
22  0.302216
23  0.331514
24  0.314310
25  0.305683
26  0.280608
27  0.310728
28  0.278353
29  0.322762
30  0.324543
1 2  0.546526
1 3  0.570875
1 4  0.575590
1 5  0.579280
1 6  0.624620
1 7  0.614952
1 8  0.609374
1 9  0.609659
1 10  0.580993
1 11  0.599959
1 12  0.597539
1 13  0.578998
1 14  0.608033
1 15  0.613607
1 16  0.300510
1 17  0.556460
1 18  0.575625
1 19  0.579801
1 20  0.580564
1 21  0.608849
1 22  0.602927
1 23  0.620806
1 24  0.614596
1 25  0.606602
1 26  0.581484
1 27  0.611298
1 28  0.579228
1 29  0.621852
1 30  0.615756
2 3  0.559856
2 4  0.564568
2 5  0.568256
2 6  0.600396
2 7  0.603077
2 8  0.598259
2 9  0.598709
2 10  0.569933
2 11  0.588942
2 12  0.606430
2 13  0.567950
2 14  0.597134
2 15  0.600173
2 16  0.545969
2 17  0.298970
2 18  0.564605
2 19  0.568854
2 20  0.569560
2 21  0.599347
2 22  0.592034
2 23  0.618917
2 24  0.604104
2 25  0.595468
2 26  0.570469
2 27  0.600289
2 28  0.568110
2 29  0.612223
2 30  0.589176
3 4  0.539842
3 5  0.541858
3 6  0.601632
3 7  0.585272
3 8  0.576914
3 9  0.548238
3 10  0.549850
3 11  0.547921
3 12  0.592457
3 13  0.547617
3 14  0.578549
3 15  0.585182
3 16  0.565780
3 17  0.575807
3 18  0.267257
3 19  0.547818
3 20  0.546454
3 21  0.584706
3 22  0.543399
3 23  0.601411
3 24  0.549050
3 25  0.573176
3 26  0.549096
3 27  0.580633
3 28  0.547960
3 29  0.592548
3 30  0.594427
4 5  0.507200
4 6  0.606331
4 7  0.590011
4 8  0.583078
4 9  0.578111
4 10  0.554702
4 11  0.546576
4 12  0.597151
4 13  0.552687
4 14  0.583509
4 15  0.589884
4 16  0.570482
4 17  0.580563
4 18  0.548062
4 19  0.276401
4 20  0.504642
4 21  0.589183
4 22  0.539247
4 23  0.606133
4 24  0.587264
4 25  0.580160
4 26  0.555200
4 27  0.585390
4 28  0.553005
4 29  0.596330
4 30  0.599206
5 6  0.610047
5 7  0.593718
5 8  0.586724
5 9  0.583955
5 10  0.558365
5 11  0.549568
5 12  0.600865
5 13  0.556361
5 14  0.587461
5 15  0.593628
5 16  0.574208
5 17  0.584258
5 18  0.548804
5 19  0.504608
5 20  0.276001
5 21  0.593063
5 22  0.544529
5 23  0.609864
5 24  0.591695
5 25  0.583311
5 26  0.558678
5 27  0.589047
5 28  0.556682
5 29  0.600907
5 30  0.602884
6 7  0.638132
6 8  0.639570
6 9  0.639432
6 10  0.611669
6 11  0.630665
6 12  0.617039
6 13  0.609728
6 14  0.625430
6 15  0.623888
6 16  0.624634
6 17  0.625574
6 18  0.606385
6 19  0.610554
6 20  0.611351
6 21  0.600998
6 22  0.633664
6 23  0.619520
6 24  0.645459
6 25  0.637311
6 26  0.612238
6 27  0.641185
6 28  0.609872
6 29  0.650162
6 30  0.496325
7 8  0.614162
7 9  0.623259
7 10  0.592608
7 11  0.614298
7 12  0.633222
7 13  0.591732
7 14  0.590018
7 15  0.607780
7 16  0.610709
7 17  0.619515
7 18  0.590060
7 19  0.594303
7 20  0.594944
7 21  0.614734
7 22  0.617554
7 23  0.642828
7 24  0.627145
7 25  0.609844
7 26  0.595743
7 27  0.384211
7 28  0.591734
7 29  0.597789
7 30  0.635017
8 9  0.608032
8 10  0.550517
8 11  0.607140
8 12  0.630801
8 13  0.550901
8 14  0.616170
8 15  0.623124
8 16  0.604282
8 17  0.613926
8 18  0.580428
8 19  0.587341
8 20  0.587390
8 21  0.621133
8 22  0.610427
8 23  0.639634
8 24  0.610172
8 25  0.383488
8 26  0.544519
8 27  0.612295
8 28  0.538094
8 29  0.629148
8 30  0.632177
9 10  0.587900
9 11  0.592686
9 12  0.630506
9 13  0.584812
9 14  0.605985
9 15  0.623023
9 16  0.604580
9 17  0.614830
9 18  0.546082
9 19  0.585573
9 20  0.587644
9 21  0.620420
9 22  0.588126
9 23  0.640280
9 24  0.374267
9 25  0.605038
9 26  0.587052
9 27  0.618857
9 28  0.586766
9 29  0.618876
9 30  0.633327
10 11  0.579064
10 12  0.602570
10 13  0.510880
10 14  0.589114
10 15  0.594987
10 16  0.575685
10 17  0.585515
10 18  0.554671
10 19  0.559054
10 20  0.559703
10 21  0.594452
10 22  0.582145
10 23  0.611030
10 24  0.594113
10 25  0.542313
10 26  0.505364
10 27  0.588434
10 28  0.292545
10 29  0.602770
10 30  0.604008
11 12  0.621483
11 13  0.577035
11 14  0.607240
11 15  0.614138
11 16  0.594753
11 17  0.604881
11 18  0.546907
11 19  0.542577
11 20  0.540255
11 21  0.613509
11 22  0.373353
11 23  0.630361
11 24  0.588512
11 25  0.604380
11 26  0.579432
11 27  0.609716
11 28  0.577172
11 29  0.620314
11 30  0.623557
12 13  0.600580
12 14  0.623813
12 15  0.613393
12 16  0.592184
12 17  0.617663
12 18  0.597225
12 19  0.601297
12 20  0.602139
12 21  0.611747
12 22  0.624423
12 23  0.495260
12 24  0.635680
12 25  0.628015
12 26  0.603094
12 27  0.630604
12 28  0.600870
12 29  0.640424
12 30  0.603000
13 14  0.587192
13 15  0.593050
13 16  0.573781
13 17  0.583784
13 18  0.551647
13 19  0.557037
13 20  0.557454
13 21  0.592804
13 22  0.580077
13 23  0.609315
13 24  0.590588
13 25  0.535807
13 26  0.290455
13 27  0.588136
13 28  0.507318
13 29  0.600752
13 30  0.602450
14 15  0.613114
14 16  0.604715
14 17  0.614789
14 18  0.583688
14 19  0.587279
14 20  0.588671
14 21  0.595635
14 22  0.610125
14 23  0.639544
14 24  0.615091
14 25  0.613925
14 26  0.589733
14 27  0.587379
14 28  0.587493
14 29  0.390293
14 30  0.631347
15 16  0.605657
15 17  0.614746
15 18  0.589990
15 19  0.594021
15 20  0.594854
15 21  0.533510
15 22  0.617248
15 23  0.601725
15 24  0.627358
15 25  0.618150
15 26  0.595885
15 27  0.597688
15 28  0.593274
15 29  0.621983
15 30  0.614039
16 17  0.555409
16 18  0.570567
16 19  0.574842
16 20  0.575510
16 21  0.605030
16 22  0.598057
16 23  0.603938
16 24  0.609920
16 25  0.601397
16 26  0.576464
16 27  0.604218
16 28  0.574202
16 29  0.616109
16 30  0.614258
17 18  0.580623
17 19  0.584897
17 20  0.585563
17 21  0.617501
17 22  0.608121
17 23  0.629602
17 24  0.620107
17 25  0.611398
17 26  0.586496
17 27  0.614262
17 28  0.584226
17 29  0.627079
17 30  0.603494
18 19  0.548197
18 20  0.547517
18 21  0.589377
18 22  0.553553
18 23  0.606219
18 24  0.559107
18 25  0.578655
18 26  0.554717
18 27  0.585412
18 28  0.552710
18 29  0.596239
18 30  0.599249
19 20  0.512210
19 21  0.593737
19 22  0.552625
19 23  0.610477
19 24  0.587258
19 25  0.584566
19 26  0.559564
19 27  0.589675
19 28  0.557328
19 29  0.601271
19 30  0.603521
20 21  0.594415
20 22  0.555243
20 23  0.611151
20 24  0.588986
20 25  0.585183
20 26  0.560237
20 27  0.590351
20 28  0.557986
20 29  0.602223
20 30  0.604194
21 22  0.616842
21 23  0.623120
21 24  0.627868
21 25  0.619504
21 26  0.595221
21 27  0.613812
21 28  0.592672
21 29  0.615725
21 30  0.616562
22 23  0.633685
22 24  0.601728
22 25  0.607392
22 26  0.582692
22 27  0.612866
22 28  0.580480
22 29  0.623280
22 30  0.626748
23 24  0.644975
23 25  0.636054
23 26  0.612074
23 27  0.625788
23 28  0.609707
23 29  0.645160
23 30  0.617001
24 25  0.610381
24 26  0.592192
24 27  0.623425
24 28  0.590623
24 29  0.622116
24 30  0.638477
25 26  0.549150
25 27  0.605403
25 28  0.548424
25 29  0.627567
25 30  0.629349
26 27  0.590086
26 28  0.511630
26 29  0.603223
26 30  0.605086
27 28  0.586822
27 29  0.596679
27 30  0.626774
28 29  0.600752
28 30  0.602717
29 30  0.641735
