  -1146.51832179
  -1146.89231205
0.00009525009670
2 2 2 2 2 2 2 2 2 2 2 2 2 2 2 0 0 0 0 0 0 0 0 0 0 0 0 0 0 0 
1  0.280448
2  0.294960
3  0.304122
4  0.274298
5  0.278349
6  0.280461
7  0.326632
8  0.360745
9  0.343688
10  0.305249
11  0.334241
12  0.342594
13  0.320032
14  0.326421
15  0.334393
16  0.332962
17  0.294629
18  0.310199
19  0.300574
20  0.278895
21  0.280775
22  0.283523
23  0.329651
24  0.344346
25  0.303672
26  0.318369
27  0.325985
28  0.355515
29  0.345319
30  0.346530
1 2  0.575355
1 3  0.584492
1 4  0.550683
1 5  0.558558
1 6  0.560636
1 7  0.583174
1 8  0.637819
1 9  0.623691
1 10  0.584603
1 11  0.590388
1 12  0.622500
1 13  0.599184
1 14  0.605899
1 15  0.611312
1 16  0.611435
1 17  0.276953
1 18  0.590643
1 19  0.581003
1 20  0.553517
1 21  0.561088
1 22  0.563224
1 23  0.605263
1 24  0.624733
1 25  0.583292
1 26  0.598041
1 27  0.583985
1 28  0.635794
1 29  0.625720
1 30  0.604439
2 3  0.554624
2 4  0.569257
2 5  0.573308
2 6  0.575420
2 7  0.621537
2 8  0.652131
2 9  0.612836
2 10  0.600204
2 11  0.628647
2 12  0.631926
2 13  0.612783
2 14  0.619359
2 15  0.628747
2 16  0.627898
2 17  0.589530
2 18  0.299976
2 19  0.556008
2 20  0.573850
2 21  0.575733
2 22  0.578483
2 23  0.623945
2 24  0.635909
2 25  0.598622
2 26  0.608097
2 27  0.620943
2 28  0.650282
2 29  0.615871
2 30  0.641364
3 4  0.578419
3 5  0.582471
3 6  0.584583
3 7  0.630721
3 8  0.662050
3 9  0.638788
3 10  0.609368
3 11  0.637722
3 12  0.617736
3 13  0.622186
3 14  0.629576
3 15  0.638081
3 16  0.636979
3 17  0.598471
3 18  0.567007
3 19  0.299767
3 20  0.583000
3 21  0.584897
3 22  0.587644
3 23  0.632130
3 24  0.633781
3 25  0.607783
3 26  0.618029
3 27  0.630076
3 28  0.658588
3 29  0.641447
3 30  0.650080
4 5  0.548583
4 6  0.548533
4 7  0.572232
4 8  0.635028
4 9  0.617982
4 10  0.558131
4 11  0.608347
4 12  0.616890
4 13  0.594304
4 14  0.600583
4 15  0.607858
4 16  0.606948
4 17  0.563165
4 18  0.584477
4 19  0.574858
4 20  0.271856
4 21  0.553998
4 22  0.554342
4 23  0.603847
4 24  0.618600
4 25  0.550928
4 26  0.592661
4 27  0.563753
4 28  0.629671
4 29  0.619589
4 30  0.620328
5 6  0.512045
5 7  0.599682
5 8  0.639067
5 9  0.622029
5 10  0.555673
5 11  0.612515
5 12  0.620938
5 13  0.598378
5 14  0.604747
5 15  0.612376
5 16  0.610521
5 17  0.572805
5 18  0.588526
5 19  0.578916
5 20  0.556156
5 21  0.277400
5 22  0.508871
5 23  0.607888
5 24  0.622665
5 25  0.545737
5 26  0.596586
5 27  0.602404
5 28  0.633679
5 29  0.623612
5 30  0.624807
6 7  0.603669
6 8  0.641195
6 9  0.624146
6 10  0.557656
6 11  0.614652
6 12  0.623053
6 13  0.600492
6 14  0.606873
6 15  0.614741
6 16  0.613294
6 17  0.574144
6 18  0.590657
6 19  0.581034
6 20  0.555868
6 21  0.509580
6 22  0.277467
6 23  0.610056
6 24  0.624805
6 25  0.546300
6 26  0.598805
6 27  0.605580
6 28  0.635959
6 29  0.625774
6 30  0.626862
7 8  0.686062
7 9  0.669974
7 10  0.616685
7 11  0.656363
7 12  0.669004
7 13  0.646500
7 14  0.651762
7 15  0.645537
7 16  0.650993
7 17  0.595318
7 18  0.636676
7 19  0.627179
7 20  0.570387
7 21  0.605361
7 22  0.609345
7 23  0.654494
7 24  0.670881
7 25  0.606970
7 26  0.643870
7 27  0.400877
7 28  0.681208
7 29  0.671594
7 30  0.669105
8 9  0.681128
8 10  0.665936
8 11  0.669306
8 12  0.691490
8 13  0.659250
8 14  0.654835
8 15  0.683942
8 16  0.691131
8 17  0.653163
8 18  0.669889
8 19  0.661067
8 20  0.639453
8 21  0.641515
8 22  0.644263
8 23  0.571090
8 24  0.703086
8 25  0.664303
8 26  0.626163
8 27  0.686535
8 28  0.669667
8 29  0.700490
8 30  0.697888
9 10  0.648910
9 11  0.674350
9 12  0.643442
9 13  0.654260
9 14  0.661550
9 15  0.675046
9 16  0.676405
9 17  0.638068
9 18  0.638526
9 19  0.640260
9 20  0.622551
9 21  0.624457
9 22  0.627210
9 23  0.670081
9 24  0.649555
9 25  0.647317
9 26  0.634200
9 27  0.669667
9 28  0.697337
9 29  0.472131
9 30  0.689661
10 11  0.639362
10 12  0.647830
10 13  0.625277
10 14  0.631492
10 15  0.638198
10 16  0.636826
10 17  0.599115
10 18  0.615372
10 19  0.605791
10 20  0.555301
10 21  0.548782
10 22  0.551071
10 23  0.634873
10 24  0.649476
10 25  0.378065
10 26  0.623401
10 27  0.608430
10 28  0.660249
10 29  0.650413
10 30  0.651695
11 12  0.673677
11 13  0.648546
11 14  0.655106
11 15  0.628039
11 16  0.634141
11 17  0.611604
11 18  0.644329
11 19  0.634787
11 20  0.612684
11 21  0.615012
11 22  0.617720
11 23  0.640896
11 24  0.678346
11 25  0.637766
11 26  0.649188
11 27  0.657616
11 28  0.687649
11 29  0.679097
11 30  0.430903
12 13  0.641111
12 14  0.664683
12 15  0.675013
12 16  0.675038
12 17  0.636491
12 18  0.643874
12 19  0.618357
12 20  0.621449
12 21  0.623368
12 22  0.626111
12 23  0.667680
12 24  0.469272
12 25  0.646245
12 26  0.648809
12 27  0.668451
12 28  0.692947
12 29  0.647234
12 30  0.687696
13 14  0.625984
13 15  0.651761
13 16  0.649314
13 17  0.612781
13 18  0.625744
13 19  0.615265
13 20  0.598848
13 21  0.600784
13 22  0.603522
13 23  0.628549
13 24  0.637310
13 25  0.623703
13 26  0.578607
13 27  0.645170
13 28  0.623036
13 29  0.652716
13 30  0.662063
14 15  0.637398
14 16  0.636485
14 17  0.618575
14 18  0.634997
14 19  0.626149
14 20  0.605278
14 21  0.606965
14 22  0.609840
14 23  0.618357
14 24  0.667444
14 25  0.629886
14 26  0.624320
14 27  0.649247
14 28  0.563414
14 29  0.667376
14 30  0.664503
15 16  0.417210
15 17  0.624521
15 18  0.644020
15 19  0.634800
15 20  0.613131
15 21  0.614240
15 22  0.617711
15 23  0.656368
15 24  0.678134
15 25  0.636741
15 26  0.648526
15 27  0.647680
15 28  0.681367
15 29  0.678410
15 30  0.641986
16 17  0.622154
16 18  0.642474
16 19  0.632904
16 20  0.610857
16 21  0.613255
16 22  0.616318
16 23  0.657400
16 24  0.673352
16 25  0.635240
16 26  0.645686
16 27  0.642978
16 28  0.663180
16 29  0.675105
16 30  0.635578
17 18  0.604763
17 19  0.595095
17 20  0.569243
17 21  0.575225
17 22  0.577989
17 23  0.621269
17 24  0.638341
17 25  0.596631
17 26  0.612676
17 27  0.595038
17 28  0.648159
17 29  0.639565
17 30  0.610906
18 19  0.564020
18 20  0.589094
18 21  0.590973
18 22  0.593721
18 23  0.638689
18 24  0.645725
18 25  0.613868
18 26  0.626047
18 27  0.636111
18 28  0.662866
18 29  0.624957
18 30  0.656234
19 20  0.579469
19 21  0.581348
19 22  0.584096
19 23  0.627806
19 24  0.617092
19 25  0.604244
19 26  0.616508
19 27  0.626501
19 28  0.652130
19 29  0.640136
19 30  0.646372
20 21  0.553945
20 22  0.555457
20 23  0.608482
20 24  0.623238
20 25  0.560456
20 26  0.597239
20 27  0.574860
20 28  0.634349
20 29  0.624209
20 30  0.625250
21 22  0.516640
21 23  0.610390
21 24  0.625112
21 25  0.556690
21 26  0.599108
21 27  0.600939
21 28  0.636216
21 29  0.626083
21 30  0.627263
22 23  0.613163
22 24  0.627865
22 25  0.558751
22 26  0.601878
22 27  0.605461
22 28  0.639012
22 29  0.628837
22 30  0.630027
23 24  0.664741
23 25  0.633201
23 26  0.629041
23 27  0.655177
23 28  0.650470
23 29  0.669944
23 30  0.651682
24 25  0.647999
24 26  0.653198
24 27  0.669884
24 28  0.676303
24 29  0.644898
24 30  0.687385
25 26  0.621957
25 27  0.615356
25 28  0.659004
25 29  0.648967
25 30  0.650020
26 27  0.643470
26 28  0.652557
26 29  0.642933
26 30  0.661871
27 28  0.678851
27 29  0.670866
27 30  0.669610
28 29  0.689232
28 30  0.691269
29 30  0.689607
