  -1146.51832179
  -1146.89461537
0.00002897586250
2 2 2 2 2 2 2 2 2 2 2 2 2 2 2 0 0 0 0 0 0 0 0 0 0 0 0 0 0 0 
1  0.286438
2  0.298707
3  0.308172
4  0.277488
5  0.280621
6  0.282389
7  0.332766
8  0.369087
9  0.350171
10  0.308614
11  0.342127
12  0.349074
13  0.325814
14  0.333536
15  0.343682
16  0.342058
17  0.301012
18  0.314366
19  0.304623
20  0.282160
21  0.283005
22  0.285514
23  0.336233
24  0.350743
25  0.306793
26  0.324035
27  0.331859
28  0.364187
29  0.351873
30  0.354428
1 2  0.585052
1 3  0.594478
1 4  0.559635
1 5  0.566786
1 6  0.568520
1 7  0.594998
1 8  0.651573
1 9  0.635977
1 10  0.593875
1 11  0.602416
1 12  0.634802
1 13  0.610829
1 14  0.618963
1 15  0.626427
1 16  0.626475
1 17  0.288294
1 18  0.600800
1 19  0.590993
1 20  0.562719
1 21  0.569288
1 22  0.571133
1 23  0.617798
1 24  0.637068
1 25  0.592381
1 26  0.609612
1 27  0.595943
1 28  0.650436
1 29  0.638270
1 30  0.617931
2 3  0.562573
2 4  0.576195
2 5  0.579326
2 6  0.581095
2 7  0.631379
2 8  0.663630
2 9  0.621949
2 10  0.607314
2 11  0.640102
2 12  0.641992
2 13  0.622286
2 14  0.629910
2 15  0.641572
2 16  0.640690
2 17  0.599657
2 18  0.307939
2 19  0.564184
2 20  0.580852
2 21  0.581704
2 22  0.584221
2 23  0.634181
2 24  0.646075
2 25  0.605469
2 26  0.617411
2 27  0.630556
2 28  0.662654
2 29  0.626124
2 30  0.653021
3 4  0.585659
3 5  0.588792
3 6  0.590560
3 7  0.640875
3 8  0.674077
3 9  0.649151
3 10  0.616781
3 11  0.649453
3 12  0.627156
3 13  0.631759
3 14  0.640598
3 15  0.651254
3 16  0.650107
3 17  0.608830
3 18  0.575720
3 19  0.307823
3 20  0.590296
3 21  0.591175
3 22  0.593685
3 23  0.642710
3 24  0.643952
3 25  0.614941
3 26  0.627812
3 27  0.639999
3 28  0.671237
3 29  0.652177
3 30  0.661946
4 5  0.553838
4 6  0.553295
4 7  0.581630
4 8  0.646552
4 9  0.627656
4 10  0.564470
4 11  0.619419
4 12  0.626559
4 13  0.603268
4 14  0.610860
4 15  0.620187
4 16  0.619187
4 17  0.572720
4 18  0.591816
4 19  0.582075
4 20  0.277780
4 21  0.559339
4 22  0.559414
4 23  0.613598
4 24  0.628154
4 25  0.557233
4 26  0.601514
4 27  0.573071
4 28  0.641515
4 29  0.629310
4 30  0.631410
5 6  0.516516
5 7  0.607642
5 8  0.649666
5 9  0.630778
5 10  0.561076
5 11  0.622652
5 12  0.629686
5 13  0.606431
5 14  0.614120
5 15  0.623841
5 16  0.621840
5 17  0.581427
5 18  0.594951
5 19  0.585231
5 20  0.561619
5 21  0.281775
5 22  0.513443
5 23  0.616725
5 24  0.631323
5 25  0.551124
5 26  0.604505
5 27  0.610453
5 28  0.644616
5 29  0.632417
5 30  0.634992
6 7  0.611478
6 8  0.651456
6 9  0.632554
6 10  0.562885
6 11  0.624452
6 12  0.631460
6 13  0.608201
6 14  0.615912
6 15  0.625939
6 16  0.624304
6 17  0.582399
6 18  0.596753
6 19  0.587012
6 20  0.560948
6 21  0.514034
6 22  0.281234
6 23  0.618538
6 24  0.633132
6 25  0.551379
6 26  0.606399
6 27  0.613331
6 28  0.646568
6 29  0.634257
6 30  0.636646
7 8  0.700298
7 9  0.682448
7 10  0.625740
7 11  0.670101
7 12  0.681515
7 13  0.658377
7 14  0.664810
7 15  0.659801
7 16  0.665997
7 17  0.608028
7 18  0.646961
7 19  0.637365
7 20  0.579913
7 21  0.613675
7 22  0.617408
7 23  0.667206
7 24  0.683417
7 25  0.616107
7 26  0.655746
7 27  0.412869
7 28  0.695965
7 29  0.684280
7 30  0.683132
8 9  0.694569
8 10  0.677638
8 11  0.683855
8 12  0.705688
8 13  0.673501
8 14  0.670387
8 15  0.701060
8 16  0.708532
8 17  0.667749
8 18  0.682297
8 19  0.673411
8 20  0.651061
8 21  0.652082
8 22  0.654598
8 23  0.585167
8 24  0.717807
8 25  0.675766
8 26  0.639617
8 27  0.700730
8 28  0.686973
8 29  0.715032
8 30  0.713510
9 10  0.658752
9 11  0.688062
9 12  0.656313
9 13  0.666563
9 14  0.674768
9 15  0.690244
9 16  0.691898
9 17  0.650921
9 18  0.648761
9 19  0.650814
9 20  0.632281
9 21  0.633160
9 22  0.635685
9 23  0.682915
9 24  0.662746
9 25  0.656890
9 26  0.645843
9 27  0.682017
9 28  0.712449
9 29  0.484812
9 30  0.703982
10 11  0.650600
10 12  0.657673
10 13  0.634423
10 14  0.641917
10 15  0.650588
10 16  0.649262
10 17  0.608824
10 18  0.622866
10 19  0.613174
10 20  0.561943
10 21  0.554303
10 22  0.556379
10 23  0.644819
10 24  0.659192
10 25  0.384507
10 26  0.632429
10 27  0.617571
10 28  0.672254
10 29  0.660280
10 30  0.662950
11 12  0.687611
11 13  0.662081
11 14  0.670090
11 15  0.644923
11 16  0.651231
11 17  0.625237
11 18  0.656391
11 19  0.646669
11 20  0.623813
11 21  0.625126
11 22  0.627552
11 23  0.655019
11 24  0.692549
11 25  0.648720
11 26  0.662593
11 27  0.671382
11 28  0.704154
11 29  0.693494
11 30  0.446433
12 13  0.652340
12 14  0.677917
12 15  0.690331
12 16  0.690551
12 17  0.649292
12 18  0.654644
12 19  0.628760
12 20  0.631166
12 21  0.632078
12 22  0.634581
12 23  0.680627
12 24  0.481488
12 25  0.655831
12 26  0.660945
12 27  0.680806
12 28  0.707695
12 29  0.660568
12 30  0.701998
13 14  0.638547
13 15  0.666677
13 16  0.663990
13 17  0.624939
13 18  0.635799
13 19  0.624953
13 20  0.607880
13 21  0.608786
13 22  0.611289
13 23  0.640885
13 24  0.648921
13 25  0.632606
13 26  0.590549
13 27  0.656701
13 28  0.636975
13 29  0.664970
13 30  0.675758
14 15  0.652081
14 16  0.652091
14 17  0.632150
14 18  0.646180
14 19  0.637258
14 20  0.615654
14 21  0.616275
14 22  0.618951
14 23  0.632468
14 24  0.680735
14 25  0.640097
14 26  0.637062
14 27  0.662096
14 28  0.578179
14 29  0.680881
14 30  0.679591
15 16  0.434848
15 17  0.640233
15 18  0.657416
15 19  0.648147
15 20  0.625640
15 21  0.625680
15 22  0.628971
15 23  0.672232
15 24  0.693775
15 25  0.649157
15 26  0.663341
15 27  0.662773
15 28  0.698712
15 29  0.694142
15 30  0.659489
16 17  0.637400
16 18  0.655467
16 19  0.645808
16 20  0.623097
16 21  0.624488
16 22  0.627370
16 23  0.673023
16 24  0.688175
16 25  0.647256
16 26  0.660163
16 27  0.656716
16 28  0.678829
16 29  0.690144
16 30  0.652302
17 18  0.615268
17 19  0.605466
17 20  0.578645
17 21  0.583806
17 22  0.586348
17 23  0.633896
17 24  0.650954
17 25  0.605969
17 26  0.624689
17 27  0.606924
17 28  0.663041
17 29  0.652383
17 30  0.623426
18 19  0.572465
18 20  0.596525
18 21  0.597368
18 22  0.599878
18 23  0.649238
18 24  0.656081
18 25  0.621154
18 26  0.635675
18 27  0.646099
18 28  0.675251
18 29  0.634480
18 30  0.668090
19 20  0.586783
19 21  0.587626
19 22  0.590136
19 23  0.638135
19 24  0.626328
19 25  0.611413
19 26  0.626172
19 27  0.636383
19 28  0.664305
19 29  0.650585
19 30  0.658056
20 21  0.559214
20 22  0.560438
20 23  0.618324
20 24  0.632899
20 25  0.566617
20 26  0.606167
20 27  0.584076
20 28  0.646277
20 29  0.634029
20 30  0.636392
21 22  0.521120
21 23  0.619190
21 24  0.633732
21 25  0.561917
21 26  0.606982
21 27  0.608685
21 28  0.647075
21 29  0.634856
21 30  0.637375
22 23  0.621733
22 24  0.636249
22 25  0.563843
22 26  0.609524
22 27  0.613098
22 28  0.649652
22 29  0.637376
22 30  0.639909
23 24  0.677406
23 25  0.642875
23 26  0.640977
23 27  0.667606
23 28  0.665887
23 29  0.682747
23 30  0.664913
24 25  0.657514
24 26  0.665390
24 27  0.682009
24 28  0.689850
24 29  0.657698
24 30  0.701196
25 26  0.630718
25 27  0.624009
25 28  0.670767
25 29  0.658633
25 30  0.660990
26 27  0.654881
26 28  0.666873
26 29  0.654237
26 30  0.675284
27 28  0.693005
27 29  0.683136
27 30  0.683143
28 29  0.703863
28 30  0.707372
29 30  0.703628
