  -1146.51832179
  -1146.89529700
0.00000874311004
2 2 2 2 2 2 2 2 2 2 2 2 2 2 2 0 0 0 0 0 0 0 0 0 0 0 0 0 0 0 
1  0.288488
2  0.300231
3  0.309841
4  0.278414
5  0.281223
6  0.282861
7  0.334818
8  0.371928
9  0.352610
10  0.309570
11  0.344922
12  0.351517
13  0.327938
14  0.336039
15  0.346947
16  0.345133
17  0.303261
18  0.316083
19  0.306270
20  0.283112
21  0.283623
22  0.286015
23  0.338569
24  0.353135
25  0.307675
26  0.326145
27  0.333793
28  0.367123
29  0.354304
30  0.357251
1 2  0.588603
1 3  0.598160
1 4  0.562555
1 5  0.569430
1 6  0.571028
1 7  0.598990
1 8  0.656288
1 9  0.640370
1 10  0.596851
1 11  0.606716
1 12  0.639186
1 13  0.614922
1 14  0.623505
1 15  0.631675
1 16  0.631580
1 17  0.292422
1 18  0.604566
1 19  0.594645
1 20  0.565739
1 21  0.571951
1 22  0.573627
1 23  0.622107
1 24  0.641475
1 25  0.595296
1 26  0.613747
1 27  0.599968
1 28  0.655415
1 29  0.642745
1 30  0.622722
2 3  0.565845
2 4  0.578644
2 5  0.581451
2 6  0.583090
2 7  0.634927
2 8  0.667820
2 9  0.625577
2 10  0.609793
2 11  0.644315
2 12  0.645897
2 13  0.625918
2 14  0.633800
2 15  0.646230
2 16  0.645254
2 17  0.603427
2 18  0.311170
2 19  0.567522
2 20  0.583321
2 21  0.583837
2 22  0.586246
2 23  0.638026
2 24  0.649969
2 25  0.607850
2 26  0.620988
2 27  0.634000
2 28  0.667095
2 29  0.630110
2 30  0.657368
3 4  0.588254
3 5  0.591062
3 6  0.592701
3 7  0.644579
3 8  0.678484
3 9  0.653162
3 10  0.619406
3 11  0.653816
3 12  0.630919
3 13  0.635448
3 14  0.644713
3 15  0.656097
3 16  0.654849
3 17  0.612694
3 18  0.579338
3 19  0.311110
3 20  0.592900
3 21  0.593460
3 22  0.595855
3 23  0.646661
3 24  0.647974
3 25  0.617481
3 26  0.631607
3 27  0.643598
3 28  0.675802
3 29  0.656306
3 30  0.666390
4 5  0.555322
4 6  0.554669
4 7  0.584646
4 8  0.650314
4 9  0.631020
4 10  0.566334
4 11  0.623135
4 12  0.629927
4 13  0.606306
4 14  0.614274
4 15  0.624329
4 16  0.623159
4 17  0.575912
4 18  0.594443
4 19  0.584622
4 20  0.279578
4 21  0.560860
4 22  0.560848
4 23  0.616843
4 24  0.631446
4 25  0.559042
4 26  0.604552
4 27  0.576009
4 28  0.645359
4 29  0.632655
4 30  0.635159
5 6  0.517675
5 7  0.610211
5 8  0.653101
5 9  0.633813
5 10  0.562608
5 11  0.626040
5 12  0.632727
5 13  0.609157
5 14  0.617216
5 15  0.627669
5 16  0.625511
5 17  0.584274
5 18  0.597258
5 19  0.587477
5 20  0.563160
5 21  0.283055
5 22  0.514644
5 23  0.619664
5 24  0.634314
5 25  0.552641
5 26  0.607200
5 27  0.612982
5 28  0.648140
5 29  0.635431
5 30  0.638416
6 7  0.613925
6 8  0.654761
6 9  0.635461
6 10  0.564355
6 11  0.627712
6 12  0.634374
6 13  0.610797
6 14  0.618882
6 15  0.629664
6 16  0.627856
6 17  0.585056
6 18  0.598942
6 19  0.589130
6 20  0.562373
6 21  0.515222
6 22  0.282281
6 23  0.621333
6 24  0.635995
6 25  0.552782
6 26  0.608976
6 27  0.615721
6 28  0.649975
6 29  0.637160
6 30  0.639917
7 8  0.705091
7 9  0.686867
7 10  0.628649
7 11  0.674850
7 12  0.685957
7 13  0.662536
7 14  0.669272
7 15  0.664699
7 16  0.671046
7 17  0.612399
7 18  0.650702
7 19  0.641071
7 20  0.582971
7 21  0.616344
7 22  0.619937
7 23  0.671590
7 24  0.687871
7 25  0.619030
7 26  0.659872
7 27  0.417033
7 28  0.700950
7 29  0.688730
7 30  0.688008
8 9  0.699243
8 10  0.681438
8 11  0.688883
8 12  0.710776
8 13  0.678512
8 14  0.675761
8 15  0.706946
8 16  0.714426
8 17  0.672810
8 18  0.686824
8 19  0.677878
8 20  0.654848
8 21  0.655540
8 22  0.657932
8 23  0.590108
8 24  0.723015
8 25  0.679459
8 26  0.644378
8 27  0.705500
8 28  0.692968
8 29  0.720137
8 30  0.718992
9 10  0.662146
9 11  0.693052
9 12  0.661181
9 13  0.671166
9 14  0.679607
9 15  0.695749
9 16  0.697365
9 17  0.655599
9 18  0.652813
9 19  0.654876
9 20  0.635657
9 21  0.636204
9 22  0.638625
9 23  0.687589
9 24  0.667718
9 25  0.660182
9 26  0.650277
9 27  0.686380
9 28  0.717814
9 29  0.489599
9 30  0.709210
10 11  0.654343
10 12  0.661074
10 13  0.637500
10 14  0.645355
10 15  0.654738
10 16  0.653298
10 17  0.612015
10 18  0.625499
10 19  0.615751
10 20  0.563883
10 21  0.555896
10 22  0.557865
10 23  0.648113
10 24  0.662503
10 25  0.386509
10 26  0.635491
10 27  0.620457
10 28  0.676140
10 29  0.663630
10 30  0.666719
11 12  0.692684
11 13  0.666930
11 14  0.675392
11 15  0.650876
11 16  0.657218
11 17  0.630095
11 18  0.660892
11 19  0.651085
11 20  0.627552
11 21  0.628538
11 22  0.630833
11 23  0.660038
11 24  0.697710
11 25  0.652380
11 26  0.667406
11 27  0.676084
11 28  0.709854
11 29  0.698696
11 30  0.451978
12 13  0.656464
12 14  0.682756
12 15  0.695846
12 16  0.696056
12 17  0.653912
12 18  0.658839
12 19  0.632860
12 20  0.634538
12 21  0.635139
12 22  0.637526
12 23  0.685360
12 24  0.486139
12 25  0.659149
12 26  0.665486
12 27  0.685164
12 28  0.712916
12 29  0.665606
12 30  0.707219
13 14  0.642995
13 15  0.672000
13 16  0.669115
13 17  0.629287
13 18  0.639654
13 19  0.628626
13 20  0.610938
13 21  0.611523
13 22  0.613913
13 23  0.645302
13 24  0.653270
13 25  0.635610
13 26  0.594982
13 27  0.660747
13 28  0.641794
13 29  0.669492
13 30  0.680677
14 15  0.657252
14 16  0.657495
14 17  0.636927
14 18  0.650366
14 19  0.641393
14 20  0.619110
14 21  0.619365
14 22  0.621949
14 23  0.637472
14 24  0.685536
14 25  0.643483
14 26  0.641583
14 27  0.666520
14 28  0.583322
14 29  0.685755
14 30  0.684921
15 16  0.441046
15 17  0.645759
15 18  0.662344
15 19  0.653059
15 20  0.629833
15 21  0.629550
15 22  0.632738
15 23  0.677849
15 24  0.699393
15 25  0.653313
15 26  0.668679
15 27  0.667947
15 28  0.704695
15 29  0.699789
15 30  0.665739
16 17  0.642624
16 18  0.660140
16 19  0.650399
16 20  0.627065
16 21  0.628145
16 22  0.630932
16 23  0.678429
16 24  0.693405
16 25  0.651161
16 26  0.665238
16 27  0.661336
16 28  0.684101
16 29  0.695431
16 30  0.658176
17 18  0.619209
17 19  0.609319
17 20  0.581789
17 21  0.586668
17 22  0.589090
17 23  0.638320
17 24  0.655517
17 25  0.609051
17 26  0.629039
17 27  0.610986
17 28  0.668155
17 29  0.656995
17 30  0.627890
18 19  0.575913
18 20  0.599193
18 21  0.599701
18 22  0.602095
18 23  0.653263
18 24  0.660073
18 25  0.623751
18 26  0.639404
18 27  0.649726
18 28  0.679798
18 29  0.638248
18 30  0.672549
19 20  0.589381
19 21  0.589889
19 22  0.592283
19 23  0.641983
19 24  0.630018
19 25  0.613940
19 26  0.629913
19 27  0.639944
19 28  0.668683
19 29  0.654596
19 30  0.662405
20 21  0.560740
20 22  0.561869
20 23  0.621610
20 24  0.636243
20 25  0.568440
20 26  0.609228
20 27  0.586997
20 28  0.650157
20 29  0.637410
20 30  0.640157
21 22  0.522323
21 23  0.622141
21 24  0.636733
21 25  0.563405
21 26  0.609697
21 27  0.611155
21 28  0.650604
21 29  0.637895
21 30  0.640809
22 23  0.624571
22 24  0.639137
22 25  0.565264
22 26  0.612126
22 27  0.615464
22 28  0.653075
22 29  0.640300
22 30  0.643230
23 24  0.682009
23 25  0.646069
23 26  0.645265
23 27  0.671862
23 28  0.671259
23 29  0.687389
23 30  0.669590
24 25  0.660783
24 26  0.669944
24 27  0.686260
24 28  0.694551
24 29  0.662489
24 30  0.706250
25 26  0.633698
25 27  0.626756
25 28  0.674570
25 29  0.661942
25 30  0.664682
26 27  0.658848
26 28  0.671905
26 29  0.658441
26 30  0.680143
27 28  0.697722
27 29  0.687419
27 30  0.687810
28 29  0.709054
28 30  0.712944
29 30  0.708746
