  -1146.52254786
  -1146.88257424
0.00007927968960
2 2 2 2 2 2 2 2 2 2 2 2 2 2 2 0 0 0 0 0 0 0 0 0 0 0 0 0 0 0 
1  0.260884
2  0.275823
3  0.286490
4  0.266115
5  0.264450
6  0.262046
7  0.277040
8  0.280351
9  0.301381
10  0.292551
11  0.303419
12  0.296642
13  0.309018
14  0.298880
15  0.299437
16  0.275419
17  0.286666
18  0.279189
19  0.268760
20  0.271771
21  0.264648
22  0.280375
23  0.282287
24  0.305396
25  0.304748
26  0.294296
27  0.299805
28  0.302015
29  0.298925
30  0.300208
1 2  0.535932
1 3  0.546108
1 4  0.525061
1 5  0.524861
1 6  0.522890
1 7  0.537923
1 8  0.541233
1 9  0.546756
1 10  0.551126
1 11  0.560132
1 12  0.557462
1 13  0.547282
1 14  0.559757
1 15  0.556473
1 16  0.253023
1 17  0.547441
1 18  0.539464
1 19  0.529021
1 20  0.530693
1 21  0.525328
1 22  0.541243
1 23  0.543156
1 24  0.543528
1 25  0.560717
1 26  0.552388
1 27  0.560688
1 28  0.542730
1 29  0.559341
1 30  0.559391
2 3  0.518481
2 4  0.541871
2 5  0.540267
2 6  0.537865
2 7  0.552862
2 8  0.556174
2 9  0.566929
2 10  0.568365
2 11  0.565549
2 12  0.572454
2 13  0.584084
2 14  0.574701
2 15  0.568523
2 16  0.550955
2 17  0.278098
2 18  0.512432
2 19  0.544260
2 20  0.547591
2 21  0.540458
2 22  0.556189
2 23  0.558104
2 24  0.581061
2 25  0.548747
2 26  0.569951
2 27  0.575626
2 28  0.576201
2 29  0.574715
2 30  0.574703
3 4  0.552589
3 5  0.550931
3 6  0.548529
3 7  0.563529
3 8  0.566841
3 9  0.580409
3 10  0.579025
3 11  0.566825
3 12  0.583120
3 13  0.595091
3 14  0.585368
3 15  0.582066
3 16  0.559934
3 17  0.518289
3 18  0.281650
3 19  0.555178
3 20  0.558190
3 21  0.551110
3 22  0.566862
3 23  0.568772
3 24  0.591591
3 25  0.567699
3 26  0.580598
3 27  0.586293
3 28  0.583808
3 29  0.585413
3 30  0.584367
4 5  0.527663
4 6  0.528088
4 7  0.543083
4 8  0.546437
4 9  0.567320
4 10  0.534922
4 11  0.569274
4 12  0.559258
4 13  0.545283
4 14  0.564809
4 15  0.563774
4 16  0.540905
4 17  0.552167
4 18  0.545051
4 19  0.263918
4 20  0.537101
4 21  0.530614
4 22  0.546151
4 23  0.548343
4 24  0.538193
4 25  0.570116
4 26  0.529669
4 27  0.565186
4 28  0.568023
4 29  0.563312
4 30  0.564400
5 6  0.522190
5 7  0.541390
5 8  0.544621
5 9  0.565794
5 10  0.534209
5 11  0.567856
5 12  0.535517
5 13  0.569693
5 14  0.561904
5 15  0.563832
5 16  0.538105
5 17  0.551105
5 18  0.543631
5 19  0.532469
5 20  0.261025
5 21  0.525227
5 22  0.544539
5 23  0.546106
5 24  0.567775
5 25  0.569009
5 26  0.529346
5 27  0.563836
5 28  0.566246
5 29  0.531374
5 30  0.564622
6 7  0.535184
6 8  0.536576
6 9  0.563380
6 10  0.552948
6 11  0.565440
6 12  0.538022
6 13  0.570981
6 14  0.541644
6 15  0.561281
6 16  0.537269
6 17  0.548711
6 18  0.541235
6 19  0.530714
6 20  0.528911
6 21  0.247275
6 22  0.541515
6 23  0.540636
6 24  0.567043
6 25  0.566788
6 26  0.555594
6 27  0.534590
6 28  0.564005
6 29  0.532288
6 30  0.561698
7 8  0.509538
7 9  0.578420
7 10  0.569366
7 11  0.580459
7 12  0.569958
7 13  0.586041
7 14  0.545659
7 15  0.576477
7 16  0.552449
7 17  0.563696
7 18  0.556226
7 19  0.545439
7 20  0.548490
7 21  0.540581
7 22  0.277329
7 23  0.506787
7 24  0.582395
7 25  0.581761
7 26  0.570408
7 27  0.536671
7 28  0.579051
7 29  0.574666
7 30  0.577140
8 9  0.581730
8 10  0.572853
8 11  0.583769
8 12  0.574855
8 13  0.589359
8 14  0.547487
8 15  0.579785
8 16  0.555749
8 17  0.567014
8 18  0.559539
8 19  0.549052
8 20  0.551327
8 21  0.541005
8 22  0.506528
8 23  0.279503
8 24  0.585745
8 25  0.585091
8 26  0.574274
8 27  0.540323
8 28  0.582365
8 29  0.578585
8 30  0.580426
9 10  0.593836
9 11  0.578114
9 12  0.597997
9 13  0.607125
9 14  0.600253
9 15  0.565196
9 16  0.564747
9 17  0.585197
9 18  0.579314
9 19  0.569957
9 20  0.572944
9 21  0.565944
9 22  0.581751
9 23  0.583648
9 24  0.605147
9 25  0.565026
9 26  0.595275
9 27  0.601163
9 28  0.415989
9 29  0.600294
9 30  0.561980
10 11  0.595824
10 12  0.575489
10 13  0.587383
10 14  0.589783
10 15  0.591374
10 16  0.565302
10 17  0.579054
10 18  0.571559
10 19  0.531899
10 20  0.535028
10 21  0.556688
10 22  0.571991
10 23  0.574485
10 24  0.574270
10 25  0.597279
10 26  0.360715
10 27  0.591636
10 28  0.594407
10 29  0.569737
10 30  0.592351
11 12  0.600035
11 13  0.611459
11 14  0.602296
11 15  0.576075
11 16  0.572346
11 17  0.568914
11 18  0.551567
11 19  0.571905
11 20  0.574884
11 21  0.568045
11 22  0.583790
11 23  0.585706
11 24  0.605102
11 25  0.464275
11 26  0.597644
11 27  0.603168
11 28  0.577524
11 29  0.602131
11 30  0.562124
12 13  0.604079
12 14  0.584473
12 15  0.595944
12 16  0.571795
12 17  0.583214
12 18  0.575821
12 19  0.563195
12 20  0.536136
12 21  0.532751
12 22  0.575184
12 23  0.578346
12 24  0.601763
12 25  0.601103
12 26  0.569919
12 27  0.578321
12 28  0.598513
12 29  0.358939
12 30  0.596649
13 14  0.607881
13 15  0.597675
13 16  0.556947
13 17  0.594813
13 18  0.588148
13 19  0.542370
13 20  0.578209
13 21  0.573281
13 22  0.589357
13 23  0.591304
13 24  0.374806
13 25  0.609618
13 26  0.580238
13 27  0.608644
13 28  0.606447
13 29  0.607650
13 30  0.602459
14 15  0.598266
14 16  0.574280
14 17  0.585525
14 18  0.578063
14 19  0.566848
14 20  0.570083
14 21  0.538278
14 22  0.539956
14 23  0.539151
14 24  0.603939
14 25  0.603591
14 26  0.592608
14 27  0.368021
14 28  0.600838
14 29  0.578474
14 30  0.599082
15 16  0.568156
15 17  0.581430
15 18  0.576478
15 19  0.565969
15 20  0.571087
15 21  0.563541
15 22  0.579666
15 23  0.581556
15 24  0.591960
15 25  0.575753
15 26  0.593500
15 27  0.599241
15 28  0.555669
15 29  0.597758
15 30  0.418512
16 17  0.561274
16 18  0.553285
16 19  0.541204
16 20  0.546540
16 21  0.540048
16 22  0.555792
16 23  0.557703
16 24  0.555844
16 25  0.577431
16 26  0.566908
16 27  0.575222
16 28  0.555592
16 29  0.574206
16 30  0.571986
17 18  0.521034
17 19  0.555276
17 20  0.558432
17 21  0.551311
17 22  0.567039
17 23  0.568953
17 24  0.591225
17 25  0.569038
17 26  0.580938
17 27  0.586470
17 28  0.583321
17 29  0.585579
17 30  0.579313
18 19  0.547906
18 20  0.550955
18 21  0.543829
18 22  0.559563
18 23  0.561476
18 24  0.583821
18 25  0.567737
18 26  0.573477
18 27  0.578993
18 28  0.573544
18 29  0.578106
18 30  0.569287
19 20  0.536374
19 21  0.533269
19 22  0.549023
19 23  0.550992
19 24  0.545111
19 25  0.572730
19 26  0.538491
19 27  0.568261
19 28  0.570035
19 29  0.563717
19 30  0.567100
20 21  0.531720
20 22  0.552008
20 23  0.553949
20 24  0.572953
20 25  0.576493
20 26  0.541477
20 27  0.569740
20 28  0.573764
20 29  0.543972
20 30  0.571909
21 22  0.540217
21 23  0.540781
21 24  0.569981
21 25  0.569388
21 26  0.556440
21 27  0.543859
21 28  0.566595
21 29  0.541939
21 30  0.564624
22 23  0.514104
22 24  0.585732
22 25  0.585121
22 26  0.574384
22 27  0.549309
22 28  0.582387
22 29  0.575039
22 30  0.580583
23 24  0.587663
23 25  0.587034
23 26  0.576505
23 27  0.550975
23 28  0.584299
23 29  0.578124
23 30  0.582494
24 25  0.608175
24 26  0.585848
24 27  0.605129
24 28  0.605397
24 29  0.601988
24 30  0.595008
25 26  0.598838
25 27  0.604551
25 28  0.581622
25 29  0.603602
25 30  0.580044
26 27  0.592230
26 28  0.596000
26 29  0.580832
26 30  0.593991
27 28  0.601819
27 29  0.587853
27 30  0.599973
28 29  0.600904
28 30  0.563993
29 30  0.599036
