  -1146.52254786
  -1146.88431315
0.00002069925070
2 2 2 2 2 2 2 2 2 2 2 2 2 2 2 0 0 0 0 0 0 0 0 0 0 0 0 0 0 0 
1  0.265390
2  0.278162
3  0.288902
4  0.270292
5  0.268099
6  0.265190
7  0.278873
8  0.282014
9  0.305630
10  0.297440
11  0.307051
12  0.301070
13  0.314570
14  0.301532
15  0.304661
16  0.280352
17  0.289376
18  0.281600
19  0.273000
20  0.275613
21  0.267865
22  0.282224
23  0.283951
24  0.310768
25  0.308539
26  0.299071
27  0.302402
28  0.305930
29  0.303219
30  0.305134
1 2  0.542639
1 3  0.552881
1 4  0.533635
1 5  0.532951
1 6  0.530532
1 7  0.544261
1 8  0.547401
1 9  0.554473
1 10  0.560311
1 11  0.568048
1 12  0.566373
1 13  0.557041
1 14  0.566911
1 15  0.566121
1 16  0.261356
1 17  0.554648
1 18  0.546273
1 19  0.537716
1 20  0.538916
1 21  0.533035
1 22  0.547598
1 23  0.549330
1 24  0.553352
1 25  0.568955
1 26  0.561655
1 27  0.567790
1 28  0.550682
1 29  0.568114
1 30  0.568795
2 3  0.523523
2 4  0.548364
2 5  0.546247
2 6  0.543350
2 7  0.557034
2 8  0.560176
2 9  0.573038
2 10  0.575593
2 11  0.571438
2 12  0.579210
2 13  0.591832
2 14  0.579692
2 15  0.575641
2 16  0.558203
2 17  0.282997
2 18  0.517470
2 19  0.550747
2 20  0.553765
2 21  0.546018
2 22  0.560372
2 23  0.562105
2 24  0.588731
2 25  0.554866
2 26  0.577015
2 27  0.580558
2 28  0.582360
2 29  0.581326
2 30  0.581894
3 4  0.559173
3 5  0.556985
3 6  0.554086
3 7  0.567775
3 8  0.570916
3 9  0.586796
3 10  0.586325
3 11  0.572471
3 12  0.589952
3 13  0.602968
3 14  0.590433
3 15  0.589490
3 16  0.567157
3 17  0.523777
3 18  0.286369
3 19  0.561802
3 20  0.564427
3 21  0.556738
3 22  0.571122
3 23  0.572848
3 24  0.599364
3 25  0.573905
3 26  0.587756
3 27  0.591303
3 28  0.590017
3 29  0.592121
3 30  0.591611
4 5  0.535277
4 6  0.535395
4 7  0.549062
4 8  0.552258
4 9  0.575709
4 10  0.543740
4 11  0.577020
4 12  0.567543
4 13  0.554745
4 14  0.571607
4 15  0.572966
4 16  0.549946
4 17  0.558965
4 18  0.551573
4 19  0.271630
4 20  0.545049
4 21  0.537977
4 22  0.552138
4 23  0.554175
4 24  0.547785
4 25  0.578059
4 26  0.538646
4 27  0.571938
4 28  0.576098
4 29  0.571750
4 30  0.573452
5 6  0.528703
5 7  0.546851
5 8  0.549909
5 9  0.573686
5 10  0.542539
5 11  0.575133
5 12  0.543513
5 13  0.578518
5 14  0.568074
5 15  0.572691
5 16  0.546592
5 17  0.557465
5 18  0.549678
5 19  0.540287
5 20  0.267833
5 21  0.532063
5 22  0.550017
5 23  0.551337
5 24  0.576759
5 25  0.576411
5 26  0.537754
5 27  0.570048
5 28  0.573802
5 29  0.539320
5 30  0.573185
6 7  0.539983
6 8  0.541127
6 9  0.570749
6 10  0.560801
6 11  0.572191
6 12  0.545398
6 13  0.579671
6 14  0.547306
6 15  0.569572
6 16  0.545316
6 17  0.554566
6 18  0.546790
6 19  0.538071
6 20  0.535832
6 21  0.253098
6 22  0.546440
6 23  0.545389
6 24  0.575516
6 25  0.573721
6 26  0.563460
6 27  0.540332
6 28  0.571059
6 29  0.539776
6 30  0.569797
7 8  0.513251
7 9  0.584501
7 10  0.576046
7 11  0.585923
7 12  0.575934
7 13  0.593420
7 14  0.549986
7 15  0.583534
7 16  0.559219
7 17  0.568235
7 18  0.560469
7 19  0.551436
7 20  0.554137
7 21  0.545560
7 22  0.280888
7 23  0.510512
7 24  0.589580
7 25  0.587374
7 26  0.576978
7 27  0.541069
7 28  0.584800
7 29  0.580734
7 30  0.583873
8 9  0.587639
8 10  0.579388
8 11  0.589060
8 12  0.580785
8 13  0.596572
8 14  0.551737
8 15  0.586669
8 16  0.562349
8 17  0.571387
8 18  0.563613
8 19  0.554953
8 20  0.556759
8 21  0.545768
8 22  0.510267
8 23  0.282728
8 24  0.592778
8 25  0.590543
8 26  0.580663
8 27  0.544580
8 28  0.587942
8 29  0.584502
8 30  0.587008
9 10  0.602951
9 11  0.585971
9 12  0.606661
9 13  0.616767
9 14  0.607155
9 15  0.574640
9 16  0.573404
9 17  0.591996
9 18  0.585917
9 19  0.578394
9 20  0.580997
9 21  0.573408
9 22  0.587845
9 23  0.589555
9 24  0.614734
9 25  0.572882
9 26  0.604287
9 27  0.608014
9 28  0.423523
9 29  0.608839
9 30  0.571104
10 11  0.604320
10 12  0.584496
10 13  0.597473
10 14  0.597109
10 15  0.601328
10 16  0.575077
10 17  0.586610
10 18  0.578802
10 19  0.540977
10 20  0.543707
10 21  0.564729
10 22  0.578706
10 23  0.581013
10 24  0.584380
10 25  0.605952
10 26  0.369912
10 27  0.599114
10 28  0.603211
10 29  0.578715
10 30  0.602127
11 12  0.608091
11 13  0.620547
11 14  0.608578
11 15  0.584380
11 16  0.580862
11 17  0.575222
11 18  0.557473
11 19  0.579759
11 20  0.582357
11 21  0.574891
11 22  0.589266
11 23  0.591002
11 24  0.613939
11 25  0.471665
11 26  0.606047
11 27  0.609389
11 28  0.584959
11 29  0.610031
11 30  0.570176
12 13  0.613804
12 14  0.591152
12 15  0.605561
12 16  0.581099
12 17  0.590337
12 18  0.582662
12 19  0.571830
12 20  0.544446
12 21  0.540408
12 22  0.581433
12 23  0.584386
12 24  0.611510
12 25  0.609295
12 26  0.578953
12 27  0.585116
12 28  0.606845
12 29  0.367350
12 30  0.605966
13 14  0.616081
13 15  0.607863
13 16  0.567423
13 17  0.603077
13 18  0.596100
13 19  0.552162
13 20  0.587539
13 21  0.582010
13 22  0.596754
13 23  0.598519
13 24  0.385260
13 25  0.618883
13 26  0.590364
13 27  0.616751
13 28  0.615881
13 29  0.617451
13 30  0.612732
14 15  0.606125
14 16  0.581858
14 17  0.590884
14 18  0.583126
14 19  0.573704
14 20  0.576536
14 21  0.544161
14 22  0.544368
14 23  0.543407
14 24  0.611930
14 25  0.610029
14 26  0.600029
14 27  0.373241
14 28  0.607405
14 29  0.585256
14 30  0.606661
15 16  0.578302
15 17  0.589167
15 18  0.583994
15 19  0.575398
15 20  0.580142
15 21  0.572018
15 22  0.586684
15 23  0.588420
15 24  0.602462
15 25  0.584209
15 26  0.603458
15 27  0.607061
15 28  0.564844
15 29  0.607253
15 30  0.428009
16 17  0.568827
16 18  0.560460
16 19  0.550184
16 20  0.555232
16 21  0.548193
16 22  0.562575
16 23  0.564299
16 24  0.565724
16 25  0.586017
16 26  0.576399
16 27  0.582751
16 28  0.563444
16 29  0.583410
16 30  0.581748
17 18  0.526406
17 19  0.562195
17 20  0.564980
17 21  0.557238
17 22  0.571599
17 23  0.573327
17 24  0.599175
17 25  0.575154
17 26  0.588419
17 27  0.591777
17 28  0.589686
17 29  0.592577
17 30  0.586598
18 19  0.554546
18 20  0.557202
18 21  0.549454
18 22  0.563823
18 23  0.565550
18 24  0.591484
18 25  0.573926
18 26  0.580661
18 27  0.584000
18 28  0.579617
18 29  0.584803
18 30  0.576031
19 20  0.544267
19 21  0.540701
19 22  0.555080
19 23  0.556880
19 24  0.554576
19 25  0.580615
19 26  0.547362
19 27  0.575054
19 28  0.578091
19 29  0.571924
19 30  0.576074
20 21  0.538542
20 22  0.557675
20 23  0.559442
20 24  0.581881
20 25  0.584122
20 26  0.549847
20 27  0.576016
20 28  0.581521
20 29  0.551929
20 30  0.580663
21 22  0.545072
21 23  0.545438
21 24  0.578565
21 25  0.576394
21 26  0.564188
21 27  0.549431
21 28  0.573706
21 29  0.549386
21 30  0.572688
22 23  0.517838
22 24  0.592937
22 25  0.590759
22 26  0.580970
22 27  0.553649
22 28  0.588149
22 29  0.580931
22 30  0.587358
23 24  0.594693
23 25  0.592487
23 26  0.582927
23 27  0.555250
23 28  0.589876
23 29  0.583858
23 30  0.589083
24 25  0.617183
24 26  0.595758
24 27  0.613083
24 28  0.614584
24 29  0.611407
24 30  0.604575
25 26  0.607356
25 27  0.610939
25 28  0.589122
25 29  0.611676
25 30  0.588331
26 27  0.599365
26 28  0.604655
26 29  0.589574
26 30  0.603566
27 28  0.608331
27 29  0.594394
27 30  0.607480
28 29  0.609111
28 30  0.572996
29 30  0.608237
