  -1146.52254786
  -1146.88488910
0.00001066568290
2 2 2 2 2 2 2 2 2 2 2 2 2 2 2 0 0 0 0 0 0 0 0 0 0 0 0 0 0 0 
1  0.266926
2  0.278968
3  0.289729
4  0.271893
5  0.269333
6  0.266431
7  0.279362
8  0.282446
9  0.307019
10  0.299082
11  0.308197
12  0.302457
13  0.316493
14  0.302309
15  0.306470
16  0.281981
17  0.290291
18  0.282389
19  0.274629
20  0.276902
21  0.269202
22  0.282760
23  0.284424
24  0.312613
25  0.309786
26  0.300688
27  0.303162
28  0.307269
29  0.304508
30  0.306862
1 2  0.544924
1 3  0.555185
1 4  0.536737
1 5  0.535678
1 6  0.533302
1 7  0.546286
1 8  0.549369
1 9  0.557045
1 10  0.563420
1 11  0.570658
1 12  0.569290
1 13  0.560376
1 14  0.569220
1 15  0.569456
1 16  0.264252
1 17  0.557094
1 18  0.548581
1 19  0.540850
1 20  0.541699
1 21  0.535894
1 22  0.549664
1 23  0.551334
1 24  0.556717
1 25  0.571697
1 26  0.564827
1 27  0.570085
1 28  0.553455
1 29  0.570925
1 30  0.572046
2 3  0.525241
2 4  0.550754
2 5  0.548281
2 6  0.545396
2 7  0.558329
2 8  0.561413
2 9  0.575116
2 10  0.578038
2 11  0.573396
2 12  0.581394
2 13  0.594506
2 14  0.581274
2 15  0.578151
2 16  0.560630
2 17  0.284715
2 18  0.519168
2 19  0.553100
2 20  0.555861
2 21  0.548161
2 22  0.561703
2 23  0.563377
2 24  0.591358
2 25  0.556957
2 26  0.579400
2 27  0.582120
2 28  0.584473
2 29  0.583414
2 30  0.584431
3 4  0.561597
3 5  0.559041
3 6  0.556154
3 7  0.569091
3 8  0.572174
3 9  0.588968
3 10  0.588792
3 11  0.574342
3 12  0.592159
3 13  0.605679
3 14  0.592036
3 15  0.592048
3 16  0.569574
3 17  0.525668
3 18  0.288021
3 19  0.564245
3 20  0.566536
3 21  0.558897
3 22  0.572478
3 23  0.574140
3 24  0.602026
3 25  0.575987
3 26  0.590156
3 27  0.592889
3 28  0.592174
3 29  0.594236
3 30  0.594130
4 5  0.538029
4 6  0.538230
4 7  0.551137
4 8  0.554284
4 9  0.578684
4 10  0.546873
4 11  0.579740
4 12  0.570422
4 13  0.558127
4 14  0.573977
4 15  0.576303
4 16  0.553150
4 17  0.561400
4 18  0.553947
4 19  0.274663
4 20  0.547903
4 21  0.540905
4 22  0.554259
4 23  0.556253
4 24  0.551191
4 25  0.580915
4 26  0.541818
4 27  0.574262
4 28  0.579031
4 29  0.574642
4 30  0.576782
5 6  0.531113
5 7  0.548572
5 8  0.551568
5 9  0.576308
5 10  0.545335
5 11  0.577512
5 12  0.546106
5 13  0.581573
5 14  0.570026
5 15  0.575730
5 16  0.549398
5 17  0.559616
5 18  0.551695
5 19  0.543114
5 20  0.270274
5 21  0.534639
5 22  0.551785
5 23  0.552998
5 24  0.579845
5 25  0.578893
5 26  0.540567
5 27  0.572021
5 28  0.576347
5 29  0.541841
5 30  0.576147
6 7  0.541674
6 8  0.542771
6 9  0.573355
6 10  0.563619
6 11  0.574558
6 12  0.547965
6 13  0.582832
6 14  0.549307
6 15  0.572538
6 16  0.548168
6 17  0.556721
6 18  0.548820
6 19  0.540938
6 20  0.538375
6 21  0.255580
6 22  0.548196
6 23  0.547107
6 24  0.578573
6 25  0.576206
6 26  0.566300
6 27  0.542354
6 28  0.573621
6 29  0.542322
6 30  0.572690
7 8  0.514242
7 9  0.586379
7 10  0.578162
7 11  0.587557
7 12  0.577756
7 13  0.595828
7 14  0.551252
7 15  0.585832
7 16  0.561335
7 17  0.569631
7 18  0.561745
7 19  0.553541
7 20  0.555917
7 21  0.547372
7 22  0.281955
7 23  0.511546
7 24  0.591910
7 25  0.589105
7 26  0.579068
7 27  0.542337
7 28  0.586631
7 29  0.582509
7 30  0.586066
8 9  0.589459
8 10  0.581460
8 11  0.590635
8 12  0.582558
8 13  0.598927
8 14  0.552972
8 15  0.588909
8 16  0.564405
8 17  0.572730
8 18  0.564832
8 19  0.557016
8 20  0.558427
8 21  0.547536
8 22  0.511316
8 23  0.283686
8 24  0.595056
8 25  0.592223
8 26  0.582716
8 27  0.545803
8 28  0.589708
8 29  0.586209
8 30  0.589137
9 10  0.605975
9 11  0.588512
9 12  0.609431
9 13  0.620047
9 14  0.609318
9 15  0.577828
9 16  0.576269
9 17  0.594263
9 18  0.588088
9 19  0.581401
9 20  0.583648
9 21  0.576120
9 22  0.589766
9 23  0.591405
9 24  0.617940
9 25  0.575458
9 26  0.607303
9 27  0.610159
9 28  0.426074
9 29  0.611516
9 30  0.574237
10 11  0.607094
10 12  0.587414
10 13  0.600940
10 14  0.599470
10 15  0.604736
10 16  0.578362
10 17  0.589157
10 18  0.581196
10 19  0.544194
10 20  0.546604
10 21  0.567685
10 22  0.580864
10 23  0.583121
10 24  0.587773
10 25  0.608840
10 26  0.373268
10 27  0.601523
10 28  0.606198
10 29  0.581567
10 30  0.605482
11 12  0.610620
11 13  0.623582
11 14  0.610499
11 15  0.587244
11 16  0.583624
11 17  0.577283
11 18  0.559397
11 19  0.582531
11 20  0.584781
11 21  0.577370
11 22  0.590950
11 23  0.592619
11 24  0.616912
11 25  0.474160
11 26  0.608807
11 27  0.611289
11 28  0.587439
11 29  0.612454
11 30  0.572868
12 13  0.617033
12 14  0.593232
12 15  0.608741
12 16  0.584109
12 17  0.592614
12 18  0.584839
12 19  0.574854
12 20  0.547112
12 21  0.543143
12 22  0.583353
12 23  0.586227
12 24  0.614720
12 25  0.611911
12 26  0.581893
12 27  0.587225
12 28  0.609571
12 29  0.370206
12 30  0.609071
13 14  0.618779
13 15  0.611410
13 16  0.570963
13 17  0.605889
13 18  0.598810
13 19  0.555645
13 20  0.590746
13 21  0.585239
13 22  0.599209
13 23  0.600913
13 24  0.389075
13 25  0.622001
13 26  0.593825
13 27  0.619432
13 28  0.619131
13 29  0.620645
13 30  0.616321
14 15  0.608695
14 16  0.584260
14 17  0.592569
14 18  0.584692
14 19  0.576077
14 20  0.578581
14 21  0.546283
14 22  0.545689
14 23  0.544674
14 24  0.614550
14 25  0.612048
14 26  0.602430
14 27  0.374930
14 28  0.609516
14 29  0.587314
14 30  0.609162
15 16  0.581744
15 17  0.591864
15 18  0.586537
15 19  0.578850
15 20  0.583240
15 21  0.575120
15 22  0.588998
15 23  0.590669
15 24  0.606078
15 25  0.587128
15 26  0.606864
15 27  0.609630
15 28  0.567997
15 29  0.610331
15 30  0.431456
16 17  0.571340
16 18  0.562820
16 19  0.553381
16 20  0.558107
16 21  0.551157
16 22  0.564739
16 23  0.566400
16 24  0.569062
16 25  0.588848
16 26  0.579572
16 27  0.585138
16 28  0.566072
16 29  0.586315
16 30  0.585082
17 18  0.528196
17 19  0.564711
17 20  0.567178
17 21  0.559487
17 22  0.573049
17 23  0.574714
17 24  0.601864
17 25  0.577230
17 26  0.590943
17 27  0.593451
17 28  0.591867
17 29  0.594778
17 30  0.589183
18 19  0.556959
18 20  0.559276
18 21  0.551576
18 22  0.565147
18 23  0.566812
18 24  0.594060
18 25  0.575970
18 26  0.583066
18 27  0.585549
18 28  0.581694
18 29  0.586878
18 30  0.578388
19 20  0.547104
19 21  0.543664
19 22  0.557229
19 23  0.558971
19 24  0.557945
19 25  0.583427
19 26  0.550512
19 27  0.577428
19 28  0.581012
19 29  0.574741
19 30  0.579380
20 21  0.541109
20 22  0.559496
20 23  0.561200
20 24  0.584919
20 25  0.586654
20 26  0.552654
20 27  0.577992
20 28  0.584147
20 29  0.554457
20 30  0.583677
21 22  0.546898
21 23  0.547225
21 24  0.581741
21 25  0.578975
21 26  0.567061
21 27  0.551507
21 28  0.576354
21 29  0.551980
21 30  0.575647
22 23  0.518912
22 24  0.595307
22 25  0.592540
22 26  0.583111
22 27  0.554948
22 28  0.590019
22 29  0.582701
22 30  0.589621
23 24  0.597008
23 25  0.594204
23 26  0.585011
23 27  0.556518
23 28  0.591684
23 29  0.585564
23 30  0.591283
24 25  0.620229
24 26  0.599142
24 27  0.615680
24 28  0.617734
24 29  0.614452
24 30  0.607955
25 26  0.610193
25 27  0.612945
25 28  0.591645
25 29  0.614204
25 30  0.591204
26 27  0.601687
26 28  0.607597
26 29  0.592384
26 30  0.606871
27 28  0.610429
27 29  0.596371
27 30  0.609955
28 29  0.611734
28 30  0.576135
29 30  0.611242
