  -1146.52254786
  -1146.88509755
0.00000015420141
2 2 2 2 2 2 2 2 2 2 2 2 2 2 2 0 0 0 0 0 0 0 0 0 0 0 0 0 0 0 
1  0.267661
2  0.279292
3  0.290077
4  0.272712
5  0.269968
6  0.267030
7  0.279583
8  0.282637
9  0.307612
10  0.299892
11  0.308703
12  0.303124
13  0.317433
14  0.302660
15  0.307243
16  0.282769
17  0.290658
18  0.282717
19  0.275458
20  0.277566
21  0.269815
22  0.282995
23  0.284625
24  0.313500
25  0.310320
26  0.301493
27  0.303502
28  0.307851
29  0.305138
30  0.307638
1 2  0.545960
1 3  0.556253
1 4  0.538271
1 5  0.537022
1 6  0.534632
1 7  0.547240
1 8  0.550294
1 9  0.558233
1 10  0.564925
1 11  0.571880
1 12  0.570687
1 13  0.561988
1 14  0.570303
1 15  0.570953
1 16  0.265641
1 17  0.558193
1 18  0.549644
1 19  0.542400
1 20  0.543057
1 21  0.537235
1 22  0.550633
1 23  0.552269
1 24  0.558329
1 25  0.572962
1 26  0.566369
1 27  0.571159
1 28  0.554722
1 29  0.572292
1 30  0.573549
2 3  0.525953
2 4  0.551889
2 5  0.549233
2 6  0.546319
2 7  0.558872
2 8  0.561928
2 9  0.576001
2 10  0.579169
2 11  0.574231
2 12  0.582380
2 13  0.595743
2 14  0.581948
2 15  0.579213
2 16  0.561739
2 17  0.285435
2 18  0.519866
2 19  0.554218
2 20  0.556849
2 21  0.549099
2 22  0.562256
2 23  0.563897
2 24  0.592565
2 25  0.557835
2 26  0.580511
2 27  0.582780
2 28  0.585369
2 29  0.584370
2 30  0.585528
3 4  0.562763
3 5  0.560019
3 6  0.557104
3 7  0.569659
3 8  0.572713
3 9  0.589891
3 10  0.589948
3 11  0.575172
3 12  0.593166
3 13  0.606953
3 14  0.592734
3 15  0.593147
3 16  0.570707
3 17  0.526447
3 18  0.288727
3 19  0.565421
3 20  0.567536
3 21  0.559860
3 22  0.573059
3 23  0.574683
3 24  0.603258
3 25  0.576878
3 26  0.591284
3 27  0.593577
3 28  0.593101
3 29  0.595214
3 30  0.595242
4 5  0.539437
4 6  0.539646
4 7  0.552165
4 8  0.555287
4 9  0.580085
4 10  0.548453
4 11  0.581055
4 12  0.571863
4 13  0.559830
4 14  0.575146
4 15  0.577862
4 16  0.554742
4 17  0.562548
4 18  0.555089
4 19  0.276170
4 20  0.549369
4 21  0.542334
4 22  0.555305
4 23  0.557274
4 24  0.552896
4 25  0.582268
4 26  0.543426
4 27  0.575410
4 28  0.580427
4 29  0.576088
4 30  0.578382
5 6  0.532325
5 7  0.549426
5 8  0.552391
5 9  0.577532
5 10  0.546740
5 11  0.578652
5 12  0.547397
5 13  0.583092
5 14  0.570993
5 15  0.577134
5 16  0.550784
5 17  0.560618
5 18  0.552653
5 19  0.544559
5 20  0.271494
5 21  0.535888
5 22  0.552656
5 23  0.553818
5 24  0.581365
5 25  0.580060
5 26  0.541991
5 27  0.572989
5 28  0.577557
5 29  0.543114
5 30  0.577557
6 7  0.542484
6 8  0.543551
6 9  0.574533
6 10  0.565001
6 11  0.575638
6 12  0.549216
6 13  0.584369
6 14  0.550258
6 15  0.573859
6 16  0.549552
6 17  0.557687
6 18  0.549747
6 19  0.542361
6 20  0.539643
6 21  0.256736
6 22  0.549026
6 23  0.547908
6 24  0.580046
6 25  0.577336
6 26  0.567697
6 27  0.543313
6 28  0.574791
6 29  0.543569
6 30  0.574057
7 8  0.514682
7 9  0.587189
7 10  0.579188
7 11  0.588282
7 12  0.578625
7 13  0.596984
7 14  0.551834
7 15  0.586825
7 16  0.562341
7 17  0.570209
7 18  0.562288
7 19  0.554584
7 20  0.556803
7 21  0.548200
7 22  0.282437
7 23  0.512006
7 24  0.593014
7 25  0.589859
7 26  0.580090
7 27  0.542913
7 28  0.587433
7 29  0.583357
7 30  0.587051
8 9  0.590239
8 10  0.582457
8 11  0.591330
8 12  0.583403
8 13  0.600057
8 14  0.553533
8 15  0.589872
8 16  0.565383
8 17  0.573286
8 18  0.565347
8 19  0.558036
8 20  0.559265
8 21  0.548339
8 22  0.511783
8 23  0.284104
8 24  0.596135
8 25  0.592949
8 26  0.583714
8 27  0.546354
8 28  0.590479
8 29  0.587026
8 30  0.590094
9 10  0.607371
9 11  0.589620
9 12  0.610686
9 13  0.621561
9 14  0.610261
9 15  0.579210
9 16  0.577581
9 17  0.595212
9 18  0.589004
9 19  0.582815
9 20  0.584895
9 21  0.577324
9 22  0.590593
9 23  0.592196
9 24  0.619409
9 25  0.576581
9 26  0.608716
9 27  0.611090
9 28  0.427195
9 29  0.612739
9 30  0.575622
10 11  0.608400
10 12  0.588830
10 13  0.602603
10 14  0.600604
10 15  0.606291
10 16  0.579963
10 17  0.590329
10 18  0.582316
10 19  0.545815
10 20  0.548066
10 21  0.569096
10 22  0.581905
10 23  0.584133
10 24  0.589408
10 25  0.610181
10 26  0.374969
10 27  0.602671
10 28  0.607591
10 29  0.582964
10 30  0.607059
11 12  0.611791
11 13  0.625007
11 14  0.611355
11 15  0.588501
11 16  0.584918
11 17  0.578161
11 18  0.560236
11 19  0.583864
11 20  0.585955
11 21  0.578485
11 22  0.591689
11 23  0.593326
11 24  0.618299
11 25  0.475268
11 26  0.610115
11 27  0.612135
11 28  0.588531
11 29  0.613574
11 30  0.574117
12 13  0.618596
12 14  0.594215
12 15  0.610171
12 16  0.585562
12 17  0.593647
12 18  0.585834
12 19  0.576347
12 20  0.548446
12 21  0.544439
12 22  0.584254
12 23  0.587091
12 24  0.616262
12 25  0.613100
12 26  0.583328
12 27  0.588220
12 28  0.610824
12 29  0.371597
12 30  0.610508
13 14  0.620068
13 15  0.613036
13 16  0.572679
13 17  0.607193
13 18  0.600076
13 19  0.557384
13 20  0.592342
13 21  0.586781
13 22  0.600384
13 23  0.602053
13 24  0.390974
13 25  0.623461
13 26  0.595507
13 27  0.620711
13 28  0.620637
13 29  0.622204
13 30  0.618002
14 15  0.609810
14 16  0.585395
14 17  0.593282
14 18  0.585372
14 19  0.577246
14 20  0.579590
14 21  0.547261
14 22  0.546287
14 23  0.545245
14 24  0.615790
14 25  0.612931
14 26  0.603584
14 27  0.375700
14 28  0.610447
14 29  0.588287
14 30  0.610289
15 16  0.583305
15 17  0.592996
15 18  0.587621
15 19  0.580459
15 20  0.584675
15 21  0.576511
15 22  0.589993
15 23  0.591638
15 24  0.607709
15 25  0.588398
15 26  0.608434
15 27  0.610742
15 28  0.569378
15 29  0.611729
15 30  0.432985
16 17  0.572483
16 18  0.563917
16 19  0.554958
16 20  0.559531
16 21  0.552556
16 22  0.565761
16 23  0.567389
16 24  0.570667
16 25  0.590148
16 26  0.581124
16 27  0.586263
16 28  0.567306
16 29  0.587724
16 30  0.586634
17 18  0.528933
17 19  0.565898
17 20  0.568204
17 21  0.560466
17 22  0.573651
17 23  0.575282
17 24  0.603095
17 25  0.578101
17 26  0.592112
17 27  0.594157
17 28  0.592797
17 29  0.595770
17 30  0.590298
18 19  0.558112
18 20  0.560266
18 21  0.552513
18 22  0.565710
18 23  0.567341
18 24  0.595255
18 25  0.576842
18 26  0.584199
18 27  0.586216
18 28  0.582591
18 29  0.587831
18 30  0.579437
19 20  0.548557
19 21  0.545103
19 22  0.558283
19 23  0.559994
19 24  0.559623
19 25  0.584766
19 26  0.552105
19 27  0.578591
19 28  0.582403
19 29  0.576152
19 30  0.580957
20 21  0.542363
20 22  0.560393
20 23  0.562064
20 24  0.586415
20 25  0.587850
20 26  0.554072
20 27  0.578972
20 28  0.585391
20 29  0.555733
20 30  0.585114
21 22  0.547736
21 23  0.548029
21 24  0.583237
21 25  0.580116
21 26  0.568442
21 27  0.552460
21 28  0.577533
21 29  0.553215
21 30  0.576974
22 23  0.519379
22 24  0.596422
22 25  0.593308
22 26  0.584149
22 27  0.555531
22 28  0.590832
22 29  0.583549
22 30  0.590632
23 24  0.598096
23 25  0.594938
23 26  0.586015
23 27  0.557080
23 28  0.592464
23 29  0.586380
23 30  0.592259
24 25  0.621626
24 26  0.600767
24 27  0.616903
24 28  0.619187
24 29  0.615916
24 30  0.609527
25 26  0.611518
25 27  0.613818
25 28  0.592748
25 29  0.615364
25 30  0.592487
26 27  0.602805
26 28  0.608977
26 29  0.593767
26 30  0.608428
27 28  0.611351
27 29  0.597312
27 30  0.611064
28 29  0.612944
28 30  0.577528
29 30  0.612640
