   -993.85295360
   -994.17925408
0.00039727017000
2 2 2 2 2 2 2 2 2 2 2 2 2 0 0 0 0 0 0 0 0 0 0 0 0 0 
1  0.307761
2  0.328035
3  0.328721
4  0.346327
5  0.345700
6  0.365347
7  0.344325
8  0.342578
9  0.365658
10  0.300962
11  0.292279
12  0.292480
13  0.301015
14  0.301258
15  0.306128
16  0.305651
17  0.300563
18  0.306770
19  0.347827
20  0.347478
21  0.331551
22  0.362220
23  0.350419
24  0.361743
25  0.348747
26  0.330946
1 2  0.619165
1 3  0.619328
1 4  0.652463
1 5  0.651846
1 6  0.659537
1 7  0.648084
1 8  0.646395
1 9  0.659816
1 10  0.608536
1 11  0.599140
1 12  0.599393
1 13  0.608602
1 14  0.607623
1 15  0.612555
1 16  0.611926
1 17  0.607097
1 18  0.566276
1 19  0.652211
1 20  0.651812
1 21  0.625793
1 22  0.635688
1 23  0.654825
1 24  0.636174
1 25  0.653262
1 26  0.624956
2 3  0.653171
2 4  0.672939
2 5  0.651887
2 6  0.655774
2 7  0.669617
2 8  0.665450
2 9  0.683002
2 10  0.626671
2 11  0.619241
2 12  0.620061
2 13  0.628736
2 14  0.628952
2 15  0.633794
2 16  0.630582
2 17  0.623683
2 18  0.621800
2 19  0.675197
2 20  0.655130
2 21  0.626005
2 22  0.686587
2 23  0.677431
2 24  0.544058
2 25  0.669989
2 26  0.655171
3 4  0.652979
3 5  0.672945
3 6  0.683041
3 7  0.667841
3 8  0.668568
3 9  0.656736
3 10  0.629332
3 11  0.620490
3 12  0.620064
3 13  0.627350
3 14  0.625431
3 15  0.631537
3 16  0.633943
3 17  0.629037
3 18  0.622732
3 19  0.656366
3 20  0.675651
3 21  0.656470
3 22  0.544854
3 23  0.672227
3 24  0.686521
3 25  0.676495
3 26  0.626310
4 5  0.691472
4 6  0.708258
4 7  0.641752
4 8  0.688159
4 9  0.698909
4 10  0.647177
4 11  0.638496
4 12  0.632219
4 13  0.616963
4 14  0.623761
4 15  0.644514
4 16  0.651848
4 17  0.646829
4 18  0.650273
4 19  0.441979
4 20  0.693660
4 21  0.676893
4 22  0.699407
4 23  0.656899
4 24  0.707477
4 25  0.694741
4 26  0.670972
5 6  0.698346
5 7  0.689267
5 8  0.639854
5 9  0.707981
5 10  0.616454
5 11  0.631476
5 12  0.638082
5 13  0.646610
5 14  0.646879
5 15  0.651722
5 16  0.643347
5 17  0.622308
5 18  0.649614
5 19  0.693359
5 20  0.439500
5 21  0.671078
5 22  0.707325
5 23  0.695782
5 24  0.698420
5 25  0.654881
5 26  0.675619
6 7  0.705204
6 8  0.681307
6 9  0.704707
6 10  0.663711
6 11  0.653885
6 12  0.657235
6 13  0.665724
6 14  0.666536
6 15  0.671359
6 16  0.668894
6 17  0.665373
6 18  0.635647
6 19  0.712970
6 20  0.709706
6 21  0.551774
6 22  0.725103
6 23  0.715232
6 24  0.680180
6 25  0.704788
6 26  0.692191
7 8  0.686070
7 9  0.683078
7 10  0.645153
7 11  0.636497
7 12  0.610936
7 13  0.635902
7 14  0.640925
7 15  0.634007
7 16  0.649933
7 17  0.644873
7 18  0.647960
7 19  0.654703
7 20  0.691778
7 21  0.675437
7 22  0.703874
7 23  0.445119
7 24  0.705789
7 25  0.692985
7 26  0.654762
8 9  0.703832
8 10  0.634316
8 11  0.609244
8 12  0.634961
8 13  0.643469
8 14  0.643816
8 15  0.648678
8 16  0.632131
8 17  0.638488
8 18  0.646212
8 19  0.690380
8 20  0.652736
8 21  0.653756
8 22  0.704527
8 23  0.692911
8 24  0.701696
8 25  0.441928
8 26  0.673048
9 10  0.665961
9 11  0.657306
9 12  0.654531
9 13  0.664123
9 14  0.666099
9 15  0.670109
9 16  0.671141
9 17  0.666186
9 18  0.636932
9 19  0.710229
9 20  0.712938
9 21  0.692803
9 22  0.681052
9 23  0.706595
9 24  0.724969
9 25  0.713887
9 26  0.552082
10 11  0.547662
10 12  0.593430
10 13  0.601960
10 14  0.602196
10 15  0.607053
10 16  0.560742
10 17  0.291518
10 18  0.606497
10 19  0.648722
10 20  0.631780
10 21  0.629748
10 22  0.662947
10 23  0.651248
10 24  0.660430
10 25  0.642625
10 26  0.631476
11 12  0.584751
11 13  0.593281
11 14  0.593530
11 15  0.598395
11 16  0.289111
11 17  0.552562
11 18  0.597985
11 19  0.640089
11 20  0.635726
11 21  0.619268
11 22  0.654454
11 23  0.642652
11 24  0.653534
11 25  0.618543
11 26  0.623006
12 13  0.547988
12 14  0.553529
12 15  0.289540
12 16  0.598117
12 17  0.593037
12 18  0.598301
12 19  0.636302
12 20  0.639944
12 21  0.623853
12 22  0.654250
12 23  0.620316
12 24  0.654187
12 25  0.641188
12 26  0.619166
13 14  0.291990
13 15  0.561516
13 16  0.606625
13 17  0.601559
13 18  0.606604
13 19  0.632052
13 20  0.648436
13 21  0.632170
13 22  0.661021
13 23  0.644345
13 24  0.662546
13 25  0.649637
13 26  0.629366
14 15  0.559244
14 16  0.606889
14 17  0.601808
14 18  0.607035
14 19  0.618967
14 20  0.648612
14 21  0.632176
14 22  0.658876
14 23  0.645028
14 24  0.662196
14 25  0.649854
14 26  0.631230
15 16  0.611759
15 17  0.606670
15 18  0.612656
15 19  0.644618
15 20  0.653441
15 21  0.637264
15 22  0.665401
15 23  0.625586
15 24  0.667057
15 25  0.654740
15 26  0.634262
16 17  0.558047
16 18  0.612171
16 19  0.653316
16 20  0.643918
16 21  0.634404
16 22  0.667079
16 23  0.655938
16 24  0.664547
16 25  0.623631
16 26  0.636196
17 18  0.606384
17 19  0.648259
17 20  0.618271
17 21  0.631100
17 22  0.661971
17 23  0.650836
17 24  0.657789
17 25  0.642759
17 26  0.630911
18 19  0.650435
18 20  0.650112
18 21  0.621442
18 22  0.655014
18 23  0.655252
18 24  0.654644
18 25  0.653560
18 26  0.621352
19 20  0.694453
19 21  0.676227
19 22  0.682339
19 23  0.647184
19 24  0.704785
19 25  0.695657
19 26  0.673936
20 21  0.674182
20 22  0.705001
20 23  0.697019
20 24  0.681743
20 25  0.645206
20 26  0.675412
21 22  0.682313
21 23  0.680187
21 24  0.653657
21 25  0.657980
21 26  0.658054
22 23  0.700406
22 24  0.698888
22 25  0.707042
22 26  0.654034
23 24  0.708323
23 25  0.698484
23 26  0.658916
24 25  0.698171
24 26  0.681715
25 26  0.677944
