   -993.85295360
   -994.18660716
0.00010904280800
2 2 2 2 2 2 2 2 2 2 2 2 2 0 0 0 0 0 0 0 0 0 0 0 0 0 
1  0.323980
2  0.351838
3  0.351490
4  0.365737
5  0.365910
6  0.393212
7  0.363340
8  0.363293
9  0.393303
10  0.310160
11  0.302673
12  0.302730
13  0.310171
14  0.309468
15  0.317340
16  0.317217
17  0.309417
18  0.323042
19  0.366054
20  0.366036
21  0.353097
22  0.389610
23  0.371035
24  0.389774
25  0.370687
26  0.353201
1 2  0.657388
1 3  0.656878
1 4  0.687590
1 5  0.687804
1 6  0.704394
1 7  0.683281
1 8  0.683274
1 9  0.704511
1 10  0.633888
1 11  0.625563
1 12  0.625610
1 13  0.633902
1 14  0.632189
1 15  0.639760
1 16  0.639659
1 17  0.632157
1 18  0.601495
1 19  0.686573
1 20  0.686545
1 21  0.663628
1 22  0.677197
1 23  0.691745
1 24  0.677615
1 25  0.691397
1 26  0.663736
2 3  0.698516
2 4  0.715057
2 5  0.690733
2 6  0.706646
2 7  0.711103
2 8  0.709355
2 9  0.732088
2 10  0.658570
2 11  0.653354
2 12  0.653685
2 13  0.661415
2 14  0.661041
2 15  0.668614
2 16  0.666148
2 17  0.656425
2 18  0.661901
2 19  0.717228
2 20  0.696848
2 21  0.672624
2 22  0.736749
2 23  0.721594
2 24  0.594732
2 25  0.715436
2 26  0.700867
3 4  0.690222
3 5  0.714870
3 6  0.731712
3 7  0.709072
3 8  0.710760
3 9  0.706414
3 10  0.661046
3 11  0.653287
3 12  0.653068
3 13  0.658263
3 14  0.656111
3 15  0.665922
3 16  0.668156
3 17  0.660638
3 18  0.661604
3 19  0.696572
3 20  0.716865
3 21  0.700473
3 22  0.594084
3 23  0.715455
3 24  0.736475
3 25  0.720930
3 26  0.672407
4 5  0.730496
4 6  0.753837
4 7  0.680179
4 8  0.727619
4 9  0.743994
4 10  0.675653
4 11  0.668144
4 12  0.661183
4 13  0.643149
4 14  0.651406
4 15  0.675331
4 16  0.682760
4 17  0.675083
4 18  0.685610
4 19  0.478836
4 20  0.731613
4 21  0.717630
4 22  0.745200
4 23  0.697996
4 24  0.754619
4 25  0.735959
4 26  0.712446
5 6  0.744030
5 7  0.727840
5 8  0.680211
5 9  0.754061
5 10  0.643355
5 11  0.661284
5 12  0.668374
5 13  0.675838
5 14  0.675309
5 15  0.683059
5 16  0.675389
5 17  0.651507
5 18  0.685809
5 19  0.731812
5 20  0.479027
5 21  0.712488
5 22  0.754628
5 23  0.736490
5 24  0.745525
5 25  0.697768
5 26  0.717894
6 7  0.750060
6 8  0.723879
6 9  0.753553
6 10  0.699946
6 11  0.690497
6 12  0.694798
6 13  0.702285
6 14  0.702635
6 15  0.710289
6 16  0.708168
6 17  0.702048
6 18  0.678849
6 19  0.758888
6 20  0.755795
6 21  0.600305
6 22  0.779973
6 23  0.763357
6 24  0.737376
6 25  0.753139
6 26  0.741452
7 8  0.725216
7 9  0.723997
7 10  0.673218
7 11  0.665772
7 12  0.636490
7 13  0.663212
7 14  0.668040
7 15  0.663212
7 16  0.680506
7 17  0.672747
7 18  0.683100
7 19  0.692903
7 20  0.729340
7 21  0.715851
7 22  0.749905
7 23  0.484101
7 24  0.752737
7 25  0.733888
7 26  0.695523
8 9  0.750046
8 10  0.663200
8 11  0.636423
8 12  0.665780
8 13  0.673180
8 14  0.672752
8 15  0.680583
8 16  0.663120
8 17  0.667943
8 18  0.683045
8 19  0.729310
8 20  0.692746
8 21  0.695420
8 22  0.752528
8 23  0.734196
8 24  0.750022
8 25  0.483531
8 26  0.715902
9 10  0.702355
9 11  0.694820
9 12  0.690650
9 13  0.700050
9 14  0.702197
9 15  0.708354
9 16  0.710268
9 17  0.702675
9 18  0.679249
9 19  0.755900
9 20  0.758958
9 21  0.741364
9 22  0.737276
9 23  0.753509
9 24  0.780213
9 25  0.763113
9 26  0.600397
10 11  0.567664
10 12  0.612847
10 13  0.620289
10 14  0.619606
10 15  0.627429
10 16  0.583136
10 17  0.310078
10 18  0.631634
10 19  0.676159
10 20  0.659164
10 21  0.660618
10 22  0.699496
10 23  0.681008
10 24  0.697667
10 25  0.674048
10 26  0.662823
11 12  0.605371
11 13  0.612801
11 14  0.612135
11 15  0.619992
11 16  0.310433
11 17  0.572930
11 18  0.624651
11 19  0.668716
11 20  0.664667
11 21  0.651126
11 22  0.692231
11 23  0.673648
11 24  0.691915
11 25  0.650470
11 26  0.655643
12 13  0.567735
12 14  0.573025
12 15  0.310649
12 16  0.619927
12 17  0.612142
12 18  0.624721
12 19  0.664751
12 20  0.668754
12 21  0.655596
12 22  0.691812
12 23  0.650761
12 24  0.692454
12 25  0.673354
12 26  0.651283
13 14  0.310025
13 15  0.583299
13 16  0.627317
13 17  0.619566
13 18  0.631675
13 19  0.659148
13 20  0.676151
13 21  0.662739
13 22  0.697542
13 23  0.674387
13 24  0.699676
13 25  0.680668
13 26  0.660766
14 15  0.579127
14 16  0.626629
14 17  0.618841
14 18  0.631345
14 19  0.643027
14 20  0.675223
14 21  0.661582
14 22  0.693138
14 23  0.673018
14 24  0.697896
14 25  0.679848
14 26  0.661532
15 16  0.634505
15 17  0.626701
15 18  0.640048
15 19  0.673102
15 20  0.683045
15 21  0.669750
15 22  0.703262
15 23  0.653601
15 24  0.705815
15 25  0.687751
15 26  0.666556
16 17  0.578963
16 18  0.639925
16 19  0.682939
16 20  0.673019
16 21  0.666342
16 22  0.705550
16 23  0.687978
16 24  0.703324
16 25  0.653202
16 26  0.669734
17 18  0.631287
17 19  0.675187
17 20  0.642992
17 21  0.661390
17 22  0.697691
17 23  0.680145
17 24  0.693224
17 25  0.672628
17 26  0.661630
18 19  0.684904
18 20  0.684869
18 21  0.658284
18 22  0.699778
18 23  0.691643
18 24  0.699934
18 25  0.691300
18 26  0.658567
19 20  0.730598
19 21  0.714942
19 22  0.722523
19 23  0.685372
19 24  0.748958
19 25  0.735234
19 26  0.713795
20 21  0.713672
20 22  0.748857
20 23  0.735564
20 24  0.722660
20 25  0.684977
20 26  0.715000
21 22  0.729565
21 23  0.721402
21 24  0.702612
21 25  0.696455
21 26  0.701011
22 23  0.746197
22 24  0.746827
22 25  0.754888
22 26  0.702480
23 24  0.755332
23 25  0.740499
23 26  0.696846
24 25  0.746039
24 26  0.729856
25 26  0.721149
