   -993.85295360
   -994.18916029
0.00003693091220
2 2 2 2 2 2 2 2 2 2 2 2 2 0 0 0 0 0 0 0 0 0 0 0 0 0 
1  0.330031
2  0.360886
3  0.360844
4  0.375189
5  0.375322
6  0.405250
7  0.372214
8  0.372239
9  0.405290
10  0.315565
11  0.307675
12  0.307646
13  0.315477
14  0.314708
15  0.322885
16  0.322861
17  0.314739
18  0.329086
19  0.375216
20  0.375264
21  0.362050
22  0.401336
23  0.380089
24  0.401368
25  0.380004
26  0.362053
1 2  0.671745
1 3  0.671637
1 4  0.703029
1 5  0.703164
1 6  0.722904
1 7  0.698314
1 8  0.698334
1 9  0.722950
1 10  0.645318
1 11  0.636534
1 12  0.636507
1 13  0.645233
1 14  0.643353
1 15  0.651313
1 16  0.651299
1 17  0.643384
1 18  0.614315
1 19  0.701650
1 20  0.701706
1 21  0.678788
1 22  0.694349
1 23  0.706950
1 24  0.694406
1 25  0.706877
1 26  0.678749
2 3  0.716481
2 4  0.732966
2 5  0.706855
2 6  0.727537
2 7  0.728449
2 8  0.727100
2 9  0.752359
2 10  0.672428
2 11  0.667352
2 12  0.667334
2 13  0.675531
2 14  0.675333
2 15  0.683134
2 16  0.680991
2 17  0.670640
2 18  0.677082
2 19  0.735348
2 20  0.714707
2 21  0.691254
2 22  0.757148
2 23  0.739641
2 24  0.614719
2 25  0.733836
2 26  0.718679
3 4  0.706674
3 5  0.733051
3 6  0.752223
3 7  0.727034
3 8  0.728438
3 9  0.727503
3 10  0.675574
3 11  0.667322
3 12  0.667285
3 13  0.672296
3 14  0.670591
3 15  0.680973
3 16  0.683066
3 17  0.675320
3 18  0.677095
3 19  0.714641
3 20  0.735353
3 21  0.718658
3 22  0.614426
3 23  0.733875
3 24  0.757107
3 25  0.739512
3 26  0.691220
4 5  0.748861
4 6  0.774219
4 7  0.698103
4 8  0.745519
4 9  0.764405
4 10  0.690348
4 11  0.682418
4 12  0.675195
4 13  0.656504
4 14  0.666112
4 15  0.690502
4 16  0.697814
4 17  0.689872
4 18  0.701164
4 19  0.497455
4 20  0.750279
4 21  0.735944
4 22  0.765766
4 23  0.717045
4 24  0.775557
4 25  0.754666
4 26  0.730798
5 6  0.764509
5 7  0.745622
5 8  0.698240
5 9  0.774404
5 10  0.656697
5 11  0.675341
5 12  0.682524
5 13  0.690394
5 14  0.689974
5 15  0.697965
5 16  0.690605
5 17  0.666225
5 18  0.701288
5 19  0.750363
5 20  0.497703
5 21  0.730922
5 22  0.775650
5 23  0.754876
5 24  0.765918
5 25  0.717088
5 26  0.736067
6 7  0.769737
6 8  0.742381
6 9  0.774947
6 10  0.716790
6 11  0.706667
6 12  0.711298
6 13  0.719199
6 14  0.719903
6 15  0.727844
6 16  0.725757
6 17  0.719339
6 18  0.696668
6 19  0.779974
6 20  0.777001
6 21  0.620642
6 22  0.803659
6 23  0.784339
6 24  0.761755
6 25  0.773770
6 26  0.762012
7 8  0.742548
7 9  0.742385
7 10  0.687333
7 11  0.679490
7 12  0.648552
7 13  0.677062
7 14  0.682262
7 15  0.677143
7 16  0.695024
7 17  0.686944
7 18  0.697924
7 19  0.711460
7 20  0.747402
7 21  0.733597
7 22  0.770455
7 23  0.502088
7 24  0.773118
7 25  0.752071
7 26  0.712871
8 9  0.769804
8 10  0.677174
8 11  0.648598
8 12  0.679488
8 13  0.687271
8 14  0.686939
8 15  0.695074
8 16  0.677171
8 17  0.682317
8 18  0.697942
8 19  0.747381
8 20  0.711521
8 21  0.712934
8 22  0.773113
8 23  0.752182
8 24  0.770508
8 25  0.501880
8 26  0.733623
9 10  0.719333
9 11  0.711367
9 12  0.706676
9 13  0.716743
9 14  0.719342
9 15  0.725806
9 16  0.727864
9 17  0.719974
9 18  0.696714
9 19  0.776984
9 20  0.780060
9 21  0.762017
9 22  0.761757
9 23  0.773881
9 24  0.803731
9 25  0.784299
9 26  0.620929
10 11  0.578262
10 12  0.623121
10 13  0.630956
10 14  0.630254
10 15  0.638348
10 16  0.594901
10 17  0.321009
10 18  0.643158
10 19  0.690717
10 20  0.673546
10 21  0.675051
10 22  0.716582
10 23  0.695416
10 24  0.714558
10 25  0.688907
10 26  0.677017
11 12  0.615245
11 13  0.623062
11 14  0.622381
11 15  0.630547
11 16  0.321228
11 17  0.583834
11 18  0.635569
11 19  0.682883
11 20  0.678923
11 21  0.665065
11 22  0.708962
11 23  0.687723
11 24  0.708494
11 25  0.664776
11 26  0.669524
12 13  0.578163
12 14  0.583762
12 15  0.321318
12 16  0.630494
12 17  0.622383
12 18  0.635543
12 19  0.678861
12 20  0.682901
12 21  0.669493
12 22  0.708438
12 23  0.664735
12 24  0.708965
12 25  0.687609
12 26  0.665018
13 14  0.320803
13 15  0.594864
13 16  0.638239
13 17  0.630198
13 18  0.643082
13 19  0.673486
13 20  0.690679
13 21  0.676935
13 22  0.714449
13 23  0.688897
13 24  0.716533
13 25  0.695250
13 26  0.674968
14 15  0.590173
14 16  0.637454
14 17  0.629353
14 18  0.642509
14 19  0.655988
14 20  0.689506
14 21  0.675407
14 22  0.709207
14 23  0.686914
14 24  0.714273
14 25  0.694189
14 26  0.675485
15 16  0.645644
15 17  0.637509
15 18  0.651616
15 19  0.687410
15 20  0.697615
15 21  0.684011
15 22  0.720094
15 23  0.666495
15 24  0.722553
15 25  0.702430
15 26  0.680280
16 17  0.590173
16 18  0.651593
16 19  0.697544
16 20  0.687451
16 21  0.680251
16 22  0.722503
16 23  0.702492
16 24  0.720107
16 25  0.666397
16 26  0.683995
17 18  0.642537
17 19  0.689488
17 20  0.656053
17 21  0.675512
17 22  0.714274
17 23  0.694303
17 24  0.709261
17 25  0.686845
17 26  0.675435
18 19  0.700120
18 20  0.700169
18 21  0.672894
18 22  0.717850
18 23  0.706602
18 24  0.717883
18 25  0.706514
18 26  0.672946
19 20  0.748390
19 21  0.732286
19 22  0.740839
19 23  0.703168
19 24  0.768479
19 25  0.753098
19 26  0.731548
20 21  0.731598
20 22  0.768517
20 23  0.753223
20 24  0.740932
20 25  0.703118
20 26  0.732334
21 22  0.749421
21 23  0.738807
21 24  0.722872
21 25  0.712540
21 26  0.718383
22 23  0.766054
22 24  0.767505
22 25  0.774932
22 26  0.722863
23 24  0.775042
23 25  0.758301
23 26  0.712617
24 25  0.765998
24 26  0.749513
25 26  0.738727
