   -993.85295360
   -994.19027958
0.00000015576774
2 2 2 2 2 2 2 2 2 2 2 2 2 0 0 0 0 0 0 0 0 0 0 0 0 0 
1  0.333321
2  0.365797
3  0.365685
4  0.380533
5  0.380693
6  0.411531
7  0.377288
8  0.377303
9  0.411527
10  0.318951
11  0.310837
12  0.310821
13  0.318854
14  0.318057
15  0.326376
16  0.326323
17  0.318064
18  0.332359
19  0.380343
20  0.380388
21  0.366690
22  0.407574
23  0.385268
24  0.407574
25  0.385120
26  0.366763
1 2  0.679461
1 3  0.679353
1 4  0.711589
1 5  0.711746
1 6  0.732655
1 7  0.706671
1 8  0.706681
1 9  0.732670
1 10  0.651992
1 11  0.642933
1 12  0.642919
1 13  0.651897
1 14  0.649935
1 15  0.658073
1 16  0.658029
1 17  0.649943
1 18  0.621276
1 19  0.709986
1 20  0.710034
1 21  0.686709
1 22  0.703525
1 23  0.715422
1 24  0.703441
1 25  0.715283
1 26  0.686757
2 3  0.725980
2 4  0.742881
2 5  0.715892
2 6  0.738638
2 7  0.738112
2 8  0.736939
2 9  0.763068
2 10  0.680368
2 11  0.675361
2 12  0.675168
2 13  0.683675
2 14  0.683559
2 15  0.691442
2 16  0.689442
2 17  0.678826
2 18  0.685259
2 19  0.745349
2 20  0.724566
2 21  0.701176
2 22  0.768018
2 23  0.749683
2 24  0.625718
2 25  0.743891
2 26  0.728215
3 4  0.715640
3 5  0.742922
3 6  0.762956
3 7  0.736817
3 8  0.738012
3 9  0.738507
3 10  0.683657
3 11  0.675071
3 12  0.675236
3 13  0.680161
3 14  0.678724
3 15  0.689383
3 16  0.691287
3 17  0.683457
3 18  0.685183
3 19  0.724437
3 20  0.745286
3 21  0.728052
3 22  0.625362
3 23  0.743924
3 24  0.767915
3 25  0.749434
3 26  0.701144
4 5  0.759169
4 6  0.785345
4 7  0.708350
4 8  0.755545
4 9  0.775417
4 10  0.698929
4 11  0.690736
4 12  0.683479
4 13  0.664524
4 14  0.674913
4 15  0.699423
4 16  0.706546
4 17  0.698543
4 18  0.709780
4 19  0.508223
4 20  0.760726
4 21  0.745877
4 22  0.777021
4 23  0.728020
4 24  0.787010
4 25  0.765053
4 26  0.740876
5 6  0.775575
5 7  0.755691
5 8  0.708515
5 9  0.785503
5 10  0.664756
5 11  0.683641
5 12  0.690881
5 13  0.698993
5 14  0.698696
5 15  0.706754
5 16  0.699529
5 17  0.675030
5 18  0.709931
5 19  0.760838
5 20  0.508488
5 21  0.740956
5 22  0.787165
5 23  0.765353
5 24  0.777159
5 25  0.728029
5 26  0.746099
6 7  0.780432
6 8  0.752357
6 9  0.785941
6 10  0.726189
6 11  0.715619
6 12  0.720396
6 13  0.728563
6 14  0.729506
6 15  0.737585
6 16  0.735420
6 17  0.728919
6 18  0.706044
6 19  0.791311
6 20  0.788370
6 21  0.631488
6 22  0.816130
6 23  0.795701
6 24  0.774779
6 25  0.784816
6 26  0.772759
7 8  0.752301
7 9  0.752343
7 10  0.695623
7 11  0.687576
7 12  0.656100
7 13  0.685236
7 14  0.690685
7 15  0.685584
7 16  0.703558
7 17  0.695316
7 18  0.706152
7 19  0.722045
7 20  0.757552
7 21  0.743276
7 22  0.781709
7 23  0.512559
7 24  0.784346
7 25  0.762237
7 26  0.722535
8 9  0.780445
8 10  0.685345
8 11  0.656117
8 12  0.687576
8 13  0.695541
8 14  0.695326
8 15  0.703625
8 16  0.685573
8 17  0.690712
8 18  0.706165
8 19  0.757524
8 20  0.722103
8 21  0.722517
8 22  0.784362
8 23  0.762398
8 24  0.781717
8 25  0.512317
8 26  0.743360
9 10  0.728657
9 11  0.720408
9 12  0.715599
9 13  0.726088
9 14  0.728905
9 15  0.735456
9 16  0.737532
9 17  0.729508
9 18  0.705956
9 19  0.788313
9 20  0.791352
9 21  0.772692
9 22  0.774773
9 23  0.784943
9 24  0.816133
9 25  0.795554
9 26  0.631783
10 11  0.584865
10 12  0.629621
10 13  0.637673
10 14  0.636993
10 15  0.645169
10 16  0.602229
10 17  0.327937
10 18  0.649782
10 19  0.699230
10 20  0.682059
10 21  0.683132
10 22  0.726189
10 23  0.703910
10 24  0.724100
10 25  0.697470
10 26  0.685018
11 12  0.621539
11 13  0.629540
11 14  0.628866
11 15  0.637203
11 16  0.328046
11 17  0.590702
11 18  0.641926
11 19  0.691143
11 20  0.687194
11 21  0.672751
11 22  0.718341
11 23  0.696067
11 24  0.717857
11 25  0.673152
11 26  0.677375
12 13  0.584763
12 14  0.590666
12 15  0.328167
12 16  0.637135
12 17  0.628855
12 18  0.641909
12 19  0.687148
12 20  0.691171
12 21  0.677288
12 22  0.717845
12 23  0.673184
12 24  0.718325
12 25  0.695904
12 26  0.672793
13 14  0.327740
13 15  0.602209
13 16  0.645023
13 17  0.636903
13 18  0.649695
13 19  0.681989
13 20  0.699180
13 21  0.684857
13 22  0.724020
13 23  0.697513
13 24  0.726098
13 25  0.703671
13 26  0.683111
14 15  0.597082
14 16  0.644198
14 17  0.635975
14 18  0.649045
14 19  0.663768
14 20  0.697805
14 21  0.683126
14 22  0.718350
14 23  0.695174
14 24  0.723455
14 25  0.702456
14 26  0.683475
15 16  0.652551
15 17  0.644257
15 18  0.658380
15 19  0.695713
15 20  0.706059
15 21  0.691988
15 22  0.729558
15 23  0.674374
15 24  0.732003
15 25  0.710895
15 26  0.688095
16 17  0.597037
16 18  0.658328
16 19  0.705961
16 20  0.695725
16 21  0.687967
16 22  0.731951
16 23  0.710990
16 24  0.729511
16 25  0.674194
16 26  0.692011
17 18  0.649053
17 19  0.697766
17 20  0.663814
17 21  0.683407
17 22  0.723459
17 23  0.702610
17 24  0.718355
17 25  0.695022
17 26  0.683206
18 19  0.708526
18 20  0.708574
18 21  0.680499
18 22  0.727512
18 23  0.714954
18 24  0.727524
18 25  0.714809
18 26  0.680569
19 20  0.758188
19 21  0.741670
19 22  0.750800
19 23  0.713347
19 24  0.779169
19 25  0.762967
19 26  0.741250
20 21  0.741226
20 22  0.779213
20 23  0.763161
20 24  0.750847
20 25  0.713250
20 26  0.741790
21 22  0.759928
21 23  0.748369
21 24  0.733668
21 25  0.721105
21 26  0.727488
22 23  0.776897
22 24  0.778218
22 25  0.785830
22 26  0.733750
23 24  0.785979
23 25  0.768243
23 26  0.721313
24 25  0.776755
24 26  0.760003
25 26  0.748298
