  -1146.51718846
  -1146.87614902
0.00007236178610
2 2 2 2 2 2 2 2 2 2 2 2 2 2 2 0 0 0 0 0 0 0 0 0 0 0 0 0 0 0 
1  0.262635
2  0.275197
3  0.283692
4  0.263814
5  0.259549
6  0.261476
7  0.273796
8  0.275962
9  0.297545
10  0.298863
11  0.297671
12  0.305036
13  0.297437
14  0.308564
15  0.295873
16  0.271343
17  0.278683
18  0.286201
19  0.268380
20  0.264195
21  0.267630
22  0.275887
23  0.278621
24  0.299480
25  0.298523
26  0.298432
27  0.298332
28  0.309752
29  0.298146
30  0.305273
1 2  0.537162
1 3  0.545195
1 4  0.524464
1 5  0.522078
1 6  0.524044
1 7  0.536426
1 8  0.538592
1 9  0.543000
1 10  0.561131
1 11  0.560283
1 12  0.564137
1 13  0.557043
1 14  0.549470
1 15  0.555536
1 16  0.249218
1 17  0.541198
1 18  0.547536
1 19  0.530433
1 20  0.526623
1 21  0.529585
1 22  0.538511
1 23  0.541176
1 24  0.547849
1 25  0.561060
1 26  0.557150
1 27  0.559728
1 28  0.547059
1 29  0.557997
1 30  0.561525
2 3  0.514853
2 4  0.538955
2 5  0.534738
2 6  0.536673
2 7  0.548992
2 8  0.551158
2 9  0.564803
2 10  0.574057
2 11  0.572867
2 12  0.563829
2 13  0.565930
2 14  0.583101
2 15  0.571063
2 16  0.546416
2 17  0.265906
2 18  0.512481
2 19  0.543197
2 20  0.539335
2 21  0.542810
2 22  0.551084
2 23  0.553817
2 24  0.573143
2 25  0.573709
2 26  0.570504
2 27  0.573527
2 28  0.584591
2 29  0.573144
2 30  0.554220
3 4  0.547497
3 5  0.543232
3 6  0.545167
3 7  0.557488
3 8  0.559653
3 9  0.573973
3 10  0.582551
3 11  0.581363
3 12  0.565945
3 13  0.576843
3 14  0.591890
3 15  0.579545
3 16  0.553547
3 17  0.512218
3 18  0.273114
3 19  0.551990
3 20  0.547885
3 21  0.551290
3 22  0.559579
3 23  0.562310
3 24  0.580478
3 25  0.582205
3 26  0.580219
3 27  0.581986
3 28  0.593271
3 29  0.581636
3 30  0.557530
4 5  0.518796
4 6  0.525178
4 7  0.537552
4 8  0.539721
4 9  0.561127
4 10  0.560500
4 11  0.561363
4 12  0.568493
4 13  0.559700
4 14  0.543079
4 15  0.536380
4 16  0.534304
4 17  0.542040
4 18  0.549799
4 19  0.264933
4 20  0.524328
4 21  0.531225
4 22  0.539526
4 23  0.542426
4 24  0.563111
4 25  0.561722
4 26  0.560023
4 27  0.561546
4 28  0.537859
4 29  0.532303
4 30  0.568815
5 6  0.518735
5 7  0.532971
5 8  0.535381
5 9  0.557083
5 10  0.533163
5 11  0.554880
5 12  0.564567
5 13  0.556850
5 14  0.565663
5 15  0.535142
5 16  0.530759
5 17  0.538164
5 18  0.545743
5 19  0.524372
5 20  0.252211
5 21  0.526552
5 22  0.534014
5 23  0.537628
5 24  0.559019
5 25  0.556430
5 26  0.557312
5 27  0.526895
5 28  0.568637
5 29  0.529191
5 30  0.564624
6 7  0.531455
6 8  0.531737
6 9  0.559016
6 10  0.537209
6 11  0.539694
6 12  0.566505
6 13  0.558894
6 14  0.569679
6 15  0.554424
6 16  0.532173
6 17  0.540152
6 18  0.547653
6 19  0.529446
6 20  0.525093
6 21  0.251515
6 22  0.536362
6 23  0.536494
6 24  0.560896
6 25  0.533976
6 26  0.559904
6 27  0.529619
6 28  0.569911
6 29  0.557579
6 30  0.566708
7 8  0.503048
7 9  0.571341
7 10  0.568985
7 11  0.541004
7 12  0.578832
7 13  0.571233
7 14  0.582304
7 15  0.569595
7 16  0.545092
7 17  0.552478
7 18  0.559997
7 19  0.542010
7 20  0.536570
7 21  0.540324
7 22  0.273880
7 23  0.500055
7 24  0.573271
7 25  0.533250
7 26  0.572203
7 27  0.570854
7 28  0.583538
7 29  0.571343
7 30  0.579055
8 9  0.573506
8 10  0.572537
8 11  0.543472
8 12  0.580997
8 13  0.573398
8 14  0.584467
8 15  0.571672
8 16  0.547181
8 17  0.554644
8 18  0.562161
8 19  0.544334
8 20  0.539786
8 21  0.539580
8 22  0.500024
8 23  0.273964
8 24  0.575431
8 25  0.535062
8 26  0.574372
8 27  0.573675
8 28  0.585554
8 29  0.573390
8 30  0.581216
9 10  0.596391
9 11  0.595214
9 12  0.577129
9 13  0.558797
9 14  0.603638
9 15  0.593226
9 16  0.554024
9 17  0.574471
9 18  0.581140
9 19  0.565779
9 20  0.561735
9 21  0.565071
9 22  0.573431
9 23  0.576156
9 24  0.356423
9 25  0.596051
9 26  0.556147
9 27  0.595723
9 28  0.604536
9 29  0.595256
9 30  0.571002
10 11  0.585727
10 12  0.603892
10 13  0.596257
10 14  0.604240
10 15  0.580561
10 16  0.568954
10 17  0.577545
10 18  0.585037
10 19  0.566639
10 20  0.532214
10 21  0.537359
10 22  0.573163
10 23  0.576934
10 24  0.598231
10 25  0.578029
10 26  0.597106
10 27  0.362020
10 28  0.607488
10 29  0.574773
10 30  0.603940
11 12  0.602704
11 13  0.595103
11 14  0.606201
11 15  0.592819
11 16  0.568949
11 17  0.576346
11 18  0.583864
11 19  0.565394
11 20  0.559848
11 21  0.538431
11 22  0.533935
11 23  0.535726
11 24  0.597145
11 25  0.364901
11 26  0.596077
11 27  0.577380
11 28  0.607063
11 29  0.595665
11 30  0.602943
12 13  0.576153
12 14  0.612743
12 15  0.600734
12 16  0.569870
12 17  0.558912
12 18  0.558678
12 19  0.573011
12 20  0.569068
12 21  0.572640
12 22  0.580919
12 23  0.583649
12 24  0.574001
12 25  0.603559
12 26  0.569589
12 27  0.603226
12 28  0.610709
12 29  0.603147
12 30  0.399700
13 14  0.596019
13 15  0.592850
13 16  0.563970
13 17  0.573024
13 18  0.581583
13 19  0.563387
13 20  0.560972
13 21  0.565064
13 22  0.573311
13 23  0.576053
13 24  0.554573
13 25  0.595920
13 26  0.358500
13 27  0.595668
13 28  0.596466
13 29  0.595131
13 30  0.569704
14 15  0.586584
14 16  0.555895
14 17  0.586839
14 18  0.594670
14 19  0.542509
14 20  0.571978
14 21  0.574870
14 22  0.584448
14 23  0.587070
14 24  0.605807
14 25  0.606579
14 26  0.595453
14 27  0.605854
14 28  0.378329
14 29  0.580175
14 30  0.609748
15 16  0.563828
15 17  0.574396
15 18  0.581819
15 19  0.532848
15 20  0.532055
15 21  0.560983
15 22  0.571400
15 23  0.573831
15 24  0.594841
15 25  0.594222
15 26  0.594074
15 27  0.573173
15 28  0.580759
15 29  0.368875
15 30  0.601036
16 17  0.549113
16 18  0.556101
16 19  0.536838
16 20  0.535355
16 21  0.538860
16 22  0.547228
16 23  0.549962
16 24  0.550897
16 25  0.569837
16 26  0.566481
16 27  0.569237
16 28  0.556729
16 29  0.566494
16 30  0.572727
17 18  0.519620
17 19  0.546963
17 20  0.542869
17 21  0.546313
17 22  0.554570
17 23  0.557303
17 24  0.569242
17 25  0.577205
17 26  0.569929
17 27  0.577012
17 28  0.587631
17 29  0.576816
17 30  0.566282
18 19  0.554556
18 20  0.550386
18 21  0.553831
18 22  0.562088
18 23  0.564821
18 24  0.577980
18 25  0.584724
18 26  0.579182
18 27  0.584529
18 28  0.595416
18 29  0.584331
18 30  0.569119
19 20  0.527545
19 21  0.535826
19 22  0.544234
19 23  0.546957
19 24  0.567574
19 25  0.566811
19 26  0.564709
19 27  0.563738
19 28  0.548086
19 29  0.542581
19 30  0.573197
20 21  0.528511
20 22  0.539520
20 23  0.542598
20 24  0.563666
20 25  0.559926
20 26  0.562544
20 27  0.536681
20 28  0.570974
20 29  0.540360
20 30  0.569449
21 22  0.538413
21 23  0.540017
21 24  0.567104
21 25  0.545165
21 26  0.566034
21 27  0.541455
21 28  0.576885
21 29  0.562403
21 30  0.572895
22 23  0.507259
22 24  0.575367
22 25  0.543857
22 26  0.574317
22 27  0.570172
22 28  0.585618
22 29  0.573950
22 30  0.581160
23 24  0.578100
23 25  0.547039
23 26  0.577052
23 27  0.573978
23 28  0.588342
23 29  0.576627
23 30  0.583893
24 25  0.598001
24 26  0.560214
24 27  0.597801
24 28  0.606734
24 29  0.597474
24 30  0.580006
25 26  0.596946
25 27  0.586650
25 28  0.608231
25 29  0.595481
25 30  0.603792
26 27  0.596729
26 28  0.597908
26 29  0.595603
26 30  0.579015
27 28  0.604741
27 29  0.583215
27 30  0.603599
28 29  0.591476
28 30  0.613982
29 30  0.603183
