  -1146.51718846
  -1146.87778391
0.00001485859860
2 2 2 2 2 2 2 2 2 2 2 2 2 2 2 0 0 0 0 0 0 0 0 0 0 0 0 0 0 0 
1  0.267293
2  0.277762
3  0.286183
4  0.267687
5  0.263257
6  0.264605
7  0.275511
8  0.277610
9  0.301890
10  0.303257
11  0.300350
12  0.308932
13  0.302319
14  0.313954
15  0.300683
16  0.276397
17  0.281289
18  0.288725
19  0.272416
20  0.267995
21  0.270842
22  0.277631
23  0.280289
24  0.303734
25  0.301030
26  0.303311
27  0.302653
28  0.315045
29  0.302803
30  0.309027
1 2  0.544242
1 3  0.552138
1 4  0.532904
1 5  0.530428
1 6  0.531792
1 7  0.542797
1 8  0.544894
1 9  0.550951
1 10  0.570125
1 11  0.567613
1 12  0.572423
1 13  0.566534
1 14  0.559156
1 15  0.564772
1 16  0.257889
1 17  0.548437
1 18  0.554649
1 19  0.539081
1 20  0.535044
1 21  0.537353
1 22  0.544904
1 23  0.547476
1 24  0.556334
1 25  0.568219
1 26  0.566699
1 27  0.568656
1 28  0.557031
1 29  0.567293
1 30  0.569903
2 3  0.520163
2 4  0.545379
2 5  0.541004
2 6  0.542366
2 7  0.553272
2 8  0.555371
2 9  0.571214
2 10  0.581011
2 11  0.578111
2 12  0.570162
2 13  0.572946
2 14  0.590959
2 15  0.578433
2 16  0.554005
2 17  0.270782
2 18  0.517908
2 19  0.549690
2 20  0.545690
2 21  0.548579
2 22  0.555392
2 23  0.558049
2 24  0.579832
2 25  0.578778
2 26  0.577810
2 27  0.580411
2 28  0.592449
2 29  0.580299
2 30  0.560543
3 4  0.553856
3 5  0.549425
3 6  0.550786
3 7  0.561693
3 8  0.563791
3 9  0.580439
3 10  0.589431
3 11  0.586532
3 12  0.572035
3 13  0.583963
3 14  0.599685
3 15  0.586839
3 16  0.560961
3 17  0.517685
3 18  0.277918
3 19  0.558475
3 20  0.554175
3 21  0.556977
3 22  0.563814
3 23  0.566467
3 24  0.587154
3 25  0.587199
3 26  0.587493
3 27  0.588784
3 28  0.601059
3 29  0.588736
3 30  0.563748
4 5  0.526022
4 6  0.532159
4 7  0.543124
4 8  0.545221
4 9  0.569298
4 10  0.568561
4 11  0.567899
4 12  0.576195
4 13  0.568252
4 14  0.552257
4 15  0.544944
4 16  0.543171
4 17  0.548424
4 18  0.556160
4 19  0.272324
4 20  0.531910
4 21  0.538271
4 22  0.545117
4 23  0.547959
4 24  0.571182
4 25  0.568043
4 26  0.568739
4 27  0.569677
4 28  0.547088
4 29  0.540879
4 30  0.576427
5 6  0.525450
5 7  0.538329
5 8  0.540711
5 9  0.565132
5 10  0.541142
5 11  0.561032
5 12  0.572168
5 13  0.565411
5 14  0.574548
5 15  0.543402
5 16  0.539498
5 17  0.544449
5 18  0.551972
5 19  0.532012
5 20  0.259086
5 21  0.533413
5 22  0.539329
5 23  0.542989
5 24  0.566983
5 25  0.562622
5 26  0.565796
5 27  0.534915
5 28  0.577567
5 29  0.537538
5 30  0.572085
6 7  0.536119
6 8  0.536248
6 9  0.566486
6 10  0.544483
6 11  0.545226
6 12  0.573527
6 13  0.566898
6 14  0.578145
6 15  0.562088
6 16  0.540234
6 17  0.545878
6 18  0.553286
6 19  0.536584
6 20  0.531948
6 21  0.257215
6 22  0.541169
6 23  0.541201
6 24  0.568246
6 25  0.539601
6 26  0.567912
6 27  0.537034
6 28  0.578263
6 29  0.565327
6 30  0.573588
7 8  0.506614
7 9  0.577401
7 10  0.574827
7 11  0.545308
7 12  0.584442
7 13  0.577829
7 14  0.589391
7 15  0.576099
7 16  0.551836
7 17  0.556799
7 18  0.564235
7 19  0.547756
7 20  0.542014
7 21  0.545183
7 22  0.277254
7 23  0.503654
7 24  0.579236
7 25  0.537424
7 26  0.578797
7 27  0.576847
7 28  0.590547
7 29  0.577703
7 30  0.584517
8 9  0.579499
8 10  0.578380
8 11  0.547786
8 12  0.586541
8 13  0.579927
8 14  0.591489
8 15  0.578101
8 16  0.553834
8 17  0.558899
8 18  0.566329
8 19  0.550018
8 20  0.545194
8 21  0.544378
8 22  0.503633
8 23  0.277251
8 24  0.581325
8 25  0.539197
8 26  0.580901
8 27  0.579592
8 28  0.592492
8 29  0.579630
8 30  0.586614
9 10  0.605125
9 11  0.602238
9 12  0.585111
9 13  0.568111
9 14  0.613254
9 15  0.602351
9 16  0.562921
9 17  0.581267
9 18  0.587897
9 19  0.574124
9 20  0.569879
9 21  0.572589
9 22  0.579519
9 23  0.582162
9 24  0.364292
9 25  0.602899
9 26  0.565331
9 27  0.604366
9 28  0.614144
9 29  0.604229
9 30  0.578957
10 11  0.592391
10 12  0.612181
10 13  0.605523
10 14  0.613695
10 15  0.589312
10 16  0.578403
10 17  0.584546
10 18  0.591944
10 19  0.574997
10 20  0.540402
10 21  0.544871
10 22  0.579255
10 23  0.582951
10 24  0.606860
10 25  0.584744
10 26  0.606363
10 27  0.370413
10 28  0.617142
10 29  0.583581
10 30  0.612041
11 12  0.609279
11 13  0.602663
11 14  0.614264
11 15  0.600193
11 16  0.576676
11 17  0.581625
11 18  0.589063
11 19  0.572053
11 20  0.566269
11 21  0.544252
11 22  0.538324
11 23  0.540034
11 24  0.604077
11 25  0.369954
11 26  0.603636
11 27  0.584192
11 28  0.614996
11 29  0.602969
11 30  0.609376
12 13  0.584326
12 14  0.621918
12 15  0.609409
12 16  0.578777
12 17  0.565400
12 18  0.565039
12 19  0.580908
12 20  0.576745
12 21  0.579732
12 22  0.586556
12 23  0.589210
12 24  0.581961
12 25  0.609961
12 26  0.577796
12 27  0.611412
12 28  0.619839
12 29  0.611696
12 30  0.407172
13 14  0.605558
13 15  0.602416
13 16  0.573918
13 17  0.580378
13 18  0.588893
13 19  0.572234
13 20  0.569588
13 21  0.573156
13 22  0.579932
13 23  0.582603
13 24  0.563575
13 25  0.603308
13 26  0.367670
13 27  0.604861
13 28  0.606439
13 29  0.604624
13 30  0.577953
14 15  0.596454
14 16  0.566273
14 17  0.594811
14 18  0.602572
14 19  0.551970
14 20  0.581106
14 21  0.583457
14 22  0.591579
14 23  0.594118
14 24  0.615435
14 25  0.614453
14 26  0.605538
14 27  0.615540
14 28  0.388655
14 29  0.590031
14 30  0.618805
15 16  0.573642
15 17  0.581782
15 18  0.589112
15 19  0.541690
15 20  0.540559
15 21  0.568978
15 22  0.577929
15 23  0.580242
15 24  0.603929
15 25  0.601511
15 26  0.603725
15 27  0.582034
15 28  0.590633
15 29  0.378046
15 30  0.609607
16 17  0.556639
16 18  0.563514
16 19  0.545796
16 20  0.544173
16 21  0.547088
16 22  0.554024
16 23  0.556681
16 24  0.559121
16 25  0.577389
16 26  0.576356
16 27  0.578541
16 28  0.566684
16 29  0.575953
16 30  0.581246
17 18  0.525056
17 19  0.553573
17 20  0.549269
17 21  0.552131
17 22  0.558920
17 23  0.561578
17 24  0.575623
17 25  0.582319
17 26  0.577006
17 27  0.583937
17 28  0.595414
17 29  0.584071
17 30  0.572488
18 19  0.561107
18 20  0.556704
18 21  0.559565
18 22  0.566355
18 23  0.569013
18 24  0.584414
18 25  0.589754
18 26  0.586233
18 27  0.591370
18 28  0.603167
18 29  0.591507
18 30  0.575071
19 20  0.535099
19 21  0.543032
19 22  0.550004
19 23  0.552654
19 24  0.575830
19 25  0.573332
19 26  0.573404
19 27  0.571862
19 28  0.557228
19 29  0.551177
19 30  0.580931
20 21  0.535343
20 22  0.544984
20 23  0.548026
20 24  0.571717
20 25  0.566011
20 26  0.571220
20 27  0.544570
20 28  0.579846
20 29  0.548684
20 30  0.576998
21 22  0.543162
21 23  0.544658
21 24  0.574564
21 25  0.550724
21 26  0.574120
21 27  0.548715
21 28  0.585316
21 29  0.569977
21 30  0.579857
22 23  0.510899
22 24  0.581365
22 25  0.547978
22 26  0.580939
22 27  0.576001
22 28  0.592636
22 29  0.580334
22 30  0.586658
23 24  0.584022
23 25  0.551155
23 26  0.583598
23 27  0.579767
23 28  0.595297
23 29  0.582930
23 30  0.589316
24 25  0.604760
24 26  0.569307
24 27  0.606371
24 28  0.616186
24 29  0.606345
24 30  0.587877
25 26  0.604332
25 27  0.593201
25 28  0.616024
25 29  0.602509
25 30  0.610053
26 27  0.605924
26 28  0.607567
26 29  0.604972
26 30  0.587066
27 28  0.613992
27 29  0.591826
27 30  0.611674
28 29  0.601111
28 30  0.622922
29 30  0.611535
