  -1146.51718846
  -1146.87822693
0.00000483924498
2 2 2 2 2 2 2 2 2 2 2 2 2 2 2 0 0 0 0 0 0 0 0 0 0 0 0 0 0 0 
1  0.268713
2  0.278500
3  0.286915
4  0.268926
5  0.264348
6  0.265439
7  0.275957
8  0.278041
9  0.302989
10  0.304414
11  0.300982
12  0.309946
13  0.303616
14  0.315601
15  0.302038
16  0.277914
17  0.282065
18  0.289513
19  0.273688
20  0.269086
21  0.271737
22  0.278064
23  0.280706
24  0.304823
25  0.301653
26  0.304579
27  0.303770
28  0.316628
29  0.304107
30  0.310058
1 2  0.546356
1 3  0.554226
1 4  0.535524
1 5  0.532931
1 6  0.534026
1 7  0.544659
1 8  0.546742
1 9  0.553127
1 10  0.572680
1 11  0.569663
1 12  0.574801
1 13  0.569232
1 14  0.562119
1 15  0.567482
1 16  0.260582
1 17  0.550627
1 18  0.556802
1 19  0.541749
1 20  0.537552
1 21  0.539656
1 22  0.546749
1 23  0.549290
1 24  0.558734
1 25  0.570249
1 26  0.569383
1 27  0.571160
1 28  0.560041
1 29  0.570034
1 30  0.572351
2 3  0.521706
2 4  0.547344
2 5  0.542828
2 6  0.543938
2 7  0.554456
2 8  0.556540
2 9  0.572940
2 10  0.582902
2 11  0.579482
2 12  0.571899
2 13  0.574884
2 14  0.593290
2 15  0.580523
2 16  0.556249
2 17  0.272303
2 18  0.519546
2 19  0.551636
2 20  0.547514
2 21  0.550200
2 22  0.556563
2 23  0.559204
2 24  0.581627
2 25  0.580132
2 26  0.579813
2 27  0.582267
2 28  0.594751
2 29  0.582319
2 30  0.562321
3 4  0.555823
3 5  0.551242
3 6  0.552351
3 7  0.562871
3 8  0.564954
3 9  0.582231
3 10  0.591316
3 11  0.587896
3 12  0.573725
3 13  0.585916
3 14  0.602030
3 15  0.588922
3 16  0.563176
3 17  0.519306
3 18  0.279484
3 19  0.560470
3 20  0.555997
3 21  0.558578
3 22  0.564979
3 23  0.567612
3 24  0.588966
3 25  0.588545
3 26  0.589464
3 27  0.590629
3 28  0.603353
3 29  0.590720
3 30  0.565503
4 5  0.528286
4 6  0.534228
4 7  0.544802
4 8  0.546872
4 9  0.571617
4 10  0.570880
4 11  0.569762
4 12  0.578411
4 13  0.570733
4 14  0.555110
4 15  0.547522
4 16  0.545900
4 17  0.550359
4 18  0.558171
4 19  0.274778
4 20  0.534246
4 21  0.540404
4 22  0.546773
4 23  0.549609
4 24  0.573503
4 25  0.569857
4 26  0.571258
4 27  0.572008
4 28  0.549917
4 29  0.543407
4 30  0.578696
5 6  0.527325
5 7  0.539839
5 8  0.542228
5 9  0.567317
5 10  0.543362
5 11  0.562705
5 12  0.574269
5 13  0.567779
5 14  0.577199
5 15  0.545810
5 16  0.542101
5 17  0.546283
5 18  0.553853
5 19  0.534380
5 20  0.261216
5 21  0.535370
5 22  0.540825
5 23  0.544496
5 24  0.569161
5 25  0.564342
5 26  0.568066
5 27  0.537121
5 28  0.580213
5 29  0.539915
5 30  0.574209
6 7  0.537345
6 8  0.537488
6 9  0.568416
6 10  0.546406
6 11  0.546660
6 12  0.575376
6 13  0.569028
6 14  0.580603
6 15  0.564211
6 16  0.542561
6 17  0.547480
6 18  0.554893
6 19  0.538693
6 20  0.533848
6 21  0.258834
6 22  0.542419
6 23  0.542458
6 24  0.570155
6 25  0.541050
6 26  0.570015
6 27  0.538979
6 28  0.580636
6 29  0.567475
6 30  0.575451
7 8  0.507552
7 9  0.578946
7 10  0.576382
7 11  0.546386
7 12  0.585903
7 13  0.579572
7 14  0.591472
7 15  0.577897
7 16  0.553790
7 17  0.558020
7 18  0.565469
7 19  0.549471
7 20  0.543511
7 21  0.546501
7 22  0.278180
7 23  0.504580
7 24  0.580768
7 25  0.538505
7 26  0.580506
7 27  0.578410
7 28  0.592577
7 29  0.579447
7 30  0.585987
8 9  0.581029
8 10  0.579923
8 11  0.548874
8 12  0.587986
8 13  0.581655
8 14  0.593558
8 15  0.579877
8 16  0.555752
8 17  0.560105
8 18  0.567545
8 19  0.551719
8 20  0.546721
8 21  0.545710
8 22  0.504559
8 23  0.278185
8 24  0.582838
8 25  0.540274
8 26  0.582597
8 27  0.581122
8 28  0.594508
8 29  0.581342
8 30  0.588065
9 10  0.607379
9 11  0.603968
9 12  0.587190
9 13  0.570567
9 14  0.615965
9 15  0.604793
9 16  0.565420
9 17  0.583099
9 18  0.589771
9 19  0.576481
9 20  0.572068
9 21  0.574564
9 22  0.581049
9 23  0.583672
9 24  0.366380
9 25  0.604613
9 26  0.567728
9 27  0.606576
9 28  0.616810
9 29  0.606646
9 30  0.581045
10 11  0.594101
10 12  0.614352
10 13  0.607973
10 14  0.616416
10 15  0.591696
10 16  0.581043
10 17  0.586477
10 18  0.593884
10 19  0.577401
10 20  0.542638
10 21  0.546892
10 22  0.580845
10 23  0.584511
10 24  0.609106
10 25  0.586480
10 26  0.608793
10 27  0.372792
10 28  0.619880
10 29  0.585979
10 30  0.614220
11 12  0.610926
11 13  0.604593
11 14  0.616541
11 15  0.602145
11 16  0.578817
11 17  0.583026
11 18  0.590477
11 19  0.573912
11 20  0.568000
11 21  0.545783
11 22  0.539396
11 23  0.541100
11 24  0.605795
11 25  0.371341
11 26  0.605541
11 27  0.585903
11 28  0.617215
11 29  0.604894
11 30  0.611040
12 13  0.586488
12 14  0.624541
12 15  0.611759
12 16  0.581292
12 17  0.567198
12 18  0.566844
12 19  0.583185
12 20  0.578829
12 21  0.581637
12 22  0.588000
12 23  0.590639
12 24  0.584024
12 25  0.611598
12 26  0.579950
12 27  0.613543
12 28  0.622425
12 29  0.614012
12 30  0.409375
13 14  0.608300
13 15  0.605031
13 16  0.576727
13 17  0.582443
13 18  0.590944
13 19  0.574819
13 20  0.571927
13 21  0.575347
13 22  0.581654
13 23  0.584319
13 24  0.565974
13 25  0.605227
13 26  0.370235
13 27  0.607275
13 28  0.609271
13 29  0.607202
13 30  0.580178
14 15  0.599343
14 16  0.569423
14 17  0.597211
14 18  0.604999
14 19  0.554872
14 20  0.583815
14 21  0.585950
14 22  0.593655
14 23  0.596186
14 24  0.618148
14 25  0.616727
14 26  0.608405
14 27  0.618303
14 28  0.391956
14 29  0.592917
14 30  0.621452
15 16  0.576532
15 17  0.583893
15 18  0.591189
15 19  0.544325
15 20  0.542986
15 21  0.571241
15 22  0.579713
15 23  0.581985
15 24  0.606385
15 25  0.603477
15 26  0.606330
15 27  0.584421
15 28  0.593493
15 29  0.380886
15 30  0.611988
16 17  0.558893
16 18  0.565752
16 19  0.548523
16 20  0.546771
16 21  0.549481
16 22  0.555971
16 23  0.558613
16 24  0.561396
16 25  0.579523
16 26  0.579130
16 27  0.581148
16 28  0.569664
16 29  0.578707
16 30  0.583730
17 18  0.526708
17 19  0.555605
17 20  0.551134
17 21  0.553801
17 22  0.560128
17 23  0.562770
17 24  0.577390
17 25  0.583717
17 26  0.578951
17 27  0.585826
17 28  0.597712
17 29  0.586144
17 30  0.574266
18 19  0.563164
18 20  0.558581
18 21  0.561248
18 22  0.567577
18 23  0.570219
18 24  0.586240
18 25  0.591166
18 26  0.588184
18 27  0.593273
18 28  0.605498
18 29  0.593599
18 30  0.576829
19 20  0.537402
19 21  0.545192
19 22  0.551708
19 23  0.554334
19 24  0.578172
19 25  0.575220
19 26  0.575888
19 27  0.574165
19 28  0.560023
19 29  0.553737
19 30  0.583199
20 21  0.537252
20 22  0.546479
20 23  0.549525
20 24  0.573892
20 25  0.567683
20 26  0.573573
20 27  0.546733
20 28  0.582435
20 29  0.551048
20 30  0.579118
21 22  0.544445
21 23  0.545949
21 24  0.576542
21 25  0.552219
21 26  0.576279
21 27  0.550655
21 28  0.587764
21 29  0.572103
21 30  0.581782
22 23  0.511821
22 24  0.582887
22 25  0.549025
22 26  0.582641
22 27  0.577504
22 28  0.594644
22 29  0.582067
22 30  0.588122
23 24  0.585528
23 25  0.552213
23 26  0.585282
23 27  0.581246
23 28  0.597298
23 29  0.584643
23 30  0.590764
24 25  0.606469
24 26  0.571691
24 27  0.608576
24 28  0.618839
24 29  0.608726
24 30  0.589974
25 26  0.606223
25 27  0.594886
25 28  0.618227
25 29  0.604390
25 30  0.611706
26 27  0.608303
26 28  0.610274
26 29  0.607487
26 30  0.589220
27 28  0.616600
27 29  0.594144
27 30  0.613822
28 29  0.603905
28 30  0.625496
29 30  0.613846
