   -993.90476054
   -994.21603299
0.00024742545200
2 2 2 2 2 2 2 2 2 2 2 2 2 0 0 0 0 0 0 0 0 0 0 0 0 0 
1  0.253214
2  0.253685
3  0.272559
4  0.275551
5  0.277421
6  0.292454
7  0.295743
8  0.293793
9  0.289838
10  0.302831
11  0.294097
12  0.303601
13  0.278714
14  0.264590
15  0.263318
16  0.279600
17  0.275188
18  0.302969
19  0.299959
20  0.296348
21  0.291995
22  0.295163
23  0.282800
24  0.292290
25  0.296625
26  0.277541
1 2  0.506615
1 3  0.525068
1 4  0.528398
1 5  0.530608
1 6  0.544096
1 7  0.544536
1 8  0.543106
1 9  0.531361
1 10  0.555730
1 11  0.529365
1 12  0.554541
1 13  0.531870
1 14  0.226944
1 15  0.516479
1 16  0.531173
1 17  0.528206
1 18  0.550556
1 19  0.549041
1 20  0.549047
1 21  0.543079
1 22  0.528995
1 23  0.535964
1 24  0.544697
1 25  0.534636
1 26  0.530535
2 3  0.526243
2 4  0.529229
2 5  0.526294
2 6  0.545879
2 7  0.538976
2 8  0.542448
2 9  0.537105
2 10  0.538378
2 11  0.547690
2 12  0.557207
2 13  0.529836
2 14  0.518131
2 15  0.237778
2 16  0.533268
2 17  0.528814
2 18  0.556574
2 19  0.526916
2 20  0.529313
2 21  0.545102
2 22  0.548251
2 23  0.531707
2 24  0.544199
2 25  0.550295
2 26  0.530005
3 4  0.503471
3 5  0.549979
3 6  0.559953
3 7  0.568263
3 8  0.566145
3 9  0.562379
3 10  0.575389
3 11  0.560205
3 12  0.557083
3 13  0.551272
3 14  0.536081
3 15  0.535846
3 16  0.262971
3 17  0.500169
3 18  0.543313
3 19  0.572514
3 20  0.568878
3 21  0.563517
3 22  0.567564
3 23  0.555359
3 24  0.564761
3 25  0.567220
3 26  0.550099
4 5  0.552971
4 6  0.561703
4 7  0.571258
4 8  0.569035
4 9  0.565360
4 10  0.578379
4 11  0.565593
4 12  0.557829
4 13  0.554264
4 14  0.540087
4 15  0.538755
4 16  0.502261
4 17  0.262706
4 18  0.550480
4 19  0.575308
4 20  0.571856
4 21  0.564152
4 22  0.570701
4 23  0.558345
4 24  0.567213
4 25  0.571017
4 26  0.553092
5 6  0.569865
5 7  0.571383
5 8  0.570923
5 9  0.567202
5 10  0.548157
5 11  0.571515
5 12  0.581020
5 13  0.507958
5 14  0.541751
5 15  0.537705
5 16  0.557019
5 17  0.552608
5 18  0.580331
5 19  0.577032
5 20  0.529311
5 21  0.569286
5 22  0.572212
5 23  0.283703
5 24  0.569135
5 25  0.574012
5 26  0.505448
6 7  0.587216
6 8  0.577450
6 9  0.581547
6 10  0.595226
6 11  0.551333
6 12  0.572106
6 13  0.571158
6 14  0.555181
6 15  0.554666
6 16  0.570882
6 17  0.565649
6 18  0.561309
6 19  0.590023
6 20  0.588553
6 21  0.341383
6 22  0.586774
6 23  0.575177
6 24  0.578889
6 25  0.549420
6 26  0.569978
7 8  0.558772
7 9  0.555300
7 10  0.590944
7 11  0.589580
7 12  0.599251
7 13  0.571955
7 14  0.554547
7 15  0.543829
7 16  0.575263
7 17  0.570918
7 18  0.597713
7 19  0.442090
7 20  0.576494
7 21  0.586242
7 22  0.558763
7 23  0.578184
7 24  0.543185
7 25  0.591694
7 26  0.572138
8 9  0.549141
8 10  0.595685
8 11  0.587103
8 12  0.596063
8 13  0.572319
8 14  0.553950
8 15  0.552012
8 16  0.573382
8 17  0.568462
8 18  0.593892
8 19  0.562227
8 20  0.588948
8 21  0.574957
8 22  0.541713
8 23  0.576222
8 24  0.398303
8 25  0.589840
8 26  0.571218
9 10  0.589755
9 11  0.582927
9 12  0.593164
9 13  0.568253
9 14  0.543353
9 15  0.550479
9 16  0.569121
9 17  0.564911
9 18  0.592521
9 19  0.545126
9 20  0.585935
9 21  0.581560
9 22  0.398916
9 23  0.572090
9 24  0.543491
9 25  0.584898
9 26  0.566664
10 11  0.596901
10 12  0.606417
10 13  0.547024
10 14  0.566238
10 15  0.537491
10 16  0.582402
10 17  0.578008
10 18  0.605758
10 19  0.591061
10 20  0.375909
10 21  0.594818
10 22  0.596144
10 23  0.544928
10 24  0.594537
10 25  0.599318
10 26  0.535667
11 12  0.572447
11 13  0.572807
11 14  0.539010
11 15  0.557371
11 16  0.570395
11 17  0.568094
11 18  0.569127
11 19  0.593288
11 20  0.590409
11 21  0.544568
11 22  0.586628
11 23  0.576868
11 24  0.585813
11 25  0.348603
11 26  0.571590
12 13  0.582312
12 14  0.562460
12 15  0.566611
12 16  0.554738
12 17  0.547152
12 18  0.397194
12 19  0.602368
12 20  0.599923
12 21  0.568040
12 22  0.597649
12 23  0.586361
12 24  0.594003
12 25  0.566030
12 26  0.581121
13 14  0.542715
13 15  0.541315
13 16  0.558307
13 17  0.553902
13 18  0.581603
13 19  0.577552
13 20  0.536056
13 21  0.570567
13 22  0.572933
13 23  0.503862
13 24  0.570247
13 25  0.575274
13 26  0.283950
14 15  0.527581
14 16  0.543366
14 17  0.539153
14 18  0.564229
14 19  0.561630
14 20  0.560612
14 21  0.554191
14 22  0.540318
14 23  0.547365
14 24  0.554875
14 25  0.542324
14 26  0.542057
15 16  0.542908
15 17  0.538498
15 18  0.566249
15 19  0.544972
15 20  0.541470
15 21  0.554935
15 22  0.554933
15 23  0.540538
15 24  0.550565
15 25  0.559895
15 26  0.536122
16 17  0.509214
16 18  0.560177
16 19  0.579477
16 20  0.575945
16 21  0.566900
16 22  0.574645
16 23  0.562399
16 24  0.571685
16 25  0.568928
16 26  0.557140
17 18  0.558640
17 19  0.575025
17 20  0.571535
17 21  0.560744
17 22  0.570192
17 23  0.557988
17 24  0.567155
17 25  0.564869
17 26  0.552729
18 19  0.602728
18 20  0.599296
18 21  0.572030
18 22  0.597995
18 23  0.585769
18 24  0.594234
18 25  0.575500
18 26  0.580507
19 20  0.590677
19 21  0.589773
19 22  0.566049
19 23  0.581475
19 24  0.563119
19 25  0.596345
19 26  0.574935
20 21  0.588202
20 22  0.588464
20 23  0.544852
20 24  0.585342
20 25  0.592952
20 26  0.541987
21 22  0.585917
21 23  0.574787
21 24  0.575347
21 25  0.551992
21 26  0.569525
22 23  0.577801
22 24  0.551116
22 25  0.590680
22 26  0.572096
23 24  0.574891
23 25  0.579424
23 26  0.511180
24 25  0.588258
24 26  0.569515
25 26  0.574164
