   -993.90476054
   -994.21995863
0.00007954907890
2 2 2 2 2 2 2 2 2 2 2 2 2 0 0 0 0 0 0 0 0 0 0 0 0 0 
1  0.264206
2  0.261517
3  0.277535
4  0.280992
5  0.280988
6  0.303886
7  0.306875
8  0.305019
9  0.300309
10  0.310189
11  0.304631
12  0.312267
13  0.282944
14  0.276758
15  0.272004
16  0.285122
17  0.280210
18  0.310614
19  0.311740
20  0.302629
21  0.303148
22  0.306244
23  0.286531
24  0.303443
25  0.306865
26  0.281129
1 2  0.525459
1 3  0.540839
1 4  0.544788
1 5  0.545147
1 6  0.566328
1 7  0.566096
1 8  0.565160
1 9  0.550669
1 10  0.573883
1 11  0.549087
1 12  0.573857
1 13  0.547032
1 14  0.247230
1 15  0.536148
1 16  0.547530
1 17  0.544126
1 18  0.569233
1 19  0.571323
1 20  0.566322
1 21  0.565153
1 22  0.550313
1 23  0.550643
1 24  0.566754
1 25  0.555159
1 26  0.544891
2 3  0.539049
2 4  0.542498
2 5  0.537383
2 6  0.565073
2 7  0.557593
2 8  0.560806
2 9  0.554179
2 10  0.552720
2 11  0.566059
2 12  0.573684
2 13  0.541495
2 14  0.538151
2 15  0.252244
2 16  0.546602
2 17  0.541631
2 18  0.572042
2 19  0.546269
2 20  0.543254
2 21  0.563988
2 22  0.566935
2 23  0.543163
2 24  0.563016
2 25  0.568346
2 26  0.541295
3 4  0.514331
3 5  0.558521
3 6  0.575165
3 7  0.584345
3 8  0.582257
3 9  0.577806
3 10  0.587722
3 11  0.575172
3 12  0.570417
3 13  0.560477
3 14  0.553070
3 15  0.549496
3 16  0.273018
3 17  0.510713
3 18  0.555958
3 19  0.589269
3 20  0.580131
3 21  0.579397
3 22  0.583606
3 23  0.564064
3 24  0.580857
3 25  0.582339
3 26  0.558662
4 5  0.561979
4 6  0.577750
4 7  0.587805
4 8  0.585542
4 9  0.581270
4 10  0.591177
4 11  0.580851
4 12  0.571154
4 13  0.563935
4 14  0.557651
4 15  0.552783
4 16  0.513840
4 17  0.272708
4 18  0.563554
4 19  0.592433
4 20  0.583564
4 21  0.580606
4 22  0.587221
4 23  0.567506
4 24  0.583533
4 25  0.586442
4 26  0.562120
5 6  0.584856
5 7  0.585612
5 8  0.585683
5 9  0.581208
5 10  0.559102
5 11  0.585615
5 12  0.593252
5 13  0.515958
5 14  0.557496
5 15  0.549843
5 16  0.566107
5 17  0.561194
5 18  0.591517
5 19  0.592348
5 20  0.538841
5 21  0.583934
5 22  0.586864
5 23  0.290908
5 24  0.583711
5 25  0.587819
5 26  0.512972
6 7  0.609513
6 8  0.598749
6 9  0.603434
6 10  0.614006
6 11  0.572957
6 12  0.590855
6 13  0.586808
6 14  0.578626
6 15  0.574428
6 16  0.587510
6 17  0.582033
6 18  0.579495
6 19  0.613262
6 20  0.606240
6 21  0.363100
6 22  0.609217
6 23  0.590274
6 24  0.601251
6 25  0.570553
6 26  0.584976
7 8  0.579354
7 9  0.576637
7 10  0.608466
7 11  0.611198
7 12  0.619026
7 13  0.587019
7 14  0.577485
7 15  0.563480
7 16  0.591910
7 17  0.587075
7 18  0.616536
7 19  0.464704
7 20  0.593512
7 21  0.608355
7 22  0.580561
7 23  0.593018
7 24  0.563245
7 25  0.613027
7 26  0.586951
8 9  0.571067
8 10  0.614037
8 11  0.608778
8 12  0.615729
8 13  0.587718
8 14  0.577236
8 15  0.571764
8 16  0.590123
8 17  0.584670
8 18  0.612894
8 19  0.583882
8 20  0.606425
8 21  0.597251
8 22  0.564019
8 23  0.591057
8 24  0.418179
8 25  0.611218
8 26  0.586039
9 10  0.607349
9 11  0.603680
9 12  0.612233
9 13  0.582943
9 14  0.565258
9 15  0.569334
9 16  0.585042
9 17  0.580345
9 18  0.610627
9 19  0.566651
9 20  0.602638
9 21  0.603133
9 22  0.416751
9 23  0.586436
9 24  0.565479
9 25  0.605698
9 26  0.580680
10 11  0.614778
10 12  0.622439
10 13  0.558234
10 14  0.585659
10 15  0.553274
10 16  0.595245
10 17  0.590366
10 18  0.620755
10 19  0.609587
10 20  0.389581
10 21  0.613327
10 22  0.614361
10 23  0.555879
10 24  0.612954
10 25  0.616864
10 26  0.546467
11 12  0.590923
11 13  0.587568
11 14  0.560472
11 15  0.576603
11 16  0.586269
11 17  0.583408
11 18  0.586653
11 19  0.615514
11 20  0.607201
11 21  0.565851
11 22  0.608178
11 23  0.591108
11 24  0.607448
11 25  0.367205
11 26  0.585664
12 13  0.595207
12 14  0.583254
12 15  0.583829
12 16  0.568702
12 17  0.560715
12 18  0.414215
12 19  0.622678
12 20  0.614872
12 21  0.586361
12 22  0.617499
12 23  0.598718
12 24  0.613886
12 25  0.584488
12 26  0.593344
13 14  0.558904
13 15  0.554078
13 16  0.568045
13 17  0.563153
13 18  0.593449
13 19  0.593489
13 20  0.546452
13 21  0.585917
13 22  0.587963
13 23  0.512139
13 24  0.585665
13 25  0.589722
13 26  0.291805
14 15  0.548344
14 16  0.560671
14 17  0.556286
14 18  0.583502
14 19  0.585207
14 20  0.579016
14 21  0.577322
14 22  0.561327
14 23  0.563249
14 24  0.578104
14 25  0.562422
14 26  0.557791
15 16  0.557118
15 17  0.552194
15 18  0.582539
15 19  0.564242
15 20  0.555806
15 21  0.574622
15 22  0.574293
15 23  0.552474
15 24  0.569874
15 25  0.578799
15 26  0.547817
16 17  0.520064
16 18  0.572873
16 19  0.596758
16 20  0.587750
16 21  0.582633
16 22  0.591228
16 23  0.571651
16 24  0.588342
16 25  0.584224
16 26  0.566249
17 18  0.571139
17 19  0.591747
17 20  0.582836
17 21  0.576154
17 22  0.586258
17 23  0.566739
17 24  0.583203
17 25  0.579052
17 26  0.561338
18 19  0.622067
18 20  0.613209
18 21  0.589535
18 22  0.616702
18 23  0.597144
18 24  0.612766
18 25  0.592820
18 26  0.591740
19 20  0.608185
19 21  0.612351
19 22  0.588233
19 23  0.596809
19 24  0.585186
19 25  0.618323
19 26  0.589968
20 21  0.605591
20 22  0.605424
20 23  0.554559
20 24  0.602055
20 25  0.609467
20 26  0.551782
21 22  0.607999
21 23  0.589669
21 24  0.596126
21 25  0.573164
21 26  0.584265
22 23  0.592558
22 24  0.573523
22 25  0.611726
22 26  0.586718
23 24  0.589777
23 25  0.593394
23 26  0.518868
24 25  0.609560
24 26  0.584179
25 26  0.587992
