   -993.90476054
   -994.22148589
0.00002080745070
2 2 2 2 2 2 2 2 2 2 2 2 2 0 0 0 0 0 0 0 0 0 0 0 0 0 
1  0.269013
2  0.265042
3  0.280047
4  0.283714
5  0.282732
6  0.309383
7  0.311776
8  0.310612
9  0.304824
10  0.313345
11  0.308901
12  0.316247
13  0.285053
14  0.282014
15  0.275833
16  0.287711
17  0.282788
18  0.314424
19  0.316683
20  0.305580
21  0.308697
22  0.310767
23  0.288335
24  0.308719
25  0.311253
26  0.283158
1 2  0.533721
1 3  0.548058
1 4  0.552235
1 5  0.551671
1 6  0.576582
1 7  0.575487
1 8  0.575475
1 9  0.559258
1 10  0.581806
1 11  0.557013
1 12  0.582519
1 13  0.553919
1 14  0.256167
1 15  0.544783
1 16  0.554879
1 17  0.551478
1 18  0.577825
1 19  0.581042
1 20  0.573958
1 21  0.575461
1 22  0.559485
1 23  0.557231
1 24  0.576791
1 25  0.563976
1 26  0.551621
2 3  0.545084
2 4  0.548735
2 5  0.542473
2 6  0.574025
2 7  0.565862
2 8  0.569554
2 9  0.561708
2 10  0.559124
2 11  0.573809
2 12  0.581136
2 13  0.547005
2 14  0.546907
2 15  0.258934
2 16  0.552664
2 17  0.547633
2 18  0.579348
2 19  0.554711
2 20  0.549749
2 21  0.572935
2 22  0.574884
2 23  0.548398
2 24  0.571760
2 25  0.576256
2 26  0.546775
3 4  0.519850
3 5  0.562776
3 6  0.582630
3 7  0.591724
3 8  0.590304
3 9  0.584816
3 10  0.593389
3 11  0.581564
3 12  0.576710
3 13  0.565097
3 14  0.560717
3 15  0.555782
3 16  0.277962
3 17  0.516187
3 18  0.562292
3 19  0.596722
3 20  0.585545
3 21  0.587340
3 22  0.590641
3 23  0.568381
3 24  0.588614
3 25  0.589135
3 26  0.563198
4 5  0.566443
4 6  0.585454
4 7  0.595397
4 8  0.593789
4 9  0.588498
4 10  0.597054
4 11  0.587559
4 12  0.577460
4 13  0.568765
4 14  0.565603
4 15  0.559215
4 16  0.519561
4 17  0.277777
4 18  0.570068
4 19  0.600087
4 20  0.589176
4 21  0.588659
4 22  0.594463
4 23  0.572025
4 24  0.591541
4 25  0.593457
4 26  0.566871
5 6  0.592089
5 7  0.592025
5 8  0.592972
5 9  0.587444
5 10  0.564130
5 11  0.591627
5 12  0.598973
5 13  0.520000
5 14  0.564473
5 15  0.555351
5 16  0.570442
5 17  0.565508
5 18  0.597043
5 19  0.599004
5 20  0.543577
5 21  0.591169
5 22  0.593108
5 23  0.294382
5 24  0.590647
5 25  0.593954
5 26  0.516987
6 7  0.619782
6 8  0.608803
6 9  0.613434
6 10  0.622649
6 11  0.582877
6 12  0.599800
6 13  0.594407
6 14  0.589325
6 15  0.583714
6 16  0.595469
6 17  0.590016
6 18  0.588483
6 19  0.623689
6 20  0.614675
6 21  0.373316
6 22  0.619220
6 23  0.597552
6 24  0.611704
6 25  0.580393
6 26  0.592497
7 8  0.589374
7 9  0.585956
7 10  0.616072
7 11  0.620356
7 12  0.627880
7 13  0.593790
7 14  0.587579
7 15  0.572128
7 16  0.599379
7 17  0.594553
7 18  0.625226
7 19  0.474370
7 20  0.601255
7 21  0.618713
7 22  0.589704
7 23  0.599678
7 24  0.572996
7 25  0.622367
7 26  0.593853
8 9  0.581294
8 10  0.622632
8 11  0.618609
8 12  0.625186
8 13  0.595370
8 14  0.588042
8 15  0.581017
8 16  0.598293
8 17  0.592788
8 18  0.622232
8 19  0.594051
8 20  0.614889
8 21  0.608171
8 22  0.574282
8 23  0.598396
8 24  0.428003
8 25  0.621181
8 26  0.593636
9 10  0.614788
9 11  0.612297
9 12  0.620697
9 13  0.589532
9 14  0.574773
9 15  0.577513
9 16  0.592108
9 17  0.587412
9 18  0.618956
9 19  0.575929
9 20  0.610076
9 21  0.613165
9 22  0.424911
9 23  0.592711
9 24  0.575368
9 25  0.614492
9 26  0.587132
10 11  0.622198
10 12  0.629567
10 13  0.563290
10 14  0.593991
10 15  0.560330
10 16  0.600945
10 17  0.596061
10 18  0.627733
10 19  0.617490
10 20  0.395685
10 21  0.622023
10 22  0.621980
10 23  0.560861
10 24  0.621323
10 25  0.624377
10 26  0.551611
11 12  0.598946
11 13  0.593948
11 14  0.569575
11 15  0.584704
11 16  0.593039
11 17  0.590145
11 18  0.594537
11 19  0.624732
11 20  0.614396
11 21  0.575837
11 22  0.616878
11 23  0.597183
11 24  0.616996
11 25  0.375248
11 26  0.591950
12 13  0.601293
12 14  0.592425
12 15  0.591596
12 16  0.575199
12 17  0.567188
12 18  0.421926
12 19  0.631605
12 20  0.621802
12 21  0.595483
12 22  0.626047
12 23  0.604479
12 24  0.623123
12 25  0.592692
12 26  0.599340
13 14  0.566141
13 15  0.559965
13 16  0.572741
13 17  0.567840
13 18  0.599344
13 19  0.600509
13 20  0.551451
13 21  0.593554
13 22  0.594557
13 23  0.516339
13 24  0.593017
13 25  0.596206
13 26  0.295833
14 15  0.557409
14 16  0.568381
14 17  0.564048
14 18  0.592284
14 19  0.595209
14 20  0.587167
14 21  0.588066
14 22  0.570376
14 23  0.570285
14 24  0.588605
14 25  0.570884
14 26  0.565038
15 16  0.563534
15 17  0.558588
15 18  0.590143
15 19  0.572495
15 20  0.562414
15 21  0.583922
15 22  0.582379
15 23  0.557876
15 24  0.578692
15 25  0.586991
15 26  0.553448
16 17  0.525558
16 18  0.579041
16 19  0.604258
16 20  0.593290
16 21  0.590357
16 22  0.598300
16 23  0.576044
16 24  0.596171
16 25  0.590858
16 26  0.570866
17 18  0.577399
17 19  0.599197
17 20  0.588365
17 21  0.583810
17 22  0.593294
17 23  0.571121
17 24  0.590970
17 25  0.585629
17 26  0.565944
18 19  0.630780
18 20  0.619952
18 21  0.598293
18 22  0.625004
18 23  0.602759
18 24  0.621694
18 25  0.600815
18 26  0.597579
19 20  0.615834
19 21  0.622607
19 22  0.597382
19 23  0.603421
19 24  0.595214
19 25  0.627618
19 26  0.596692
20 21  0.614041
20 22  0.612636
20 23  0.559324
20 24  0.609890
20 25  0.616788
20 26  0.556676
21 22  0.618026
21 23  0.597020
21 24  0.605981
21 25  0.583112
21 26  0.591840
22 23  0.598840
22 24  0.583556
22 25  0.620517
22 26  0.593179
23 24  0.596830
23 25  0.599583
23 26  0.522973
24 25  0.619201
24 26  0.591430
25 26  0.594405
