   -993.90476054
   -994.22202531
0.00000006421434
2 2 2 2 2 2 2 2 2 2 2 2 2 0 0 0 0 0 0 0 0 0 0 0 0 0 
1  0.271285
2  0.266536
3  0.281022
4  0.284814
5  0.283390
6  0.311596
7  0.313816
8  0.313006
9  0.306792
10  0.314583
11  0.310563
12  0.317887
13  0.285881
14  0.284462
15  0.277493
16  0.288820
17  0.283895
18  0.315948
19  0.318834
20  0.306701
21  0.310861
22  0.312702
23  0.289026
24  0.310989
25  0.312883
26  0.283926
1 2  0.537462
1 3  0.551251
1 4  0.555579
1 5  0.554587
1 6  0.581046
1 7  0.579625
1 8  0.580116
1 9  0.563126
1 10  0.585267
1 11  0.560469
1 12  0.586348
1 13  0.556988
1 14  0.260420
1 15  0.548710
1 16  0.558193
1 17  0.554848
1 18  0.581608
1 19  0.585425
1 20  0.577325
1 21  0.579866
1 22  0.563618
1 23  0.560161
1 24  0.581304
1 25  0.567746
1 26  0.554605
2 3  0.547549
2 4  0.551318
2 5  0.544598
2 6  0.577683
2 7  0.569338
2 8  0.573266
2 9  0.564970
2 10  0.561792
2 11  0.576940
2 12  0.584242
2 13  0.549296
2 14  0.550827
2 15  0.261897
2 16  0.555226
2 17  0.550132
2 18  0.582352
2 19  0.558336
2 20  0.552382
2 21  0.576536
2 22  0.578271
2 23  0.550587
2 24  0.575528
2 25  0.579374
2 26  0.549017
3 4  0.522041
3 5  0.564406
3 6  0.585642
3 7  0.594719
3 8  0.593626
3 9  0.587745
3 10  0.595601
3 11  0.584141
3 12  0.579313
3 13  0.566898
3 14  0.564061
3 15  0.558393
3 16  0.280094
3 17  0.518423
3 18  0.564825
3 19  0.599847
3 20  0.587597
3 21  0.590427
3 22  0.593567
3 23  0.570047
3 24  0.591845
3 25  0.591734
3 26  0.564934
4 5  0.568198
4 6  0.588635
4 7  0.598516
4 8  0.597230
4 9  0.591551
4 10  0.599391
4 11  0.590236
4 12  0.580104
4 13  0.570689
4 14  0.569142
4 15  0.561871
4 16  0.521945
4 17  0.280022
4 18  0.572707
4 19  0.603313
4 20  0.591367
4 21  0.591907
4 22  0.597496
4 23  0.573810
4 24  0.594861
4 25  0.596155
4 26  0.568739
5 6  0.594953
5 7  0.594637
5 8  0.596002
5 9  0.590067
5 10  0.566126
5 11  0.593943
5 12  0.601271
5 13  0.521578
5 14  0.567570
5 15  0.557673
5 16  0.572210
5 17  0.567263
5 18  0.599197
5 19  0.601799
5 20  0.545407
5 21  0.593968
5 22  0.595711
5 23  0.295786
5 24  0.593517
5 25  0.596237
5 26  0.518520
6 7  0.623986
6 8  0.612969
6 9  0.617598
6 10  0.626092
6 11  0.586864
6 12  0.603438
6 13  0.597438
6 14  0.593956
6 15  0.587550
6 16  0.598738
6 17  0.593329
6 18  0.592075
6 19  0.628070
6 20  0.617990
6 21  0.377462
6 22  0.623351
6 23  0.600402
6 24  0.616000
6 25  0.584285
6 26  0.595483
7 8  0.593545
7 9  0.589948
7 10  0.619177
7 11  0.624046
7 12  0.631549
7 13  0.596574
7 14  0.592054
7 15  0.575801
7 16  0.602507
7 17  0.597696
7 18  0.628771
7 19  0.478630
7 20  0.604383
7 21  0.622899
7 22  0.593577
7 23  0.602386
7 24  0.577063
7 25  0.626038
7 26  0.596666
8 9  0.585718
8 10  0.626199
8 11  0.622649
8 12  0.629146
8 13  0.598576
8 14  0.592862
8 15  0.585031
8 16  0.601788
8 17  0.596234
8 18  0.626167
8 19  0.598384
8 20  0.618370
8 21  0.612624
8 22  0.578732
8 23  0.601432
8 24  0.432274
8 25  0.625185
8 26  0.596796
9 10  0.617921
9 11  0.615866
9 12  0.624286
9 13  0.592310
9 14  0.579032
9 15  0.581060
9 16  0.595190
9 17  0.590452
9 18  0.622441
9 19  0.579946
9 20  0.613152
9 21  0.617275
9 22  0.428398
9 23  0.595378
9 24  0.579684
9 25  0.618032
9 26  0.589845
10 11  0.625089
10 12  0.632442
10 13  0.565344
10 14  0.597607
10 15  0.563262
10 16  0.603238
10 17  0.598377
10 18  0.630485
10 19  0.620800
10 20  0.398237
10 21  0.625418
10 22  0.625133
10 23  0.562844
10 24  0.624792
10 25  0.627252
10 26  0.553658
11 12  0.602160
11 13  0.596436
11 14  0.573519
11 15  0.588028
11 16  0.595795
11 17  0.592873
11 18  0.597655
11 19  0.628536
11 20  0.617179
11 21  0.579751
11 22  0.620405
11 23  0.599539
11 24  0.620916
11 25  0.378410
11 26  0.594349
12 13  0.603759
12 14  0.596480
12 15  0.594856
12 16  0.577949
12 17  0.569932
12 18  0.425278
12 19  0.635369
12 20  0.624568
12 21  0.599147
12 22  0.629611
12 23  0.606796
12 24  0.627057
12 25  0.595923
12 26  0.601727
13 14  0.569357
13 15  0.562435
13 16  0.574667
13 17  0.569776
13 18  0.601660
13 19  0.603480
13 20  0.553433
13 21  0.596561
13 22  0.597278
13 23  0.517983
13 24  0.596130
13 25  0.598628
13 26  0.297471
14 15  0.561510
14 16  0.571856
14 17  0.567577
14 18  0.596147
14 19  0.599700
14 20  0.590705
14 21  0.592660
14 22  0.574398
14 23  0.573402
14 24  0.593297
14 25  0.574465
14 26  0.568231
15 16  0.566300
15 17  0.561341
15 18  0.593303
15 19  0.576054
15 20  0.565159
15 21  0.587696
15 22  0.585853
15 23  0.560182
15 24  0.582510
15 25  0.590261
15 26  0.555818
16 17  0.527893
16 18  0.581618
16 19  0.607504
16 20  0.595521
16 21  0.593451
16 22  0.601349
16 23  0.577841
16 24  0.599511
16 25  0.593543
16 26  0.572742
17 18  0.580005
17 19  0.602405
17 20  0.590591
17 21  0.586966
17 22  0.596278
17 23  0.572916
17 24  0.594302
17 25  0.588256
17 26  0.567817
18 19  0.634428
18 20  0.622586
18 21  0.601760
18 22  0.628446
18 23  0.604973
18 24  0.625420
18 25  0.603944
18 26  0.599871
19 20  0.619030
19 21  0.626802
19 22  0.601306
19 23  0.606213
19 24  0.599516
19 25  0.631385
19 26  0.599541
20 21  0.617302
20 22  0.615602
20 23  0.561188
20 24  0.613120
20 25  0.619533
20 26  0.558586
21 22  0.622107
21 23  0.599873
21 24  0.609988
21 25  0.586942
21 26  0.594769
22 23  0.601456
22 24  0.587900
22 25  0.624039
22 26  0.595841
23 24  0.599775
23 25  0.601902
23 26  0.524536
24 25  0.623089
24 26  0.594442
25 26  0.596801
