   -993.88637557
   -994.19263555
0.00013471893600
2 2 2 2 2 2 2 2 2 2 2 2 2 0 0 0 0 0 0 0 0 0 0 0 0 0 
1  0.258662
2  0.255143
3  0.257282
4  0.276861
5  0.273761
6  0.253804
7  0.272093
8  0.269990
9  0.287178
10  0.293305
11  0.290796
12  0.288429
13  0.288298
14  0.264964
15  0.257633
16  0.262222
17  0.278522
18  0.276982
19  0.260886
20  0.271444
21  0.272422
22  0.290831
23  0.288268
24  0.290887
25  0.291226
26  0.294621
1 2  0.509519
1 3  0.513720
1 4  0.535372
1 5  0.532351
1 6  0.512123
1 7  0.530727
1 8  0.528627
1 9  0.521820
1 10  0.550766
1 11  0.546597
1 12  0.521640
1 13  0.546924
1 14  0.251763
1 15  0.512529
1 16  0.520301
1 17  0.536641
1 18  0.535276
1 19  0.518068
1 20  0.529976
1 21  0.531076
1 22  0.547622
1 23  0.517105
1 24  0.549060
1 25  0.517405
1 26  0.552914
2 3  0.512354
2 4  0.526686
2 5  0.525496
2 6  0.508921
2 7  0.527229
2 8  0.525130
2 9  0.540939
2 10  0.529751
2 11  0.545843
2 12  0.523510
2 13  0.543410
2 14  0.515161
2 15  0.235694
2 16  0.517284
2 17  0.530176
2 18  0.531362
2 19  0.515746
2 20  0.526577
2 21  0.527562
2 22  0.545624
2 23  0.542661
2 24  0.545917
2 25  0.518193
2 26  0.522530
3 4  0.534125
3 5  0.530995
3 6  0.509137
3 7  0.529269
3 8  0.526924
3 9  0.521523
3 10  0.550406
3 11  0.522970
3 12  0.542589
3 13  0.543327
3 14  0.521611
3 15  0.514716
3 16  0.246193
3 17  0.535731
3 18  0.533993
3 19  0.517572
3 20  0.528357
3 21  0.528437
3 22  0.516899
3 23  0.516307
3 24  0.546462
3 25  0.546549
3 26  0.551161
4 5  0.502500
4 6  0.530664
4 7  0.548954
4 8  0.546851
4 9  0.564006
4 10  0.538826
4 11  0.567649
4 12  0.563590
4 13  0.565158
4 14  0.541088
4 15  0.530647
4 16  0.539028
4 17  0.272692
4 18  0.499136
4 19  0.537708
4 20  0.548305
4 21  0.549279
4 22  0.567681
4 23  0.564766
4 24  0.567713
4 25  0.567445
4 26  0.531953
5 6  0.527563
5 7  0.545853
5 8  0.543750
5 9  0.560700
5 10  0.537195
5 11  0.564544
5 12  0.558874
5 13  0.562057
5 14  0.538489
5 15  0.530400
5 16  0.535671
5 17  0.499681
5 18  0.270661
5 19  0.534627
5 20  0.545204
5 21  0.546174
5 22  0.564577
5 23  0.561186
5 24  0.564606
5 25  0.563726
5 26  0.528144
6 7  0.520783
6 8  0.520355
6 9  0.538445
6 10  0.547096
6 11  0.521353
6 12  0.542191
6 13  0.523344
6 14  0.517301
6 15  0.511221
6 16  0.515490
6 17  0.532295
6 18  0.530756
6 19  0.239966
6 20  0.522333
6 21  0.525432
6 22  0.514990
6 23  0.539990
6 24  0.518236
6 25  0.544537
6 26  0.548422
7 8  0.495432
7 9  0.559174
7 10  0.565395
7 11  0.560850
7 12  0.560483
7 13  0.532085
7 14  0.536844
7 15  0.529415
7 16  0.534005
7 17  0.550606
7 18  0.549072
7 19  0.528868
7 20  0.264582
7 21  0.490745
7 22  0.562156
7 23  0.559883
7 24  0.525414
7 25  0.563312
7 26  0.566694
8 9  0.557127
8 10  0.563290
8 11  0.557204
8 12  0.558393
8 13  0.529586
8 14  0.534919
8 15  0.527456
8 16  0.531091
8 17  0.548498
8 18  0.546961
8 19  0.529828
8 20  0.490976
8 21  0.264786
8 22  0.559628
8 23  0.557736
8 24  0.521530
8 25  0.561183
8 26  0.564610
9 10  0.578873
9 11  0.566058
9 12  0.562015
9 13  0.574825
9 14  0.521366
9 15  0.544326
9 16  0.519838
9 17  0.565354
9 18  0.563389
9 19  0.545720
9 20  0.558204
9 21  0.559366
9 22  0.557261
9 23  0.344839
9 24  0.577956
9 25  0.556801
9 26  0.580968
10 11  0.584088
10 12  0.571563
10 13  0.581590
10 14  0.557701
10 15  0.526271
10 16  0.554703
10 17  0.530042
10 18  0.531469
10 19  0.554170
10 20  0.564744
10 21  0.565717
10 22  0.583843
10 23  0.581010
10 24  0.584187
10 25  0.565561
10 26  0.357231
11 12  0.578107
11 13  0.568126
11 14  0.553529
11 15  0.548012
11 16  0.521628
11 17  0.569317
11 18  0.567760
11 19  0.521358
11 20  0.561732
11 21  0.561500
11 22  0.343707
11 23  0.558306
11 24  0.563062
11 25  0.581829
11 26  0.585220
12 13  0.576636
12 14  0.521380
12 15  0.517593
12 16  0.548367
12 17  0.566451
12 18  0.563666
12 19  0.548928
12 20  0.559858
12 21  0.560777
12 22  0.579064
12 23  0.554849
12 24  0.578839
12 25  0.343926
12 26  0.565935
13 14  0.552910
13 15  0.545744
13 16  0.548309
13 17  0.566774
13 18  0.565224
13 19  0.523164
13 20  0.521120
13 21  0.523563
13 22  0.560492
13 23  0.576442
13 24  0.351111
13 25  0.578997
13 26  0.582899
14 15  0.518150
14 16  0.523464
14 17  0.543374
14 18  0.541846
14 19  0.525353
14 20  0.536383
14 21  0.537370
14 22  0.552458
14 23  0.528059
14 24  0.555794
14 25  0.529610
14 26  0.557996
15 16  0.519725
15 17  0.530451
15 18  0.530417
15 19  0.518502
15 20  0.529052
15 21  0.530044
15 22  0.548370
15 23  0.543483
15 24  0.548462
15 25  0.527829
15 26  0.532430
16 17  0.540716
16 18  0.539152
16 19  0.520072
16 20  0.533445
16 21  0.534126
16 22  0.527274
16 23  0.526616
16 24  0.550517
16 25  0.549882
16 26  0.556571
17 18  0.506748
17 19  0.539406
17 20  0.549964
17 21  0.550944
17 22  0.569339
17 23  0.566721
17 24  0.569406
17 25  0.567158
17 26  0.542381
18 19  0.537867
18 20  0.548425
18 21  0.549404
18 22  0.567794
18 23  0.565001
18 24  0.567867
18 25  0.564264
18 26  0.540917
19 20  0.526818
19 21  0.528822
19 22  0.527373
19 23  0.546343
19 24  0.530841
19 25  0.552021
19 26  0.555504
20 21  0.497094
20 22  0.559110
20 23  0.559626
20 24  0.534172
20 25  0.562648
20 26  0.566059
21 22  0.559555
21 23  0.560611
21 24  0.533769
21 25  0.563625
21 26  0.567039
22 23  0.567790
22 24  0.571916
22 25  0.580527
22 26  0.585408
23 24  0.578041
23 25  0.566895
23 26  0.581117
24 25  0.582017
24 26  0.585499
25 26  0.575771
