   -993.88637557
   -994.19559296
0.00004164231680
2 2 2 2 2 2 2 2 2 2 2 2 2 0 0 0 0 0 0 0 0 0 0 0 0 0 
1  0.264780
2  0.261767
3  0.263510
4  0.279934
5  0.276819
6  0.259966
7  0.275686
8  0.273169
9  0.294947
10  0.298712
11  0.298347
12  0.296382
13  0.293995
14  0.271339
15  0.264245
16  0.268766
17  0.281734
18  0.280410
19  0.267199
20  0.275484
21  0.276045
22  0.298273
23  0.295459
24  0.296245
25  0.298695
26  0.300001
1 2  0.522084
1 3  0.525620
1 4  0.544533
1 5  0.541501
1 6  0.524382
1 7  0.540423
1 8  0.537916
1 9  0.535313
1 10  0.561970
1 11  0.559968
1 12  0.535277
1 13  0.558728
1 14  0.262534
1 15  0.525175
1 16  0.532821
1 17  0.545865
1 18  0.544885
1 19  0.530302
1 20  0.540111
1 21  0.540820
1 22  0.561200
1 23  0.530234
1 24  0.560547
1 25  0.530766
1 26  0.564364
2 3  0.525185
2 4  0.535968
2 5  0.534669
2 6  0.521689
2 7  0.537417
2 8  0.534921
2 9  0.554978
2 10  0.541330
2 11  0.560016
2 12  0.537550
2 13  0.555683
2 14  0.528173
2 15  0.247074
2 16  0.530415
2 17  0.539901
2 18  0.541289
2 19  0.528684
2 20  0.536780
2 21  0.537698
2 22  0.559566
2 23  0.556434
2 24  0.557945
2 25  0.532167
2 26  0.534248
3 4  0.543411
3 5  0.540259
3 6  0.521166
3 7  0.539069
3 8  0.536272
3 9  0.534982
3 10  0.562042
3 11  0.536250
3 12  0.556483
3 13  0.555017
3 14  0.534119
3 15  0.527572
3 16  0.257333
3 17  0.545184
3 18  0.543552
3 19  0.530024
3 20  0.538543
3 21  0.538243
3 22  0.530338
3 23  0.529489
3 24  0.558019
3 25  0.560184
3 26  0.562678
4 5  0.508952
4 6  0.539897
4 7  0.555617
4 8  0.553103
4 9  0.574823
4 10  0.546882
4 11  0.578271
4 12  0.574265
4 13  0.573927
4 14  0.550490
4 15  0.540133
4 16  0.548654
4 17  0.279163
4 18  0.505979
4 19  0.547101
4 20  0.555352
4 21  0.555938
4 22  0.578201
4 23  0.575021
4 24  0.576133
4 25  0.577940
4 26  0.540302
5 6  0.536783
5 7  0.552503
5 8  0.549988
5 9  0.571514
5 10  0.545318
5 11  0.575152
5 12  0.569555
5 13  0.570811
5 14  0.547828
5 15  0.539943
5 16  0.545245
5 17  0.506275
5 18  0.277258
5 19  0.544000
5 20  0.552276
5 21  0.552824
5 22  0.575058
5 23  0.571318
5 24  0.572991
5 25  0.574270
5 26  0.536494
6 7  0.530016
6 8  0.529206
6 9  0.552199
6 10  0.558667
6 11  0.534620
6 12  0.556287
6 13  0.534640
6 14  0.529539
6 15  0.523934
6 16  0.528078
6 17  0.541666
6 18  0.540336
6 19  0.250466
6 20  0.532430
6 21  0.535093
6 22  0.528383
6 23  0.553424
6 24  0.529364
6 25  0.558071
6 26  0.559966
7 8  0.502520
7 9  0.570530
7 10  0.574390
7 11  0.571712
7 12  0.572012
7 13  0.540867
7 14  0.546745
7 15  0.539535
7 16  0.544183
7 17  0.557383
7 18  0.556075
7 19  0.538634
7 20  0.272360
7 21  0.498276
7 22  0.573139
7 23  0.570530
7 24  0.534230
7 25  0.574362
7 26  0.575649
8 9  0.568064
8 10  0.571873
8 11  0.567619
8 12  0.569502
8 13  0.538116
8 14  0.544487
8 15  0.537252
8 16  0.540625
8 17  0.554857
8 18  0.553531
8 19  0.539221
8 20  0.498590
8 21  0.271705
8 22  0.570252
8 23  0.568091
8 24  0.529997
8 25  0.571781
8 26  0.573169
9 10  0.591903
9 11  0.580657
9 12  0.576925
9 13  0.588041
9 14  0.535277
9 15  0.558645
9 16  0.533913
9 17  0.576318
9 18  0.574396
9 19  0.559807
9 20  0.569872
9 21  0.570662
9 22  0.571866
9 23  0.360465
9 24  0.591047
9 25  0.571281
9 26  0.594197
10 11  0.597043
10 12  0.584224
10 13  0.592681
10 14  0.569450
10 15  0.537899
10 16  0.566613
10 17  0.538368
10 18  0.539980
10 19  0.565894
10 20  0.574138
10 21  0.574755
10 22  0.596618
10 23  0.593591
10 24  0.594919
10 25  0.578097
10 26  0.368258
11 12  0.593370
11 13  0.580671
11 14  0.567486
11 15  0.562029
11 16  0.535534
11 17  0.580080
11 18  0.578731
11 19  0.534945
11 20  0.573266
11 21  0.572533
11 22  0.359087
11 23  0.572559
11 24  0.575302
11 25  0.596800
11 26  0.598131
12 13  0.590266
12 14  0.535514
12 15  0.531948
12 16  0.562771
12 17  0.577543
12 18  0.574983
12 19  0.563234
12 20  0.571832
12 21  0.572319
12 22  0.594417
12 23  0.569480
12 24  0.592063
12 25  0.359863
12 26  0.578520
13 14  0.564996
13 15  0.558070
13 16  0.560576
13 17  0.575644
13 18  0.574285
13 19  0.534827
13 20  0.530588
13 21  0.532631
13 22  0.572944
13 23  0.589296
13 24  0.362679
13 25  0.592082
13 26  0.593959
14 15  0.530721
14 16  0.536033
14 17  0.552956
14 18  0.551605
14 19  0.537941
14 20  0.546783
14 21  0.547355
14 22  0.565967
14 23  0.541157
14 24  0.567511
14 25  0.542960
14 26  0.569469
15 16  0.532861
15 17  0.539881
15 18  0.539917
15 19  0.531416
15 20  0.539613
15 21  0.540260
15 22  0.562416
15 23  0.556983
15 24  0.560413
15 25  0.541602
15 26  0.543720
16 17  0.550440
16 18  0.549064
16 19  0.532553
16 20  0.543992
16 21  0.544179
16 22  0.540680
16 23  0.539931
16 24  0.562080
16 25  0.563483
16 26  0.568460
17 18  0.513622
17 19  0.548930
17 20  0.557215
17 21  0.557779
17 22  0.579986
17 23  0.577109
17 24  0.577975
17 25  0.577368
17 26  0.550751
18 19  0.547607
18 20  0.555893
18 21  0.556454
18 22  0.578649
18 23  0.575577
18 24  0.576651
18 25  0.574910
18 26  0.549430
19 20  0.536684
19 21  0.538418
19 22  0.540528
19 23  0.559526
19 24  0.541910
19 25  0.565783
19 26  0.567196
20 21  0.504976
20 22  0.570292
20 23  0.570842
20 24  0.543414
20 25  0.574113
20 26  0.575464
21 22  0.570141
21 23  0.571412
21 24  0.542441
21 25  0.574697
21 26  0.576035
22 23  0.581815
22 24  0.584024
22 25  0.595096
22 26  0.598227
23 24  0.590373
23 25  0.580871
23 26  0.593470
24 25  0.594841
24 26  0.596232
25 26  0.587914
