   -993.88637557
   -994.19685846
0.00001673786900
2 2 2 2 2 2 2 2 2 2 2 2 2 0 0 0 0 0 0 0 0 0 0 0 0 0 
1  0.268248
2  0.265228
3  0.267077
4  0.281662
5  0.278694
6  0.262950
7  0.278000
8  0.275287
9  0.299489
10  0.301428
11  0.302387
12  0.300626
13  0.296864
14  0.274960
15  0.267755
16  0.272429
17  0.283484
18  0.282326
19  0.270334
20  0.277761
21  0.278145
22  0.302268
23  0.299822
24  0.299050
25  0.302873
26  0.302701
1 2  0.528712
1 3  0.532475
1 4  0.549708
1 5  0.546820
1 6  0.530754
1 7  0.546183
1 8  0.543474
1 9  0.543115
1 10  0.568007
1 11  0.567217
1 12  0.542929
1 13  0.565055
1 14  0.268961
1 15  0.532113
1 16  0.539882
1 17  0.551005
1 18  0.550243
1 19  0.536792
1 20  0.545847
1 21  0.546386
1 22  0.568631
1 23  0.538029
1 24  0.566780
1 25  0.538424
1 26  0.570492
2 3  0.532198
2 4  0.540873
2 5  0.539824
2 6  0.528122
2 7  0.543031
2 8  0.540457
2 9  0.562816
2 10  0.547346
2 11  0.567495
2 12  0.544972
2 13  0.561961
2 14  0.535185
2 15  0.253176
2 16  0.537515
2 17  0.545032
2 18  0.546596
2 19  0.535237
2 20  0.542729
2 21  0.543253
2 22  0.567001
2 23  0.564209
2 24  0.564194
2 25  0.539855
2 26  0.540395
3 4  0.548689
3 5  0.545665
3 6  0.527588
3 7  0.544926
3 8  0.541902
3 9  0.542785
3 10  0.568286
3 11  0.543669
3 12  0.563985
3 13  0.561248
3 14  0.541239
3 15  0.534613
3 16  0.263903
3 17  0.550488
3 18  0.548982
3 19  0.536658
3 20  0.544363
3 21  0.543779
3 22  0.537914
3 23  0.537379
3 24  0.564380
3 25  0.567895
3 26  0.568921
4 5  0.512767
4 6  0.544609
4 7  0.559652
4 8  0.556947
4 9  0.581079
4 10  0.551246
4 11  0.584037
4 12  0.580072
4 13  0.578524
4 14  0.555768
4 15  0.545257
4 16  0.554035
4 17  0.282488
4 18  0.509846
4 19  0.551963
4 20  0.559365
4 21  0.559769
4 22  0.583924
4 23  0.581070
4 24  0.580666
4 25  0.583810
4 26  0.544730
5 6  0.541641
5 7  0.556692
5 8  0.553980
5 9  0.577895
5 10  0.549750
5 11  0.581060
5 12  0.575384
5 13  0.575554
5 14  0.553307
5 15  0.545257
5 16  0.550682
5 17  0.510121
5 18  0.280868
5 19  0.549007
5 20  0.556427
5 21  0.556789
5 22  0.580920
5 23  0.577526
5 24  0.577658
5 25  0.580260
5 26  0.541033
6 7  0.535010
6 8  0.534102
6 9  0.559482
6 10  0.564360
6 11  0.541452
6 12  0.563501
6 13  0.540287
6 14  0.536006
6 15  0.530393
6 16  0.534665
6 17  0.546402
6 18  0.545230
6 19  0.255993
6 20  0.537613
6 21  0.540111
6 22  0.535300
6 23  0.560760
6 24  0.535127
6 25  0.565198
6 26  0.565650
7 8  0.507101
7 9  0.577375
7 10  0.579397
7 11  0.577886
7 12  0.578525
7 13  0.545981
7 14  0.552665
7 15  0.545522
7 16  0.550128
7 17  0.561434
7 18  0.560305
7 19  0.543980
7 20  0.276707
7 21  0.502882
7 22  0.579393
7 23  0.577157
7 24  0.539339
7 25  0.580850
7 26  0.580654
8 9  0.574711
8 10  0.576699
8 11  0.573521
8 12  0.575826
8 13  0.542916
8 14  0.550208
8 15  0.542934
8 16  0.546299
8 17  0.558718
8 18  0.557557
8 19  0.544399
8 20  0.503162
8 21  0.275677
8 22  0.576303
8 23  0.574540
8 24  0.534890
8 25  0.578065
8 26  0.577987
9 10  0.598949
9 11  0.588846
9 12  0.585410
9 13  0.595334
9 14  0.543396
9 15  0.566636
9 16  0.542023
9 17  0.582585
9 18  0.580828
9 19  0.567432
9 20  0.576654
9 21  0.577296
9 22  0.580186
9 23  0.368941
9 24  0.598364
9 25  0.579776
9 26  0.601431
10 11  0.603798
10 12  0.590780
10 13  0.598256
10 14  0.575749
10 15  0.544132
10 16  0.572947
10 17  0.542758
10 18  0.544510
10 19  0.571740
10 20  0.579145
10 21  0.579571
10 22  0.603300
10 23  0.600663
10 24  0.600441
10 25  0.584823
10 26  0.373562
11 12  0.601472
11 13  0.587284
11 14  0.575097
11 15  0.569555
11 16  0.543218
11 17  0.585870
11 18  0.584684
11 19  0.542074
11 20  0.579528
11 21  0.578650
11 22  0.366749
11 23  0.580738
11 24  0.581947
11 25  0.604983
11 26  0.604824
12 13  0.597361
12 14  0.543401
12 15  0.539683
12 16  0.570672
12 17  0.583483
12 18  0.581103
12 19  0.570564
12 20  0.578356
12 21  0.578649
12 22  0.602615
12 23  0.577932
12 24  0.599062
12 25  0.367894
12 26  0.585221
13 14  0.571457
13 15  0.564455
13 16  0.567102
13 17  0.580248
13 18  0.579046
13 19  0.540802
13 20  0.535677
13 21  0.537479
13 22  0.579675
13 23  0.596497
13 24  0.368260
13 25  0.599084
13 26  0.599532
14 15  0.537584
14 16  0.543131
14 17  0.558313
14 18  0.557113
14 19  0.544607
14 20  0.552676
14 21  0.553061
14 22  0.573343
14 23  0.548944
14 24  0.573921
14 25  0.550589
14 26  0.575627
15 16  0.540019
15 17  0.544899
15 18  0.545116
15 19  0.538060
15 20  0.545226
15 21  0.545852
15 22  0.569915
15 23  0.564594
15 24  0.566680
15 25  0.549152
15 26  0.549657
16 17  0.555836
16 18  0.554608
16 19  0.539150
16 20  0.549897
16 21  0.549868
16 22  0.548169
16 23  0.547755
16 24  0.568305
16 25  0.570993
16 26  0.574780
17 18  0.517492
17 19  0.553814
17 20  0.561236
17 21  0.561629
17 22  0.585727
17 23  0.583207
17 24  0.582529
17 25  0.583073
17 26  0.555200
18 19  0.552658
18 20  0.560086
18 21  0.560470
18 22  0.584550
18 23  0.581815
18 24  0.581371
18 25  0.580757
18 26  0.553927
19 20  0.541873
19 21  0.543455
19 22  0.547374
19 23  0.566773
19 24  0.547614
19 25  0.573077
19 26  0.573028
20 21  0.509508
20 22  0.576297
20 23  0.577469
20 24  0.548470
20 25  0.580537
20 26  0.580427
21 22  0.575996
21 23  0.577855
21 24  0.547220
21 25  0.580956
21 26  0.580832
22 23  0.589910
22 24  0.590521
22 25  0.603068
22 26  0.604916
23 24  0.597376
23 25  0.589096
23 26  0.600284
24 25  0.601815
24 26  0.601730
25 26  0.594437
