   -993.88637557
   -994.19738626
0.00000013462528
2 2 2 2 2 2 2 2 2 2 2 2 2 0 0 0 0 0 0 0 0 0 0 0 0 0 
1  0.269874
2  0.266806
3  0.268907
4  0.282252
5  0.279362
6  0.264256
7  0.279152
8  0.276222
9  0.301553
10  0.302472
11  0.304233
12  0.302414
13  0.298103
14  0.276635
15  0.269404
16  0.274328
17  0.284114
18  0.283051
19  0.271691
20  0.279003
21  0.279082
22  0.304056
23  0.301811
24  0.300224
25  0.304560
26  0.303718
1 2  0.531835
1 3  0.535819
1 4  0.551913
1 5  0.549109
1 6  0.533633
1 7  0.548951
1 8  0.546014
1 9  0.546686
1 10  0.570596
1 11  0.570572
1 12  0.546298
1 13  0.567915
1 14  0.272104
1 15  0.535395
1 16  0.543357
1 17  0.553197
1 18  0.552594
1 19  0.539692
1 20  0.548697
1 21  0.548946
1 22  0.572044
1 23  0.541585
1 24  0.569573
1 25  0.541725
1 26  0.573106
2 3  0.535597
2 4  0.543000
2 5  0.542023
2 6  0.530996
2 7  0.545647
2 8  0.542948
2 9  0.566361
2 10  0.549941
2 11  0.570906
2 12  0.548260
2 13  0.564727
2 14  0.538454
2 15  0.256265
2 16  0.540983
2 17  0.547243
2 18  0.548873
2 19  0.538144
2 20  0.545504
2 21  0.545752
2 22  0.570330
2 23  0.567750
2 24  0.566933
2 25  0.543137
2 26  0.543019
3 4  0.551092
3 5  0.548134
3 6  0.530650
3 7  0.547899
3 8  0.544632
3 9  0.546514
3 10  0.571155
3 11  0.547201
3 12  0.567476
3 13  0.564224
3 14  0.544698
3 15  0.538081
3 16  0.267341
3 17  0.552953
3 18  0.551517
3 19  0.539803
3 20  0.547430
3 21  0.546499
3 22  0.541483
3 23  0.541117
3 24  0.567389
3 25  0.571412
3 26  0.571718
4 5  0.514118
4 6  0.546503
4 7  0.561388
4 8  0.558471
4 9  0.583726
4 10  0.552910
4 11  0.586472
4 12  0.582394
4 13  0.580350
4 14  0.557963
4 15  0.547492
4 16  0.556525
4 17  0.283764
4 18  0.511271
4 19  0.553899
4 20  0.561169
4 21  0.561273
4 22  0.586304
4 23  0.583655
4 24  0.582432
4 25  0.586069
4 26  0.546378
5 6  0.543612
5 7  0.558509
5 8  0.555583
5 9  0.580607
5 10  0.551461
5 11  0.583566
5 12  0.577770
5 13  0.577461
5 14  0.555654
5 15  0.547555
5 16  0.553223
5 17  0.511519
5 18  0.282298
5 19  0.551024
5 20  0.558329
5 21  0.558363
5 22  0.583368
5 23  0.580168
5 24  0.579478
5 25  0.582611
5 26  0.542746
6 7  0.537425
6 8  0.536270
6 9  0.562743
6 10  0.566700
6 11  0.544495
6 12  0.566586
6 13  0.542784
6 14  0.538921
6 15  0.533331
6 16  0.537829
6 17  0.548329
6 18  0.547246
6 19  0.258484
6 20  0.540165
6 21  0.542323
6 22  0.538359
6 23  0.564060
6 24  0.537587
6 25  0.568186
6 26  0.567972
7 8  0.509277
7 9  0.580580
7 10  0.581582
7 11  0.580820
7 12  0.581423
7 13  0.548432
7 14  0.555465
7 15  0.548294
7 16  0.553173
7 17  0.563185
7 18  0.562178
7 19  0.546493
7 20  0.279208
7 21  0.505080
7 22  0.582308
7 23  0.580267
7 24  0.541724
7 25  0.583683
7 26  0.582820
8 9  0.577704
8 10  0.578671
8 11  0.576234
8 12  0.578524
8 13  0.545088
8 14  0.552814
8 15  0.545514
8 16  0.549076
8 17  0.560252
8 18  0.559190
8 19  0.546666
8 20  0.505456
8 21  0.277572
8 22  0.579017
8 23  0.577458
8 24  0.537047
8 25  0.580686
8 26  0.579939
9 10  0.601978
9 11  0.592564
9 12  0.589095
9 13  0.598572
9 14  0.547081
9 15  0.570313
9 16  0.545901
9 17  0.585273
9 18  0.583590
9 19  0.570853
9 20  0.579935
9 21  0.580288
9 22  0.583902
9 23  0.373134
9 24  0.601583
9 25  0.583397
9 26  0.604514
10 11  0.606684
10 12  0.593493
10 13  0.600526
10 14  0.578440
10 15  0.546834
10 16  0.575847
10 17  0.544456
10 18  0.546291
10 19  0.574133
10 20  0.581424
10 21  0.581550
10 22  0.606128
10 23  0.603699
10 24  0.602660
10 25  0.587531
10 26  0.375796
11 12  0.605015
11 13  0.590236
11 14  0.578614
11 15  0.573015
11 16  0.546852
11 17  0.588346
11 18  0.587251
11 19  0.545222
11 20  0.582579
11 21  0.581426
11 22  0.370509
11 23  0.584443
11 24  0.584892
11 25  0.608493
11 26  0.607688
12 13  0.600380
12 14  0.546835
12 15  0.543132
12 16  0.574367
12 17  0.585878
12 18  0.583611
12 19  0.573703
12 20  0.581381
12 21  0.581369
12 22  0.606164
12 23  0.581601
12 24  0.601994
12 25  0.371568
12 26  0.587966
13 14  0.574364
13 15  0.567336
13 16  0.570252
13 17  0.582116
13 18  0.580979
13 19  0.543408
13 20  0.538215
13 21  0.539679
13 22  0.582639
13 23  0.599705
13 24  0.370918
13 25  0.601983
13 26  0.601791
14 15  0.540831
14 16  0.546599
14 17  0.560613
14 18  0.559507
14 19  0.547581
14 20  0.555589
14 21  0.555659
14 22  0.576691
14 23  0.552477
14 24  0.576762
14 25  0.553880
14 26  0.578226
15 16  0.543562
15 17  0.547148
15 18  0.547435
15 19  0.541063
15 20  0.547968
15 21  0.548423
15 22  0.573336
15 23  0.568112
15 24  0.569458
15 25  0.552449
15 26  0.552289
16 17  0.558345
16 18  0.557203
16 19  0.542295
16 20  0.553024
16 21  0.552656
16 22  0.551724
16 23  0.551512
16 24  0.571276
16 25  0.574445
16 26  0.577678
17 18  0.518936
17 19  0.555799
17 20  0.563102
17 21  0.563195
17 22  0.588143
17 23  0.585817
17 24  0.584331
17 25  0.585319
17 26  0.556895
18 19  0.554737
18 20  0.562050
18 21  0.562131
18 22  0.587048
18 23  0.584513
18 24  0.583268
18 25  0.583099
18 26  0.555669
19 20  0.544437
19 21  0.545691
19 22  0.550384
19 23  0.570011
19 24  0.550099
19 25  0.576106
19 26  0.575394
20 21  0.511796
20 22  0.579232
20 23  0.580688
20 24  0.550948
20 25  0.583424
20 26  0.582676
21 22  0.578645
21 23  0.580771
21 24  0.549332
21 25  0.583560
21 26  0.582779
22 23  0.593543
22 24  0.593372
22 25  0.606439
22 26  0.607713
23 24  0.600457
23 25  0.592622
23 26  0.603217
24 25  0.604668
24 26  0.603913
25 26  0.597036
