  -1146.53416012
  -1146.90000282
0.00021201414700
2 2 2 2 2 2 2 2 2 2 2 2 2 2 2 0 0 0 0 0 0 0 0 0 0 0 0 0 0 0 
1  0.294478
2  0.295970
3  0.284191
4  0.278796
5  0.275752
6  0.303093
7  0.323953
8  0.277099
9  0.314428
10  0.309725
11  0.289845
12  0.304398
13  0.274872
14  0.292608
15  0.309086
16  0.298885
17  0.313599
18  0.300883
19  0.289306
20  0.281993
21  0.279819
22  0.304013
23  0.316682
24  0.305398
25  0.277027
26  0.293712
27  0.295996
28  0.309749
29  0.324122
30  0.278868
1 2  0.588748
1 3  0.577158
1 4  0.573183
1 5  0.569939
1 6  0.597089
1 7  0.604607
1 8  0.571437
1 9  0.602002
1 10  0.593843
1 11  0.577163
1 12  0.597679
1 13  0.569266
1 14  0.586671
1 15  0.570101
1 16  0.331688
1 17  0.572412
1 18  0.594525
1 19  0.583577
1 20  0.576341
1 21  0.573380
1 22  0.596388
1 23  0.606949
1 24  0.599239
1 25  0.571468
1 26  0.580840
1 27  0.590143
1 28  0.589345
1 29  0.614097
1 30  0.573323
2 3  0.535753
2 4  0.574765
2 5  0.571719
2 6  0.599034
2 7  0.612037
2 8  0.573063
2 9  0.585610
2 10  0.603069
2 11  0.585752
2 12  0.600360
2 13  0.570840
2 14  0.588572
2 15  0.604031
2 16  0.594045
2 17  0.609203
2 18  0.289008
2 19  0.539810
2 20  0.577945
2 21  0.575729
2 22  0.599897
2 23  0.586204
2 24  0.601341
2 25  0.572993
2 26  0.589321
2 27  0.591966
2 28  0.599496
2 29  0.615956
2 30  0.574815
3 4  0.562986
3 5  0.559941
3 6  0.587202
3 7  0.589366
3 8  0.561266
3 9  0.592221
3 10  0.588813
3 11  0.574001
3 12  0.588582
3 13  0.559051
3 14  0.576792
3 15  0.591498
3 16  0.582884
3 17  0.596575
3 18  0.539728
3 19  0.280461
3 20  0.566169
3 21  0.563978
3 22  0.588192
3 23  0.590808
3 24  0.589319
3 25  0.561196
3 26  0.577826
3 27  0.580173
3 28  0.587558
3 29  0.598248
3 30  0.562946
4 5  0.509896
4 6  0.581589
4 7  0.602743
4 8  0.555864
4 9  0.593220
4 10  0.588508
4 11  0.564191
4 12  0.560004
4 13  0.553583
4 14  0.564499
4 15  0.587857
4 16  0.577644
4 17  0.592347
4 18  0.579660
4 19  0.568086
4 20  0.270455
4 21  0.507704
4 22  0.550605
4 23  0.595455
4 24  0.583347
4 25  0.555480
4 26  0.571195
4 27  0.571784
4 28  0.588543
4 29  0.602884
4 30  0.557627
5 6  0.578720
5 7  0.599684
5 8  0.552843
5 9  0.590164
5 10  0.585434
5 11  0.558947
5 12  0.559248
5 13  0.550595
5 14  0.562586
5 15  0.584802
5 16  0.573948
5 17  0.589343
5 18  0.576570
5 19  0.565023
5 20  0.507526
5 21  0.268546
5 22  0.549097
5 23  0.592290
5 24  0.581079
5 25  0.552736
5 26  0.566488
5 27  0.570596
5 28  0.585393
5 29  0.599728
5 30  0.554611
6 7  0.626713
6 8  0.540708
6 9  0.617439
6 10  0.612035
6 11  0.592467
6 12  0.606275
6 13  0.541160
6 14  0.588487
6 15  0.603018
6 16  0.601602
6 17  0.606751
6 18  0.603917
6 19  0.592092
6 20  0.584182
6 21  0.582802
6 22  0.604428
6 23  0.619708
6 24  0.365340
6 25  0.533296
6 26  0.596210
6 27  0.590494
6 28  0.610269
6 29  0.626993
6 30  0.532980
7 8  0.600962
7 9  0.602397
7 10  0.608421
7 11  0.613252
7 12  0.628249
7 13  0.598784
7 14  0.616524
7 15  0.624833
7 16  0.618242
7 17  0.634034
7 18  0.620010
7 19  0.602903
7 20  0.605904
7 21  0.603616
7 22  0.627813
7 23  0.602137
7 24  0.629166
7 25  0.600949
7 26  0.617036
7 27  0.619927
7 28  0.604047
7 29  0.400984
7 30  0.602702
8 9  0.591513
8 10  0.586632
8 11  0.566882
8 12  0.581388
8 13  0.505035
8 14  0.569022
8 15  0.583879
8 16  0.575949
8 17  0.588009
8 18  0.577913
8 19  0.566226
8 20  0.559027
8 21  0.556888
8 22  0.581066
8 23  0.593773
8 24  0.534792
8 25  0.501650
8 26  0.570770
8 27  0.572830
8 28  0.586120
8 29  0.601005
8 30  0.281228
9 10  0.599951
9 11  0.603833
9 12  0.618756
9 13  0.589296
9 14  0.607022
9 15  0.619571
9 16  0.609311
9 17  0.624410
9 18  0.587851
9 19  0.593087
9 20  0.596396
9 21  0.594102
9 22  0.618137
9 23  0.406455
9 24  0.619719
9 25  0.591447
9 26  0.607094
9 27  0.610413
9 28  0.593039
9 29  0.600728
9 30  0.593284
10 11  0.598816
10 12  0.614035
10 13  0.584483
10 14  0.602287
10 15  0.596079
10 16  0.593274
10 17  0.595720
10 18  0.604312
10 19  0.593028
10 20  0.591717
10 21  0.589439
10 22  0.613115
10 23  0.595150
10 24  0.612597
10 25  0.586653
10 26  0.601841
10 27  0.605479
10 28  0.419913
10 29  0.604895
10 30  0.587938
11 12  0.569093
11 13  0.564549
11 14  0.547328
11 15  0.598520
11 16  0.580927
11 17  0.602980
11 18  0.590269
11 19  0.579000
11 20  0.570389
11 21  0.566679
11 22  0.562500
11 23  0.605365
11 24  0.594374
11 25  0.566814
11 26  0.329651
11 27  0.544377
11 28  0.598105
11 29  0.613137
11 30  0.568656
12 13  0.578955
12 14  0.572139
12 15  0.613394
12 16  0.601133
12 17  0.617514
12 18  0.605206
12 19  0.593691
12 20  0.553379
12 21  0.554038
12 22  0.390547
12 23  0.620817
12 24  0.607171
12 25  0.580744
12 26  0.565101
12 27  0.569045
12 28  0.613489
12 29  0.628374
12 30  0.583213
13 14  0.565930
13 15  0.582839
13 16  0.573732
13 17  0.588065
13 18  0.575727
13 19  0.564120
13 20  0.556461
13 21  0.554590
13 22  0.578259
13 23  0.591548
13 24  0.533769
13 25  0.276901
13 26  0.568557
13 27  0.568987
13 28  0.584500
13 29  0.598909
13 30  0.501401
14 15  0.601218
14 16  0.591093
14 17  0.605087
14 18  0.593487
14 19  0.581881
14 20  0.571868
14 21  0.571164
14 22  0.564904
14 23  0.609286
14 24  0.589771
14 25  0.567708
14 26  0.545299
14 27  0.330915
14 28  0.602028
14 29  0.616691
14 30  0.571218
15 16  0.572003
15 17  0.352968
15 18  0.609532
15 19  0.597161
15 20  0.590999
15 21  0.588902
15 22  0.612592
15 23  0.622278
15 24  0.604602
15 25  0.585716
15 26  0.601976
15 27  0.604041
15 28  0.592245
15 29  0.630032
15 30  0.585447
16 17  0.577202
16 18  0.597875
16 19  0.586295
16 20  0.580712
16 21  0.578297
16 22  0.601509
16 23  0.608129
16 24  0.603790
16 25  0.575783
16 26  0.583762
16 27  0.594274
16 28  0.598159
16 29  0.607676
16 30  0.577602
17 18  0.613144
17 19  0.600806
17 20  0.595552
17 21  0.593362
17 22  0.617545
17 23  0.625600
17 24  0.608042
17 25  0.589137
17 26  0.606749
17 27  0.609164
17 28  0.601300
17 29  0.629415
17 30  0.589968
18 19  0.543812
18 20  0.582875
18 21  0.580699
18 22  0.604886
18 23  0.592017
18 24  0.606242
18 25  0.577906
18 26  0.594496
18 27  0.596871
18 28  0.607472
18 29  0.617238
18 30  0.579743
19 20  0.571298
19 21  0.569123
19 22  0.593310
19 23  0.599358
19 24  0.594607
19 25  0.566317
19 26  0.582954
19 27  0.585292
19 28  0.593295
19 29  0.592652
19 30  0.568151
20 21  0.515999
20 22  0.562920
20 23  0.598668
20 24  0.587009
20 25  0.558926
20 26  0.569823
20 27  0.570549
20 28  0.591718
20 29  0.606106
20 30  0.560812
21 22  0.562150
21 23  0.596481
21 24  0.585037
21 25  0.556804
21 26  0.566385
21 27  0.568751
21 28  0.589510
21 29  0.603915
21 30  0.558671
22 23  0.620608
22 24  0.608025
22 25  0.580736
22 26  0.573428
22 27  0.575575
22 28  0.613652
22 29  0.628011
22 30  0.582754
23 24  0.621971
23 25  0.593703
23 26  0.609810
23 27  0.612646
23 28  0.603593
23 29  0.603649
23 30  0.595533
24 25  0.545855
24 26  0.598572
24 27  0.592785
24 28  0.614140
24 29  0.629166
24 30  0.545570
25 26  0.570564
25 27  0.571170
25 28  0.586678
25 29  0.601095
25 30  0.508192
26 27  0.553169
26 28  0.602520
26 29  0.617075
26 30  0.572482
27 28  0.605701
27 29  0.620053
27 30  0.573903
28 29  0.608357
28 30  0.588426
29 30  0.602911
