  -1146.53416012
  -1146.90254091
0.00012436105600
2 2 2 2 2 2 2 2 2 2 2 2 2 2 2 0 0 0 0 0 0 0 0 0 0 0 0 0 0 0 
1  0.304115
2  0.299183
3  0.287574
4  0.281567
5  0.278812
6  0.310119
7  0.329925
8  0.282399
9  0.319346
10  0.315624
11  0.298381
12  0.309312
13  0.279878
14  0.298737
15  0.316449
16  0.308804
17  0.320928
18  0.304289
19  0.292849
20  0.284823
21  0.282932
22  0.308692
23  0.321659
24  0.313054
25  0.281927
26  0.302244
27  0.302009
28  0.315139
29  0.329850
30  0.284403
1 2  0.601301
1 3  0.589893
1 4  0.585544
1 5  0.582521
1 6  0.613685
1 7  0.618651
1 8  0.586364
1 9  0.615906
1 10  0.609158
1 11  0.593863
1 12  0.612021
1 13  0.583907
1 14  0.602331
1 15  0.587071
1 16  0.349558
1 17  0.589580
1 18  0.607469
1 19  0.596726
1 20  0.588731
1 21  0.585998
1 22  0.610785
1 23  0.621396
1 24  0.616495
1 25  0.585999
1 26  0.598597
1 27  0.605768
1 28  0.604364
1 29  0.629038
1 30  0.588482
2 3  0.542596
2 4  0.580748
2 5  0.577991
2 6  0.609268
2 7  0.620992
2 8  0.581575
2 9  0.593066
2 10  0.612070
2 11  0.597459
2 12  0.608481
2 13  0.579057
2 14  0.597909
2 15  0.614402
2 16  0.607073
2 17  0.619664
2 18  0.295295
2 19  0.546925
2 20  0.583969
2 21  0.582013
2 22  0.607762
2 23  0.594281
2 24  0.612190
2 25  0.581098
2 26  0.600977
2 27  0.601191
2 28  0.608035
2 29  0.624925
2 30  0.583542
3 4  0.569140
3 5  0.566385
3 6  0.597593
3 7  0.597646
3 8  0.569941
3 9  0.600502
3 10  0.597800
3 11  0.585900
3 12  0.596876
3 13  0.567433
3 14  0.586301
3 15  0.601978
3 16  0.596151
3 17  0.607188
3 18  0.546908
3 19  0.286869
3 20  0.572371
3 21  0.570457
3 22  0.596250
3 23  0.599277
3 24  0.600288
3 25  0.569471
3 26  0.589725
3 27  0.589560
3 28  0.596255
3 29  0.607006
3 30  0.571823
4 5  0.516035
4 6  0.591326
4 7  0.611484
4 8  0.563925
4 9  0.600905
4 10  0.597167
4 11  0.575121
4 12  0.567598
4 13  0.561340
4 14  0.572938
4 15  0.597982
4 16  0.590259
4 17  0.602412
4 18  0.585823
4 19  0.574389
4 20  0.275756
4 21  0.514010
4 22  0.558136
4 23  0.603187
4 24  0.593693
4 25  0.563135
4 26  0.582383
4 27  0.580471
4 28  0.596704
4 29  0.611364
4 30  0.565930
5 6  0.588773
5 7  0.608706
5 8  0.561202
5 9  0.598127
5 10  0.594363
5 11  0.569998
5 12  0.567093
5 13  0.558653
5 14  0.571365
5 15  0.595210
5 16  0.586729
5 17  0.599736
5 18  0.582992
5 19  0.571602
5 20  0.513851
5 21  0.274319
5 22  0.556879
5 23  0.600266
5 24  0.591772
5 25  0.560681
5 26  0.577931
5 27  0.579564
5 28  0.593820
5 29  0.608448
5 30  0.563205
6 7  0.639678
6 8  0.552660
6 9  0.629365
6 10  0.624870
6 11  0.607967
6 12  0.618078
6 13  0.552880
6 14  0.600860
6 15  0.616532
6 16  0.618482
6 17  0.620953
6 18  0.614333
6 19  0.602597
6 20  0.594014
6 21  0.592933
6 22  0.616121
6 23  0.631703
6 24  0.379028
6 25  0.544752
6 26  0.611692
6 27  0.603328
6 28  0.622716
6 29  0.639722
6 30  0.545100
7 8  0.612218
7 9  0.613325
7 10  0.620412
7 11  0.627575
7 12  0.639103
7 13  0.609749
7 14  0.628601
7 15  0.637738
7 16  0.633662
7 17  0.647213
7 18  0.629406
7 19  0.611973
7 20  0.614688
7 21  0.612665
7 22  0.638444
7 23  0.613233
7 24  0.642750
7 25  0.611814
7 26  0.631434
7 27  0.631908
7 28  0.615498
7 29  0.411862
7 30  0.614171
8 9  0.601727
8 10  0.597772
8 11  0.580716
8 12  0.591581
8 13  0.514624
8 14  0.580362
8 15  0.596258
8 16  0.591154
8 17  0.600615
8 18  0.586592
8 19  0.575030
8 20  0.567151
8 21  0.565291
8 22  0.591041
8 23  0.604046
8 24  0.547174
8 25  0.511249
8 26  0.584594
8 27  0.584097
8 28  0.596795
8 29  0.611996
8 30  0.290105
9 10  0.610103
9 11  0.617135
9 12  0.628560
9 13  0.599217
9 14  0.618050
9 15  0.631573
9 16  0.624017
9 17  0.636507
9 18  0.595992
9 19  0.601620
9 20  0.604122
9 21  0.602084
9 22  0.627727
9 23  0.415894
9 24  0.632287
9 25  0.601266
9 26  0.620501
9 27  0.621346
9 28  0.603062
9 29  0.611451
9 30  0.603738
10 11  0.613082
10 12  0.624827
10 13  0.595358
10 14  0.614299
10 15  0.608694
10 16  0.609081
10 17  0.608711
10 18  0.613448
10 19  0.602449
10 20  0.600442
10 21  0.598422
10 22  0.623694
10 23  0.605621
10 24  0.626135
10 25  0.597439
10 26  0.616342
10 27  0.617404
10 28  0.430719
10 29  0.616544
10 30  0.599333
11 12  0.581843
11 13  0.578084
11 14  0.561979
11 15  0.614348
11 16  0.598802
11 17  0.618777
11 18  0.602113
11 19  0.591056
11 20  0.581633
11 21  0.578168
11 22  0.575363
11 23  0.618836
11 24  0.610482
11 25  0.580237
11 26  0.345191
11 27  0.558921
11 28  0.612068
11 29  0.627317
11 30  0.582714
12 13  0.588815
12 14  0.582901
12 15  0.625664
12 16  0.616000
12 17  0.629816
12 18  0.613489
12 19  0.602140
12 20  0.561189
12 21  0.562094
12 22  0.399638
12 23  0.630656
12 24  0.619740
12 25  0.590556
12 26  0.578136
12 27  0.579879
12 28  0.623793
12 29  0.638967
12 30  0.593656
13 14  0.576905
13 15  0.595055
13 16  0.588653
13 17  0.600348
13 18  0.584124
13 19  0.572664
13 20  0.564268
13 21  0.562686
13 22  0.587940
13 23  0.601525
13 24  0.545805
13 25  0.285435
13 26  0.582085
13 27  0.579948
13 28  0.594902
13 29  0.609644
13 30  0.511334
14 15  0.614609
14 16  0.607086
14 17  0.618573
14 18  0.603020
14 19  0.591542
14 20  0.580696
14 21  0.580279
14 22  0.575704
14 23  0.620391
14 24  0.603413
14 25  0.578713
14 26  0.559984
14 27  0.342076
14 28  0.613555
14 29  0.628534
14 30  0.582823
15 16  0.589529
15 17  0.366874
15 18  0.620238
15 19  0.607996
15 20  0.601176
15 21  0.599375
15 22  0.624639
15 23  0.634506
15 24  0.619428
15 25  0.597943
15 26  0.617871
15 27  0.617419
15 28  0.604845
15 29  0.643033
15 30  0.598232
16 17  0.594420
16 18  0.610824
16 19  0.599471
16 20  0.593410
16 21  0.591232
16 22  0.615856
16 23  0.622355
16 24  0.621289
16 25  0.590603
16 26  0.600358
16 27  0.610098
16 28  0.613335
16 29  0.621900
16 30  0.593033
17 18  0.623727
17 19  0.611416
17 20  0.605700
17 21  0.603782
17 22  0.629537
17 23  0.637577
17 24  0.622127
17 25  0.601152
17 26  0.622544
17 27  0.622414
17 28  0.613386
17 29  0.642091
17 30  0.602455
18 19  0.551043
18 20  0.589110
18 21  0.587214
18 22  0.612957
18 23  0.599580
18 24  0.617298
18 25  0.586210
18 26  0.606378
18 27  0.606279
18 28  0.616079
18 29  0.626168
18 30  0.588684
19 20  0.577670
19 21  0.575777
19 22  0.601523
19 23  0.607841
19 24  0.605773
19 25  0.574754
19 26  0.595002
19 27  0.594840
19 28  0.601951
19 29  0.600807
19 30  0.577217
20 21  0.522276
20 22  0.570308
20 23  0.606471
20 24  0.597420
20 25  0.566635
20 26  0.580732
20 27  0.578980
20 28  0.599929
20 29  0.614660
20 30  0.569167
21 22  0.569754
21 23  0.604553
21 24  0.595765
21 25  0.564810
21 26  0.577476
21 27  0.577518
21 28  0.597979
21 29  0.612742
21 30  0.567317
22 23  0.630213
22 24  0.620166
22 25  0.590258
22 26  0.586068
22 27  0.586128
22 28  0.623676
22 29  0.638362
22 30  0.592950
23 24  0.634576
23 25  0.603577
23 26  0.623181
23 27  0.623608
23 28  0.613478
23 29  0.614293
23 30  0.606039
24 25  0.558038
24 26  0.614693
24 27  0.605572
24 28  0.627056
24 29  0.642511
24 30  0.558196
25 26  0.583986
25 27  0.581907
25 28  0.596936
25 29  0.611710
25 30  0.518060
26 27  0.567675
26 28  0.616301
26 29  0.631120
26 30  0.586536
27 28  0.617093
27 29  0.631766
27 30  0.585356
28 29  0.619716
28 30  0.599299
29 30  0.614152
