  -1146.53416012
  -1146.90363365
0.00006299569500
2 2 2 2 2 2 2 2 2 2 2 2 2 2 2 0 0 0 0 0 0 0 0 0 0 0 0 0 0 0 
1  0.309851
2  0.300478
3  0.288748
4  0.282758
5  0.280143
6  0.314160
7  0.332199
8  0.285175
9  0.321314
10  0.317889
11  0.303273
12  0.311570
13  0.282777
14  0.301886
15  0.319972
16  0.314367
17  0.324397
18  0.305625
19  0.294101
20  0.286057
21  0.284328
22  0.311021
23  0.323607
24  0.316852
25  0.284975
26  0.307154
27  0.305190
28  0.317350
29  0.332055
30  0.287293
1 2  0.608182
1 3  0.596688
1 4  0.592441
1 5  0.589521
1 6  0.623434
1 7  0.625973
1 8  0.594872
1 9  0.623332
1 10  0.617117
1 11  0.603042
1 12  0.619850
1 13  0.592541
1 14  0.611166
1 15  0.596362
1 16  0.359519
1 17  0.598982
1 18  0.614491
1 19  0.603702
1 20  0.595697
1 21  0.593077
1 22  0.618802
1 23  0.629061
1 24  0.626013
1 25  0.594777
1 26  0.608715
1 27  0.614662
1 28  0.612373
1 29  0.636809
1 30  0.597098
2 3  0.545135
2 4  0.583233
2 5  0.580613
2 6  0.614599
2 7  0.624501
2 8  0.585644
2 9  0.596127
2 10  0.615594
2 11  0.603611
2 12  0.612025
2 13  0.583251
2 14  0.602347
2 15  0.619132
2 16  0.613877
2 17  0.624401
2 18  0.297918
2 19  0.549633
2 20  0.586483
2 21  0.584661
2 22  0.611378
2 23  0.597532
2 24  0.617284
2 25  0.585437
2 26  0.607106
2 27  0.605666
2 28  0.611542
2 29  0.628428
2 30  0.587721
3 4  0.571505
3 5  0.568887
3 6  0.602791
3 7  0.600788
3 8  0.573882
3 9  0.603644
3 10  0.601186
3 11  0.591948
3 12  0.600301
3 13  0.571498
3 14  0.590619
3 15  0.606561
3 16  0.602876
3 17  0.611790
3 18  0.549577
3 19  0.289266
3 20  0.574765
3 21  0.573001
3 22  0.599756
3 23  0.602433
3 24  0.605234
3 25  0.573683
3 26  0.595799
3 27  0.593909
3 28  0.599673
3 29  0.610325
3 30  0.575847
4 5  0.518683
4 6  0.596517
4 7  0.614947
4 8  0.567881
4 9  0.604062
4 10  0.600618
4 11  0.581064
4 12  0.571074
4 13  0.565416
4 14  0.577176
4 15  0.602689
4 16  0.597011
4 17  0.607081
4 18  0.588332
4 19  0.576814
4 20  0.278158
4 21  0.516813
4 22  0.561730
4 23  0.606314
4 24  0.598631
4 25  0.567337
4 26  0.588450
4 27  0.584836
4 28  0.600104
4 29  0.614730
4 30  0.570006
5 6  0.594122
5 7  0.612294
5 8  0.565306
5 9  0.601411
5 10  0.597936
5 11  0.576034
5 12  0.570685
5 13  0.562880
5 14  0.575741
5 15  0.600046
5 16  0.593552
5 17  0.604534
5 18  0.585616
5 19  0.574159
5 20  0.516621
5 21  0.276985
5 22  0.560615
5 23  0.603510
5 24  0.596892
5 25  0.565057
5 26  0.584163
5 27  0.584048
5 28  0.597378
5 29  0.611937
5 30  0.567422
6 7  0.645983
6 8  0.559261
6 9  0.635364
6 10  0.631128
6 11  0.616873
6 12  0.624270
6 13  0.559413
6 14  0.607443
6 15  0.623719
6 16  0.628062
6 17  0.628415
6 18  0.619710
6 19  0.607859
6 20  0.599224
6 21  0.598364
6 22  0.622482
6 23  0.637684
6 24  0.386871
6 25  0.551295
6 26  0.620639
6 27  0.610280
6 28  0.628987
6 29  0.645959
6 30  0.551700
7 8  0.617263
7 9  0.617585
7 10  0.625142
7 11  0.634552
7 12  0.643586
7 13  0.614912
7 14  0.634012
7 15  0.643468
7 16  0.641303
7 17  0.652960
7 18  0.633017
7 19  0.615421
7 20  0.618171
7 21  0.616268
7 22  0.643061
7 23  0.617586
7 24  0.648805
7 25  0.617139
7 26  0.638584
7 27  0.637362
7 28  0.620114
7 29  0.416166
7 30  0.619324
8 9  0.606468
8 10  0.602782
8 11  0.588379
8 12  0.596603
8 13  0.519841
8 14  0.586250
8 15  0.602384
8 16  0.599485
8 17  0.606835
8 18  0.590691
8 19  0.579002
8 20  0.571160
8 21  0.569457
8 22  0.596139
8 23  0.608769
8 24  0.553614
8 25  0.516560
8 26  0.592271
8 27  0.590037
8 28  0.601778
8 29  0.616972
8 30  0.295143
9 10  0.614113
9 11  0.623884
9 12  0.632753
9 13  0.604084
9 14  0.623160
9 15  0.636975
9 16  0.631541
9 17  0.641894
9 18  0.599306
9 19  0.604873
9 20  0.607314
9 21  0.605400
9 22  0.632022
9 23  0.419817
9 24  0.638050
9 25  0.606282
9 26  0.627309
9 27  0.626497
9 28  0.607165
9 29  0.615759
9 30  0.608594
10 11  0.620130
10 12  0.629328
10 13  0.600492
10 14  0.619701
10 15  0.614324
10 16  0.616974
10 17  0.614477
10 18  0.617030
10 19  0.605986
10 20  0.603943
10 21  0.602083
10 22  0.628277
10 23  0.609745
10 24  0.632192
10 25  0.602756
10 26  0.623552
10 27  0.622836
10 28  0.435174
10 29  0.621124
10 30  0.604476
11 12  0.588860
11 13  0.585865
11 14  0.570133
11 15  0.622721
11 16  0.608867
11 17  0.627151
11 18  0.608254
11 19  0.597178
11 20  0.587724
11 21  0.584436
11 22  0.582627
11 23  0.625615
11 24  0.619182
11 25  0.588171
11 26  0.354101
11 27  0.567180
11 28  0.619208
11 29  0.634369
11 30  0.590487
12 13  0.593943
12 14  0.588285
12 15  0.631432
12 16  0.623744
12 17  0.635549
12 18  0.617081
12 19  0.605656
12 20  0.564756
12 21  0.565812
12 22  0.404211
12 23  0.634874
12 24  0.625793
12 25  0.595862
12 26  0.585369
12 27  0.585378
12 28  0.628270
12 29  0.643465
12 30  0.598797
13 14  0.582867
13 15  0.601304
13 16  0.597109
13 17  0.606661
13 18  0.588350
13 19  0.576796
13 20  0.568362
13 21  0.566979
13 22  0.593169
13 23  0.606368
13 24  0.552192
13 25  0.291101
13 26  0.589887
13 27  0.586036
13 28  0.600009
13 29  0.614754
13 30  0.516739
14 15  0.621196
14 16  0.615789
14 17  0.625038
14 18  0.607501
14 19  0.595930
14 20  0.585065
14 21  0.584799
14 22  0.581223
14 23  0.625486
14 24  0.610081
14 25  0.584917
14 26  0.568240
14 27  0.348005
14 28  0.618885
14 29  0.633889
14 30  0.588838
15 16  0.598842
15 17  0.373536
15 18  0.625064
15 19  0.612739
15 20  0.605935
15 21  0.604292
15 22  0.630482
15 23  0.639940
15 24  0.626704
15 25  0.604463
15 26  0.626344
15 27  0.623981
15 28  0.610532
15 29  0.648775
15 30  0.604578
16 17  0.603460
16 18  0.617589
16 19  0.606161
16 20  0.600176
16 21  0.598114
16 22  0.623553
16 23  0.629618
16 24  0.630618
16 25  0.599207
16 26  0.609384
16 27  0.618766
16 28  0.621058
16 29  0.628996
16 30  0.601480
17 18  0.628462
17 19  0.616020
17 20  0.610396
17 21  0.608626
17 22  0.635319
17 23  0.642909
17 24  0.629047
17 25  0.607499
17 26  0.630846
17 27  0.628987
17 28  0.618916
17 29  0.647670
17 30  0.608629
18 19  0.553713
18 20  0.591679
18 21  0.589943
18 22  0.616609
18 23  0.602638
18 24  0.622424
18 25  0.590592
18 26  0.612583
18 27  0.610786
18 28  0.619581
18 29  0.629636
18 30  0.592906
19 20  0.580157
19 21  0.578424
19 22  0.605095
19 23  0.611038
19 24  0.610806
19 25  0.579046
19 26  0.601141
19 27  0.599266
19 28  0.605366
19 29  0.603963
19 30  0.581350
20 21  0.525054
20 22  0.573896
20 23  0.609650
20 24  0.602407
20 25  0.570904
20 26  0.586719
20 27  0.583297
20 28  0.603366
20 29  0.618098
20 30  0.573281
21 22  0.573463
21 23  0.607882
21 24  0.600933
21 25  0.569252
21 26  0.583603
21 27  0.582004
21 28  0.601562
21 29  0.616326
21 30  0.571601
22 23  0.634455
22 24  0.626187
22 25  0.595608
22 26  0.593161
22 27  0.591629
22 28  0.628196
22 29  0.642839
22 30  0.598153
23 24  0.640314
23 25  0.608573
23 26  0.629910
23 27  0.628726
23 28  0.617470
23 29  0.618469
23 30  0.610872
24 25  0.564525
24 26  0.623377
24 27  0.611885
24 28  0.633008
24 29  0.648501
24 30  0.564732
25 26  0.591938
25 27  0.588031
25 28  0.602174
25 29  0.616955
25 30  0.523453
26 27  0.575857
26 28  0.623321
26 29  0.638067
26 30  0.594327
27 28  0.622471
27 29  0.637140
27 30  0.591371
28 29  0.624328
28 30  0.604372
29 30  0.619241
