  -1146.53416012
  -1146.90411963
0.00000131774241
2 2 2 2 2 2 2 2 2 2 2 2 2 2 2 0 0 0 0 0 0 0 0 0 0 0 0 0 0 0 
1  0.312473
2  0.301007
3  0.289208
4  0.283375
5  0.280851
6  0.316549
7  0.333188
8  0.287302
9  0.322136
10  0.318883
11  0.305742
12  0.312781
13  0.284755
14  0.303538
15  0.321637
16  0.317016
17  0.326073
18  0.306187
19  0.294598
20  0.286705
21  0.285074
22  0.312216
23  0.324437
24  0.319217
25  0.287006
26  0.309571
27  0.306772
28  0.318334
29  0.333031
30  0.289439
1 2  0.611299
1 3  0.599726
1 4  0.595656
1 5  0.592806
1 6  0.628423
1 7  0.629285
1 8  0.599617
1 9  0.626676
1 10  0.620716
1 11  0.607325
1 12  0.623594
1 13  0.597139
1 14  0.615430
1 15  0.600723
1 16  0.364416
1 17  0.603392
1 18  0.617667
1 19  0.606815
1 20  0.598953
1 21  0.596418
1 22  0.622633
1 23  0.632508
1 24  0.630977
1 25  0.599426
1 26  0.613504
1 27  0.618841
1 28  0.616004
1 29  0.640330
1 30  0.601858
2 3  0.546158
2 4  0.584378
2 5  0.581847
2 6  0.617514
2 7  0.625990
2 8  0.588299
2 9  0.597403
2 10  0.617107
2 11  0.606585
2 12  0.613759
2 13  0.585758
2 14  0.604523
2 15  0.621302
2 16  0.617050
2 17  0.626597
2 18  0.299044
2 19  0.550734
2 20  0.587645
2 21  0.585895
2 22  0.613094
2 23  0.598915
2 24  0.620178
2 25  0.587997
2 26  0.610021
2 27  0.607773
2 28  0.613067
2 29  0.629938
2 30  0.590393
3 4  0.572583
3 5  0.570056
3 6  0.605632
3 7  0.602157
3 8  0.576460
3 9  0.604927
3 10  0.602629
3 11  0.594863
3 12  0.601968
3 13  0.573930
3 14  0.592727
3 15  0.608645
3 16  0.605980
3 17  0.613922
3 18  0.550676
3 19  0.290247
3 20  0.575855
3 21  0.574192
3 22  0.601413
3 23  0.603740
3 24  0.608061
3 25  0.576167
3 26  0.598676
3 27  0.595950
3 28  0.601128
3 29  0.611753
3 30  0.578426
4 5  0.520087
4 6  0.599503
4 7  0.616549
4 8  0.570616
4 9  0.605498
4 10  0.602225
4 11  0.584091
4 12  0.572923
4 13  0.568002
4 14  0.579407
4 15  0.604968
4 16  0.600268
4 17  0.609383
4 18  0.589498
4 19  0.577912
4 20  0.279468
4 21  0.518313
4 22  0.563603
4 23  0.607760
4 24  0.601611
4 25  0.569977
4 26  0.591471
4 27  0.587033
4 28  0.601705
4 29  0.616298
4 30  0.572768
5 6  0.597203
5 7  0.613975
5 8  0.568140
5 9  0.602934
5 10  0.599626
5 11  0.579137
5 12  0.572609
5 13  0.565564
5 14  0.578069
5 15  0.602410
5 16  0.596884
5 17  0.606917
5 18  0.586845
5 19  0.575346
5 20  0.518107
5 21  0.278468
5 22  0.562576
5 23  0.605022
5 24  0.599966
5 25  0.567796
5 26  0.587286
5 27  0.586330
5 28  0.599069
5 29  0.613601
5 30  0.570272
6 7  0.649361
6 8  0.563626
6 9  0.638569
6 10  0.634486
6 11  0.621711
6 12  0.627810
6 13  0.563572
6 14  0.611115
6 15  0.627567
6 16  0.633069
6 17  0.632464
6 18  0.622662
6 19  0.610739
6 20  0.602264
6 21  0.601501
6 22  0.626071
6 23  0.640900
6 24  0.391363
6 25  0.555444
6 26  0.625421
6 27  0.614155
6 28  0.632379
6 29  0.649324
6 30  0.555933
7 8  0.620375
7 9  0.619420
7 10  0.627219
7 11  0.637910
7 12  0.645764
7 13  0.617873
7 14  0.636647
7 15  0.646097
7 16  0.644857
7 17  0.655628
7 18  0.634571
7 19  0.616895
7 20  0.619780
7 21  0.617982
7 22  0.645259
7 23  0.619483
7 24  0.652160
7 25  0.620160
7 26  0.641981
7 27  0.639937
7 28  0.622158
7 29  0.418115
7 30  0.622456
8 9  0.609413
8 10  0.605885
8 11  0.592969
8 12  0.599929
8 13  0.523629
8 14  0.589985
8 15  0.606077
8 16  0.604255
8 17  0.610643
8 18  0.593377
8 19  0.581603
8 20  0.573930
8 21  0.572323
8 22  0.599457
8 23  0.611724
8 24  0.557934
8 25  0.520329
8 26  0.596807
8 27  0.593722
8 28  0.604888
8 29  0.620073
8 30  0.298294
9 10  0.615859
9 11  0.627117
9 12  0.634771
9 13  0.606883
9 14  0.625624
9 15  0.639431
9 16  0.635011
9 17  0.644379
9 18  0.600711
9 19  0.606208
9 20  0.608782
9 21  0.606940
9 22  0.634034
9 23  0.421554
9 24  0.641234
9 25  0.609134
9 26  0.630536
9 27  0.628900
9 28  0.608975
9 29  0.617631
9 30  0.611560
10 11  0.623524
10 12  0.631521
10 13  0.603448
10 14  0.622338
10 15  0.616917
10 16  0.620644
10 17  0.617174
10 18  0.618598
10 19  0.607483
10 20  0.605585
10 21  0.603824
10 22  0.630449
10 23  0.611557
10 24  0.635567
10 25  0.605780
10 26  0.626989
10 27  0.625397
10 28  0.437260
10 29  0.623141
10 30  0.607615
11 12  0.592480
11 13  0.590306
11 14  0.574368
11 15  0.626826
11 16  0.613710
11 17  0.631280
11 18  0.611257
11 19  0.600137
11 20  0.590824
11 21  0.587642
11 22  0.586298
11 23  0.628920
11 24  0.624003
11 25  0.592662
11 26  0.358748
11 27  0.571347
11 28  0.622711
11 29  0.637803
11 30  0.595094
12 13  0.597116
12 14  0.591162
12 15  0.634300
12 16  0.627611
12 17  0.638440
12 18  0.618841
12 19  0.607366
12 20  0.566664
12 21  0.567810
12 22  0.406728
12 23  0.636903
12 24  0.629368
12 25  0.599108
12 26  0.589024
12 27  0.588211
12 28  0.630443
12 29  0.645663
12 30  0.602150
13 14  0.586442
13 15  0.604836
13 16  0.601731
13 17  0.610275
13 18  0.590887
13 19  0.579267
13 20  0.570979
13 21  0.569704
13 22  0.596345
13 23  0.609173
13 24  0.556267
13 25  0.294545
13 26  0.594276
13 27  0.589599
13 28  0.602973
13 29  0.617709
13 30  0.520609
14 15  0.624457
14 16  0.620062
14 17  0.628275
14 18  0.609708
14 19  0.598076
14 20  0.587363
14 21  0.587188
14 22  0.584108
14 23  0.627968
14 24  0.613969
14 25  0.588604
14 26  0.572446
14 27  0.351132
14 28  0.621509
14 29  0.636520
14 30  0.592611
15 16  0.603271
15 17  0.376883
15 18  0.627281
15 19  0.614904
15 20  0.608251
15 21  0.606701
15 22  0.633346
15 23  0.642426
15 24  0.630713
15 25  0.608117
15 26  0.630404
15 27  0.627155
15 28  0.613171
15 29  0.651417
15 30  0.608392
16 17  0.607845
16 18  0.620753
16 19  0.609262
16 20  0.603438
16 21  0.601463
16 22  0.627318
16 23  0.632999
16 24  0.635609
16 25  0.603880
16 26  0.613585
16 27  0.622966
16 28  0.624674
16 29  0.632341
16 30  0.606267
17 18  0.630688
17 19  0.618154
17 20  0.612718
17 21  0.611032
17 22  0.638184
17 23  0.645381
17 24  0.632897
17 25  0.611062
17 26  0.634894
17 27  0.632204
17 28  0.621521
17 29  0.650287
17 30  0.612329
18 19  0.554809
18 20  0.592887
18 21  0.591248
18 22  0.618361
18 23  0.603949
18 24  0.625347
18 25  0.593185
18 26  0.615545
18 27  0.612922
18 28  0.621112
18 29  0.631143
18 30  0.595614
19 20  0.581303
19 21  0.579668
19 22  0.606783
19 23  0.612366
19 24  0.613665
19 25  0.581567
19 26  0.604039
19 27  0.601339
19 28  0.606841
19 29  0.605341
19 30  0.583985
20 21  0.526533
20 22  0.575764
20 23  0.611125
20 24  0.605398
20 25  0.573576
20 26  0.589725
20 27  0.585487
20 28  0.604994
20 29  0.619719
20 30  0.576067
21 22  0.575405
21 23  0.609450
21 24  0.604026
21 25  0.572026
21 26  0.586693
21 27  0.584309
21 28  0.603276
21 29  0.618034
21 30  0.574491
22 23  0.636462
22 24  0.629698
22 25  0.598820
22 26  0.596731
22 27  0.594423
22 28  0.630363
22 29  0.644988
22 30  0.601485
23 24  0.643505
23 25  0.611433
23 26  0.633104
23 27  0.631124
23 28  0.619228
23 29  0.620296
23 30  0.613845
24 25  0.568710
24 26  0.628136
24 27  0.615461
24 28  0.636331
24 29  0.651840
24 30  0.569056
25 26  0.596380
25 27  0.591584
25 28  0.605176
25 29  0.619953
25 30  0.527371
26 27  0.579978
26 28  0.626661
26 29  0.641370
26 30  0.598882
27 28  0.625028
27 29  0.639689
27 30  0.595049
28 29  0.626387
28 30  0.607488
29 30  0.622360
