   -993.87578371
   -994.18038868
0.00060101903900
2 2 2 2 2 2 2 2 2 2 2 2 2 0 0 0 0 0 0 0 0 0 0 0 0 0 
1  0.255393
2  0.255222
3  0.252910
4  0.252583
5  0.272514
6  0.268880
7  0.269067
8  0.272906
9  0.277916
10  0.275191
11  0.277271
12  0.289546
13  0.289682
14  0.260900
15  0.260462
16  0.274467
17  0.271066
18  0.271176
19  0.274800
20  0.290883
21  0.279681
22  0.291029
23  0.255576
24  0.255169
25  0.276364
26  0.280325
1 2  0.510555
1 3  0.507899
1 4  0.507897
1 5  0.522448
1 6  0.520735
1 7  0.524447
1 8  0.528291
1 9  0.507347
1 10  0.528790
1 11  0.532058
1 12  0.544921
1 13  0.525413
1 14  0.240684
1 15  0.515779
1 16  0.526518
1 17  0.525637
1 18  0.526561
1 19  0.530187
1 20  0.519220
1 21  0.534938
1 22  0.546354
1 23  0.510505
1 24  0.508974
1 25  0.529376
1 26  0.502591
2 3  0.508057
2 4  0.507417
2 5  0.527728
2 6  0.524088
2 7  0.520781
2 8  0.522652
2 9  0.532557
2 10  0.528557
2 11  0.506686
2 12  0.524989
2 13  0.544885
2 14  0.516023
2 15  0.240106
2 16  0.529681
2 17  0.526280
2 18  0.525570
2 19  0.526659
2 20  0.546023
2 21  0.501806
2 22  0.519236
2 23  0.509241
2 24  0.509927
2 25  0.529253
2 26  0.535401
3 4  0.466766
3 5  0.525395
3 6  0.521755
3 7  0.521960
3 8  0.525799
3 9  0.527804
3 10  0.499244
3 11  0.528731
3 12  0.542376
3 13  0.542527
3 14  0.512186
3 15  0.513075
3 16  0.527145
3 17  0.523974
3 18  0.524048
3 19  0.527691
3 20  0.543369
3 21  0.532379
3 22  0.543646
3 23  0.464044
3 24  0.243198
3 25  0.491608
3 26  0.531275
4 5  0.525080
4 6  0.521444
4 7  0.521617
4 8  0.525461
4 9  0.528971
4 10  0.498979
4 11  0.526905
4 12  0.542067
4 13  0.542189
4 14  0.513183
4 15  0.511471
4 16  0.527029
4 17  0.523617
4 18  0.523758
4 19  0.527166
4 20  0.543196
4 21  0.530417
4 22  0.543174
4 23  0.242777
4 24  0.464023
4 25  0.491764
4 26  0.532670
5 6  0.494571
5 7  0.541581
5 8  0.545420
5 9  0.548199
5 10  0.547603
5 11  0.549755
5 12  0.562056
5 13  0.533095
5 14  0.529366
5 15  0.532974
5 16  0.264721
5 17  0.490626
5 18  0.543674
5 19  0.547308
5 20  0.525691
5 21  0.551974
5 22  0.563525
5 23  0.528089
5 24  0.527550
5 25  0.548257
5 26  0.552098
6 7  0.537945
6 8  0.541785
6 9  0.542962
6 10  0.544015
6 11  0.545991
6 12  0.558414
6 13  0.529966
6 14  0.528795
6 15  0.529339
6 16  0.491504
6 17  0.263027
6 18  0.539995
6 19  0.543664
6 20  0.521766
6 21  0.547820
6 22  0.559797
6 23  0.524401
6 24  0.524026
6 25  0.544739
6 26  0.547839
7 8  0.495078
7 9  0.546825
7 10  0.544202
7 11  0.542519
7 12  0.530016
7 13  0.558737
7 14  0.529963
7 15  0.528550
7 16  0.543518
7 17  0.540075
7 18  0.263025
7 19  0.491837
7 20  0.559843
7 21  0.547378
7 22  0.522123
7 23  0.524620
7 24  0.524179
7 25  0.544933
7 26  0.548665
8 9  0.550790
8 10  0.547992
8 11  0.547959
8 12  0.533256
8 13  0.562583
8 14  0.533802
8 15  0.529300
8 16  0.547366
8 17  0.543957
8 18  0.491100
8 19  0.264991
8 20  0.563773
8 21  0.551845
8 22  0.526007
8 23  0.528348
8 24  0.528073
8 25  0.548656
8 26  0.553009
9 10  0.544054
9 11  0.546525
9 12  0.566574
9 13  0.555734
9 14  0.505485
9 15  0.538182
9 16  0.551785
9 17  0.547310
9 18  0.548338
9 19  0.552490
9 20  0.548135
9 21  0.543555
9 22  0.567912
9 23  0.533276
9 24  0.531197
9 25  0.539690
9 26  0.321150
10 11  0.543237
10 12  0.564389
10 13  0.564534
10 14  0.533465
10 15  0.532964
10 16  0.549077
10 17  0.546082
10 18  0.546197
10 19  0.549408
10 20  0.565931
10 21  0.540260
10 22  0.566063
10 23  0.492582
10 24  0.492414
10 25  0.332218
10 26  0.540586
11 12  0.554982
11 13  0.566062
11 14  0.537963
11 15  0.504575
11 16  0.551515
11 17  0.547602
11 18  0.546794
11 19  0.551477
11 20  0.567198
11 21  0.320215
11 22  0.547596
11 23  0.530942
11 24  0.532181
11 25  0.539142
11 26  0.543790
12 13  0.579188
12 14  0.550376
12 15  0.523040
12 16  0.564000
12 17  0.560473
12 18  0.523219
12 19  0.524622
12 20  0.580056
12 21  0.548867
12 22  0.349770
12 23  0.544754
12 24  0.544269
12 25  0.565814
12 26  0.568742
13 14  0.523623
13 15  0.550089
13 16  0.524424
13 17  0.523247
13 18  0.560717
13 19  0.564468
13 20  0.349705
13 21  0.568141
13 22  0.580349
13 23  0.544813
13 24  0.544467
13 25  0.565946
13 26  0.549486
14 15  0.521315
14 16  0.529409
14 17  0.527241
14 18  0.532057
14 19  0.535685
14 20  0.529848
14 21  0.539617
14 22  0.551906
14 23  0.516303
14 24  0.515520
14 25  0.535087
14 26  0.515001
15 16  0.534915
15 17  0.531510
15 18  0.526935
15 19  0.529304
15 20  0.551323
15 21  0.514201
15 22  0.529508
15 23  0.515471
15 24  0.515454
15 25  0.534672
15 26  0.539830
16 17  0.498078
16 18  0.545639
16 19  0.549265
16 20  0.536715
16 21  0.554070
16 22  0.565483
16 23  0.530018
16 24  0.529610
16 25  0.550736
16 26  0.551747
17 18  0.542237
17 19  0.545863
17 20  0.533115
17 21  0.550491
17 22  0.562072
17 23  0.526620
17 24  0.526210
17 25  0.547381
17 26  0.547443
18 19  0.498454
18 20  0.562036
18 21  0.546934
18 22  0.533382
18 23  0.526726
18 24  0.526322
18 25  0.547490
18 26  0.551237
19 20  0.565671
19 21  0.551493
19 22  0.537074
19 23  0.530349
19 24  0.529944
19 25  0.551067
19 26  0.555045
20 21  0.569290
20 22  0.581842
20 23  0.546378
20 24  0.545962
20 25  0.566641
20 26  0.560056
21 22  0.559538
21 23  0.531677
21 24  0.532389
21 25  0.546686
21 26  0.550455
22 23  0.546515
22 24  0.546121
22 25  0.566815
22 26  0.570062
23 24  0.471626
23 25  0.503257
23 26  0.533513
24 25  0.502579
24 26  0.531986
25 26  0.547138
