   -993.87578371
   -994.18368896
0.00019854307200
2 2 2 2 2 2 2 2 2 2 2 2 2 0 0 0 0 0 0 0 0 0 0 0 0 0 
1  0.261569
2  0.261545
3  0.263112
4  0.263256
5  0.275722
6  0.272223
7  0.272405
8  0.276079
9  0.289247
10  0.289910
11  0.289299
12  0.294899
13  0.294945
14  0.267303
15  0.266750
16  0.277842
17  0.274638
18  0.274617
19  0.278116
20  0.296052
21  0.291041
22  0.296030
23  0.265841
24  0.265885
25  0.291037
26  0.292172
1 2  0.523016
1 3  0.524228
1 4  0.524669
1 5  0.531446
1 6  0.529696
1 7  0.533955
1 8  0.537636
1 9  0.524482
1 10  0.549502
1 11  0.550045
1 12  0.556442
1 13  0.536343
1 14  0.251659
1 15  0.528169
1 16  0.535991
1 17  0.535230
1 18  0.536180
1 19  0.539670
1 20  0.530394
1 21  0.552384
1 22  0.557521
1 23  0.527000
1 24  0.525880
1 25  0.550161
1 26  0.520723
2 3  0.524509
2 4  0.524356
2 5  0.537254
2 6  0.533749
2 7  0.529887
2 8  0.531772
2 9  0.549929
2 10  0.549468
2 11  0.524734
2 12  0.536193
2 13  0.556468
2 14  0.528616
2 15  0.251050
2 16  0.539365
2 17  0.536181
2 18  0.535182
2 19  0.536213
2 20  0.557536
2 21  0.519611
2 22  0.530403
2 23  0.525830
2 24  0.527017
2 25  0.550182
2 26  0.553487
3 4  0.484542
3 5  0.538770
3 6  0.535272
3 7  0.535474
3 8  0.539154
3 9  0.549086
3 10  0.523023
3 11  0.550632
3 12  0.557925
3 13  0.557987
3 14  0.528815
3 15  0.529595
3 16  0.540722
3 17  0.537745
3 18  0.537664
3 19  0.541220
3 20  0.558733
3 21  0.553810
3 22  0.558715
3 23  0.482048
3 24  0.259037
3 25  0.515696
3 26  0.553314
4 5  0.538939
4 6  0.535434
4 7  0.535600
4 8  0.539274
4 9  0.550677
4 10  0.523149
4 11  0.549284
4 12  0.558087
4 13  0.558122
4 14  0.530288
4 15  0.528467
4 16  0.541087
4 17  0.537835
4 18  0.537870
4 19  0.541142
4 20  0.558912
4 21  0.552403
4 22  0.558855
4 23  0.258627
4 24  0.482558
4 25  0.515623
4 26  0.555083
5 6  0.501272
5 7  0.548126
5 8  0.551800
5 9  0.562430
5 10  0.565512
5 11  0.564985
5 12  0.570612
5 13  0.541421
5 14  0.538896
5 15  0.542450
5 16  0.271514
5 17  0.497708
5 18  0.550319
5 19  0.553828
5 20  0.533821
5 21  0.566512
5 22  0.571739
5 23  0.541559
5 24  0.541395
5 25  0.565963
5 26  0.567117
6 7  0.544624
6 8  0.548301
6 9  0.557305
6 10  0.562075
6 11  0.561331
6 12  0.567099
6 13  0.538385
6 14  0.538386
6 15  0.538973
6 16  0.498492
6 17  0.270040
6 18  0.546760
6 19  0.550311
6 20  0.530034
6 21  0.562312
6 22  0.568128
6 23  0.537963
6 24  0.538087
6 25  0.562791
6 26  0.563012
7 8  0.501762
7 9  0.561469
7 10  0.562257
7 11  0.557576
7 12  0.538519
7 13  0.567327
7 14  0.539706
7 15  0.538026
7 16  0.550217
7 17  0.546956
7 18  0.269948
7 19  0.498769
7 20  0.568318
7 21  0.562058
7 22  0.530205
7 23  0.538227
7 24  0.538190
7 25  0.562990
7 26  0.563588
8 9  0.565288
8 10  0.565869
8 11  0.562856
8 12  0.541653
8 13  0.571016
8 14  0.543356
8 15  0.538692
8 16  0.553911
8 17  0.550696
8 18  0.498024
8 19  0.271763
8 20  0.572118
8 21  0.566356
8 22  0.533946
8 23  0.541709
8 24  0.541961
8 25  0.566330
8 26  0.567977
9 10  0.569155
9 11  0.568600
9 12  0.583031
9 13  0.571532
9 14  0.523246
9 15  0.555765
9 16  0.566394
9 17  0.562105
9 18  0.562961
9 19  0.567031
9 20  0.564280
9 21  0.564813
9 22  0.584247
9 23  0.554738
9 24  0.553258
9 25  0.564798
9 26  0.343280
10 11  0.569026
10 12  0.584308
10 13  0.584407
10 14  0.554616
10 15  0.554000
10 16  0.567060
10 17  0.564277
10 18  0.564259
10 19  0.567343
10 20  0.585798
10 21  0.565347
10 22  0.585774
10 23  0.516544
10 24  0.516363
10 25  0.352482
10 26  0.566434
11 12  0.571612
11 13  0.583050
11 14  0.556338
11 15  0.522892
11 16  0.566797
11 17  0.563021
11 18  0.562173
11 19  0.566721
11 20  0.584367
11 21  0.342497
11 22  0.564302
11 23  0.553224
11 24  0.554817
11 25  0.565009
11 26  0.565612
12 13  0.589769
12 14  0.562165
12 15  0.534546
12 16  0.572720
12 17  0.569376
12 18  0.531883
12 19  0.533144
12 20  0.590557
12 21  0.565049
12 22  0.360848
12 23  0.560393
12 24  0.560293
12 25  0.585825
12 26  0.585860
13 14  0.535165
13 15  0.561634
13 16  0.532910
13 17  0.531948
13 18  0.569417
13 19  0.573044
13 20  0.360864
13 21  0.584783
13 22  0.590637
13 23  0.560289
13 24  0.560496
13 25  0.585882
13 26  0.566112
14 15  0.533982
14 16  0.538705
14 17  0.536762
14 18  0.541897
14 19  0.545402
14 20  0.541139
14 21  0.557013
14 22  0.563300
14 23  0.532919
14 24  0.532622
14 25  0.555978
14 26  0.532644
15 16  0.544576
15 17  0.541366
15 18  0.536214
15 19  0.538448
15 20  0.562772
15 21  0.531265
15 22  0.540537
15 23  0.532010
15 24  0.532397
15 25  0.555456
15 26  0.557633
16 17  0.505278
16 18  0.552455
16 19  0.555956
16 20  0.545045
16 21  0.568791
16 22  0.573860
16 23  0.543651
16 24  0.543686
16 25  0.568776
16 26  0.566588
17 18  0.549248
17 19  0.552750
17 20  0.541489
17 21  0.565386
17 22  0.570640
17 23  0.540452
17 24  0.540486
17 25  0.565615
17 26  0.562324
18 19  0.505477
18 20  0.570638
18 21  0.561250
18 22  0.541475
18 23  0.540419
18 24  0.540475
18 25  0.565593
18 26  0.566490
19 20  0.574155
19 21  0.565813
19 22  0.545152
19 23  0.543915
19 24  0.543966
19 25  0.569044
19 26  0.570186
20 21  0.585692
20 22  0.591979
20 23  0.561799
20 24  0.561843
20 25  0.586283
20 26  0.576397
21 22  0.575325
21 23  0.552933
21 24  0.554216
21 25  0.571698
21 26  0.572366
22 23  0.561778
22 24  0.561834
22 25  0.586306
22 26  0.586792
23 24  0.489596
23 25  0.526940
23 26  0.555382
24 25  0.526845
24 26  0.554181
25 26  0.572755
