   -993.87578371
   -994.18542347
0.00010234154600
2 2 2 2 2 2 2 2 2 2 2 2 2 0 0 0 0 0 0 0 0 0 0 0 0 0 
1  0.265006
2  0.264888
3  0.269193
4  0.269077
5  0.277533
6  0.274204
7  0.274400
8  0.277907
9  0.297555
10  0.296894
11  0.297167
12  0.298106
13  0.298188
14  0.270821
15  0.270366
16  0.279683
17  0.276669
18  0.276724
19  0.279991
20  0.299124
21  0.299244
22  0.299205
23  0.271921
24  0.271799
25  0.297992
26  0.300013
1 2  0.529815
1 3  0.533701
1 4  0.533912
1 5  0.536436
1 6  0.534922
1 7  0.539383
1 8  0.542900
1 9  0.536227
1 10  0.559714
1 11  0.561141
1 12  0.563079
1 13  0.542808
1 14  0.257952
1 15  0.535085
1 16  0.541171
1 17  0.540633
1 18  0.541728
1 19  0.544985
1 20  0.536959
1 21  0.563965
1 22  0.564143
1 23  0.536505
1 24  0.535184
1 25  0.560509
1 26  0.532234
2 3  0.533911
2 4  0.533481
2 5  0.542408
2 6  0.539069
2 7  0.535037
2 8  0.536681
2 9  0.561416
2 10  0.559581
2 11  0.535906
2 12  0.542502
2 13  0.563043
2 14  0.535426
2 15  0.257399
2 16  0.544560
2 17  0.541556
2 18  0.540566
2 19  0.541343
2 20  0.563941
2 21  0.531367
2 22  0.536968
2 23  0.535192
2 24  0.536244
2 25  0.560438
2 26  0.564616
3 4  0.494927
3 5  0.546648
3 6  0.543317
3 7  0.543532
3 8  0.547037
3 9  0.563235
3 10  0.535572
3 11  0.564379
3 12  0.567198
3 13  0.567301
3 14  0.538406
3 15  0.539284
3 16  0.548617
3 17  0.545857
3 18  0.545855
3 19  0.549171
3 20  0.567877
3 21  0.568000
3 22  0.567955
3 23  0.492497
3 24  0.269213
3 25  0.527996
3 26  0.567165
4 5  0.546544
4 6  0.543219
4 7  0.543398
4 8  0.546907
4 9  0.564614
4 10  0.535648
4 11  0.562759
4 12  0.567105
4 13  0.567168
4 14  0.539596
4 15  0.537900
4 16  0.548744
4 17  0.545687
4 18  0.545796
4 19  0.548823
4 20  0.567747
4 21  0.566345
4 22  0.567845
4 23  0.268632
4 24  0.492599
4 25  0.527823
4 26  0.568657
5 6  0.505308
5 7  0.551930
5 8  0.555439
5 9  0.572341
5 10  0.574289
5 11  0.574637
5 12  0.575628
5 13  0.546481
5 14  0.544173
5 15  0.547888
5 16  0.275110
5 17  0.501825
5 18  0.554236
5 19  0.557515
5 20  0.538713
5 21  0.576491
5 22  0.576721
5 23  0.549448
5 24  0.549077
5 25  0.574629
5 26  0.576728
6 7  0.548597
6 8  0.552108
6 9  0.567301
6 10  0.571027
6 11  0.571122
6 12  0.572280
6 13  0.543500
6 14  0.543821
6 15  0.544567
6 16  0.502576
6 17  0.273945
6 18  0.550815
6 19  0.554160
6 20  0.535058
6 21  0.572396
6 22  0.573245
6 23  0.546027
6 24  0.545975
6 25  0.571708
6 26  0.572791
7 8  0.505829
7 9  0.571707
7 10  0.571224
7 11  0.567129
7 12  0.543613
7 13  0.572558
7 14  0.545219
7 15  0.543570
7 16  0.554048
7 17  0.550959
7 18  0.273921
7 19  0.502909
7 20  0.573368
7 21  0.572210
7 22  0.535346
7 23  0.546294
7 24  0.546102
7 25  0.571909
7 26  0.573335
8 9  0.575399
8 10  0.574663
8 11  0.572344
8 12  0.546692
8 13  0.576084
8 14  0.548718
8 15  0.544074
8 16  0.557582
8 17  0.554555
8 18  0.502231
8 19  0.275388
8 20  0.577016
8 21  0.576340
8 22  0.538948
8 23  0.549572
8 24  0.549700
8 25  0.575018
8 26  0.577626
9 10  0.583832
9 11  0.583253
9 12  0.594308
9 13  0.582765
9 14  0.535249
9 15  0.567597
9 16  0.576493
9 17  0.572395
9 18  0.573266
9 19  0.577194
9 20  0.575610
9 21  0.579986
9 22  0.595734
9 23  0.569023
9 24  0.567383
9 25  0.579642
9 26  0.358147
10 11  0.583371
10 12  0.594409
10 13  0.594503
10 14  0.565072
10 15  0.564602
10 16  0.575853
10 17  0.573266
10 18  0.573319
10 19  0.576156
10 20  0.595836
10 21  0.580117
10 22  0.595913
10 23  0.528890
10 24  0.528674
10 25  0.365401
10 26  0.580826
11 12  0.582319
11 13  0.593992
11 14  0.567653
11 15  0.534575
11 16  0.576497
11 17  0.572805
11 18  0.572094
11 19  0.576417
11 20  0.595246
11 21  0.357350
11 22  0.575311
11 23  0.567089
11 24  0.568503
11 25  0.579438
11 26  0.580283
12 13  0.596204
12 14  0.568878
12 15  0.541347
12 16  0.577752
12 17  0.574576
12 18  0.537170
12 19  0.538208
12 20  0.596837
12 21  0.576410
12 22  0.367079
12 23  0.569668
12 24  0.569362
12 25  0.595969
12 26  0.596864
13 14  0.541891
13 15  0.568506
13 16  0.537971
13 17  0.537187
13 18  0.574708
13 19  0.578146
13 20  0.367006
13 21  0.596194
13 22  0.596989
13 23  0.569578
13 24  0.569623
13 25  0.596044
13 26  0.577141
14 15  0.541124
14 16  0.543842
14 17  0.542115
14 18  0.547513
14 19  0.550794
14 20  0.547610
14 21  0.568475
14 22  0.569985
14 23  0.542477
14 24  0.541993
14 25  0.566192
14 26  0.543945
15 16  0.550031
15 17  0.547003
15 18  0.541735
15 19  0.543690
15 20  0.569448
15 21  0.542979
15 22  0.547200
15 23  0.541643
15 24  0.541885
15 25  0.565730
15 26  0.568829
16 17  0.509411
16 18  0.556402
16 19  0.559672
16 20  0.549932
16 21  0.578798
16 22  0.578869
16 23  0.551565
16 24  0.551432
16 25  0.577554
16 26  0.576037
17 18  0.553382
17 19  0.556655
17 20  0.546445
17 21  0.575539
17 22  0.575833
17 23  0.548553
17 24  0.548413
17 25  0.574588
17 26  0.571915
18 19  0.509722
18 20  0.575807
18 21  0.571243
18 22  0.546603
18 23  0.548589
18 24  0.548484
18 25  0.574644
18 26  0.576360
19 20  0.579096
19 21  0.575651
19 22  0.550189
19 23  0.551862
19 24  0.551748
19 25  0.577856
19 26  0.579872
20 21  0.596662
20 22  0.598218
20 23  0.570929
20 24  0.570813
20 25  0.596178
20 26  0.587083
21 22  0.586398
21 23  0.566997
21 24  0.568120
21 25  0.586324
21 26  0.586915
22 23  0.571016
22 24  0.570889
22 25  0.596277
22 26  0.597516
23 24  0.500171
23 25  0.539566
23 26  0.569103
24 25  0.539384
24 26  0.567683
25 26  0.587041
