   -993.87578371
   -994.18642364
0.00000115956032
2 2 2 2 2 2 2 2 2 2 2 2 2 0 0 0 0 0 0 0 0 0 0 0 0 0 
1  0.267521
2  0.267354
3  0.273794
4  0.273894
5  0.278516
6  0.275373
7  0.275544
8  0.278873
9  0.303157
10  0.301677
11  0.302704
12  0.300298
13  0.300434
14  0.273502
15  0.273012
16  0.280699
17  0.277880
18  0.277914
19  0.280990
20  0.301326
21  0.304678
22  0.301369
23  0.276627
24  0.276606
25  0.302640
26  0.305465
1 2  0.534766
1 3  0.540778
1 4  0.541203
1 5  0.539902
1 6  0.538556
1 7  0.543029
1 8  0.546381
1 9  0.544328
1 10  0.566781
1 11  0.568963
1 12  0.567772
1 13  0.547565
1 14  0.262965
1 15  0.540084
1 16  0.544719
1 17  0.544343
1 18  0.545431
1 19  0.548501
1 20  0.541779
1 21  0.571844
1 22  0.568791
1 23  0.543679
1 24  0.542503
1 25  0.567678
1 26  0.540320
2 3  0.540941
2 4  0.540725
2 5  0.545857
2 6  0.542691
2 7  0.538594
2 8  0.540081
2 9  0.569248
2 10  0.566618
2 11  0.543906
2 12  0.547158
2 13  0.567742
2 14  0.540399
2 15  0.262353
2 16  0.548044
2 17  0.545230
2 18  0.544204
2 19  0.544825
2 20  0.568581
2 21  0.539384
2 22  0.541703
2 23  0.542367
2 24  0.543479
2 25  0.567522
2 26  0.572468
3 4  0.502457
3 5  0.552215
3 6  0.549070
3 7  0.549262
3 8  0.552568
3 9  0.573284
3 10  0.544880
3 11  0.574345
3 12  0.573973
3 13  0.574141
3 14  0.545703
3 15  0.546491
3 16  0.554220
3 17  0.551668
3 18  0.551639
3 19  0.554768
3 20  0.574676
3 21  0.577976
3 22  0.574663
3 23  0.500341
3 24  0.277707
3 25  0.537026
3 26  0.577181
4 5  0.552310
4 6  0.549190
4 7  0.549343
4 8  0.552674
4 9  0.574865
4 10  0.545121
4 11  0.572953
4 12  0.574106
4 13  0.574211
4 14  0.547057
4 15  0.545375
4 16  0.554574
4 17  0.551708
4 18  0.551803
4 19  0.554627
4 20  0.574716
4 21  0.576552
4 22  0.574821
4 23  0.277269
4 24  0.500616
4 25  0.536921
4 26  0.578865
5 6  0.507622
5 7  0.554053
5 8  0.557388
5 9  0.578840
5 10  0.580040
5 11  0.581149
5 12  0.578794
5 13  0.549850
5 14  0.547856
5 15  0.551520
5 16  0.277192
5 17  0.504205
5 18  0.556403
5 19  0.559489
5 20  0.542013
5 21  0.582894
5 22  0.579873
5 23  0.555132
5 24  0.554848
5 25  0.580210
5 26  0.583142
6 7  0.550900
6 8  0.554239
6 9  0.573947
6 10  0.576974
6 11  0.577783
6 12  0.575622
6 13  0.546936
6 14  0.547649
6 15  0.548382
6 16  0.504941
6 17  0.276341
6 18  0.553120
6 19  0.556315
6 20  0.538515
6 21  0.578927
6 22  0.576566
6 23  0.551899
6 24  0.551950
6 25  0.577524
6 26  0.579397
7 8  0.508099
7 9  0.578406
7 10  0.577145
7 11  0.573687
7 12  0.546972
7 13  0.575929
7 14  0.549042
7 15  0.547338
7 16  0.556195
7 17  0.553256
7 18  0.276279
7 19  0.505227
7 20  0.576693
7 21  0.578777
7 22  0.538739
7 23  0.552143
7 24  0.552050
7 25  0.577701
7 26  0.579881
8 9  0.581959
8 10  0.580397
8 11  0.578763
8 12  0.549989
8 13  0.579287
8 14  0.552366
8 15  0.547705
8 16  0.559555
8 17  0.556726
8 18  0.504569
8 19  0.277437
8 20  0.580188
8 21  0.582719
8 22  0.542193
8 23  0.555227
8 24  0.555467
8 25  0.580575
8 26  0.584037
9 10  0.593766
9 11  0.593179
9 12  0.601792
9 13  0.590437
9 14  0.543592
9 15  0.575771
9 16  0.583088
9 17  0.579189
9 18  0.579998
9 19  0.583780
9 20  0.583382
9 21  0.590177
9 22  0.603476
9 23  0.579262
9 24  0.577749
9 25  0.589682
9 26  0.368920
10 11  0.593282
10 12  0.601301
10 13  0.601435
10 14  0.572490
10 15  0.572015
10 16  0.581595
10 17  0.579254
10 18  0.579288
10 19  0.581889
10 20  0.602787
10 21  0.590135
10 22  0.602830
10 23  0.538099
10 24  0.537864
10 25  0.374426
10 26  0.590809
11 12  0.589878
11 13  0.601479
11 14  0.575801
11 15  0.542832
11 16  0.583038
11 17  0.579504
11 18  0.578803
11 19  0.582931
11 20  0.602969
11 21  0.368092
11 22  0.582995
11 23  0.577295
11 24  0.578780
11 25  0.589371
11 26  0.590412
12 13  0.600618
12 14  0.573722
12 15  0.546290
12 16  0.580965
12 17  0.577927
12 18  0.540618
12 19  0.541503
12 20  0.601138
12 21  0.584016
12 22  0.371707
12 23  0.576560
12 24  0.576320
12 25  0.602778
12 26  0.604512
13 14  0.546922
13 15  0.573371
13 16  0.541338
13 17  0.540710
13 18  0.578099
13 19  0.581391
13 20  0.371700
13 21  0.603864
13 22  0.601317
13 23  0.576485
13 24  0.576672
13 25  0.602912
13 26  0.584814
14 15  0.546427
14 16  0.547512
14 17  0.545976
14 18  0.551372
14 19  0.554473
14 20  0.552507
14 21  0.576274
14 22  0.574812
14 23  0.549803
14 24  0.549429
14 25  0.573321
14 26  0.552024
15 16  0.553692
15 17  0.550849
15 18  0.545539
15 19  0.547312
15 20  0.574281
15 21  0.551009
15 22  0.552023
15 23  0.548942
15 24  0.549281
15 25  0.572780
15 26  0.576627
16 17  0.511812
16 18  0.558597
16 19  0.561683
16 20  0.553290
16 21  0.585233
16 22  0.582034
16 23  0.557275
16 24  0.557252
16 25  0.583197
16 26  0.582400
17 18  0.555767
17 19  0.558855
17 20  0.549863
17 21  0.582125
17 22  0.579189
17 23  0.554464
17 24  0.554417
17 25  0.580440
17 26  0.578445
18 19  0.512080
18 20  0.579180
18 21  0.577739
18 22  0.549960
18 23  0.554470
18 24  0.554475
18 25  0.580475
18 26  0.582942
19 20  0.582282
19 21  0.581983
19 22  0.553493
19 23  0.557563
19 24  0.557543
19 25  0.583481
19 26  0.586306
20 21  0.603990
20 22  0.602572
20 23  0.577813
20 24  0.577812
20 25  0.602921
20 26  0.594587
21 22  0.593854
21 23  0.576961
21 24  0.578170
21 25  0.595979
21 26  0.596667
22 23  0.577875
22 24  0.577835
22 25  0.602964
22 26  0.604822
23 24  0.507879
23 25  0.548829
23 26  0.579042
24 25  0.548731
24 26  0.577767
25 26  0.596779
