  -1146.52474622
  -1146.88321376
0.00007119136370
2 2 2 2 2 2 2 2 2 2 2 2 2 2 2 0 0 0 0 0 0 0 0 0 0 0 0 0 0 0 
1  0.271824
2  0.271798
3  0.263238
4  0.263167
5  0.275615
6  0.275591
7  0.275508
8  0.275648
9  0.299958
10  0.296247
11  0.299997
12  0.301990
13  0.301860
14  0.286986
15  0.296446
16  0.278268
17  0.278326
18  0.268823
19  0.268977
20  0.277452
21  0.278959
22  0.278916
23  0.277320
24  0.296439
25  0.302875
26  0.302651
27  0.296453
28  0.288222
29  0.302367
30  0.302404
1 2  0.543126
1 3  0.532868
1 4  0.534886
1 5  0.547300
1 6  0.546998
1 7  0.547318
1 8  0.547460
1 9  0.548948
1 10  0.565499
1 11  0.571142
1 12  0.571270
1 13  0.573666
1 14  0.554216
1 15  0.547420
1 16  0.261979
1 17  0.549938
1 18  0.540260
1 19  0.540103
1 20  0.548694
1 21  0.549051
1 22  0.550738
1 23  0.549073
1 24  0.564147
1 25  0.573984
1 26  0.548480
1 27  0.542320
1 28  0.557544
1 29  0.574010
1 30  0.571999
2 3  0.534935
2 4  0.532784
2 5  0.547402
2 6  0.547376
2 7  0.546892
2 8  0.547311
2 9  0.571074
2 10  0.547220
2 11  0.548961
2 12  0.573770
2 13  0.571123
2 14  0.554181
2 15  0.565679
2 16  0.549846
2 17  0.261870
2 18  0.539958
2 19  0.540390
2 20  0.549183
2 21  0.550756
2 22  0.549009
2 23  0.548548
2 24  0.542351
2 25  0.548711
2 26  0.573700
2 27  0.564140
2 28  0.557530
2 29  0.571932
2 30  0.574039
3 4  0.526400
3 5  0.533246
3 6  0.535174
3 7  0.538743
3 8  0.538886
3 9  0.538527
3 10  0.558688
3 11  0.563214
3 12  0.544232
3 13  0.565091
3 14  0.549315
3 15  0.558146
3 16  0.541060
3 17  0.540832
3 18  0.257402
3 19  0.532209
3 20  0.537525
3 21  0.541004
3 22  0.542140
3 23  0.540549
3 24  0.558501
3 25  0.565804
3 26  0.535362
3 27  0.559213
3 28  0.549833
3 29  0.565593
3 30  0.537587
4 5  0.538781
4 6  0.538755
4 7  0.535006
4 8  0.533213
4 9  0.563103
4 10  0.557904
4 11  0.538499
4 12  0.565150
4 13  0.544082
4 14  0.549224
4 15  0.558807
4 16  0.540723
4 17  0.541046
4 18  0.531987
4 19  0.257359
4 20  0.540610
4 21  0.542111
4 22  0.540895
4 23  0.537357
4 24  0.559124
4 25  0.535547
4 26  0.565517
4 27  0.558487
4 28  0.549743
4 29  0.537438
4 30  0.565555
5 6  0.504869
5 7  0.551122
5 8  0.551262
5 9  0.572518
5 10  0.571765
5 11  0.575605
5 12  0.550207
5 13  0.577475
5 14  0.562434
5 15  0.571965
5 16  0.553560
5 17  0.553831
5 18  0.540539
5 19  0.544590
5 20  0.271490
5 21  0.502459
5 22  0.554529
5 23  0.552934
5 24  0.571750
5 25  0.578470
5 26  0.577646
5 27  0.571767
5 28  0.563642
5 29  0.577975
5 30  0.541280
6 7  0.551098
6 8  0.551238
6 9  0.571267
6 10  0.571749
6 11  0.575581
6 12  0.547910
6 13  0.577449
6 14  0.562423
6 15  0.571991
6 16  0.552278
6 17  0.553903
6 18  0.543107
6 19  0.544554
6 20  0.501917
6 21  0.274840
6 22  0.554507
6 23  0.552910
6 24  0.571912
6 25  0.578462
6 26  0.576656
6 27  0.571775
6 28  0.563802
6 29  0.577952
6 30  0.538897
7 8  0.504774
7 9  0.575458
7 10  0.571709
7 11  0.571219
7 12  0.577495
7 13  0.547722
7 14  0.562336
7 15  0.571863
7 16  0.553761
7 17  0.552249
7 18  0.544316
7 19  0.543174
7 20  0.552958
7 21  0.554467
7 22  0.274864
7 23  0.501857
7 24  0.571678
7 25  0.576811
7 26  0.578155
7 27  0.571842
7 28  0.563719
7 29  0.538716
7 30  0.577906
8 9  0.575599
8 10  0.571800
8 11  0.572615
8 12  0.577637
8 13  0.550114
8 14  0.562465
8 15  0.571996
8 16  0.553808
8 17  0.553656
8 18  0.544468
8 19  0.540714
8 20  0.553099
8 21  0.554605
8 22  0.502288
8 23  0.271525
8 24  0.571791
8 25  0.577898
8 26  0.578280
8 27  0.571793
8 28  0.563673
8 29  0.541301
8 30  0.578046
9 10  0.592765
9 11  0.599541
9 12  0.588552
9 13  0.601801
9 14  0.579025
9 15  0.592253
9 16  0.552617
9 17  0.577503
9 18  0.538713
9 19  0.568763
9 20  0.576814
9 21  0.576857
9 22  0.578860
9 23  0.577273
9 24  0.592747
9 25  0.602795
9 26  0.368131
9 27  0.588100
9 28  0.584865
9 29  0.602186
9 30  0.581065
10 11  0.592101
10 12  0.598150
10 13  0.597836
10 14  0.554342
10 15  0.564042
10 16  0.570189
10 17  0.547252
10 18  0.563823
10 19  0.564520
10 20  0.573459
10 21  0.575161
10 22  0.574895
10 23  0.573258
10 24  0.384763
10 25  0.590232
10 26  0.595563
10 27  0.557501
10 28  0.549963
10 29  0.598474
10 30  0.598487
11 12  0.601969
11 13  0.588430
11 14  0.579052
11 15  0.592983
11 16  0.577476
11 17  0.552699
11 18  0.568641
11 19  0.538818
11 20  0.577445
11 21  0.578941
11 22  0.576850
11 23  0.576720
11 24  0.588241
11 25  0.368398
11 26  0.602610
11 27  0.592788
11 28  0.584816
11 29  0.581072
11 30  0.602260
12 13  0.603842
12 14  0.588762
12 15  0.598173
12 16  0.577607
12 17  0.580141
12 18  0.542304
12 19  0.570926
12 20  0.541908
12 21  0.542198
12 22  0.580902
12 23  0.579301
12 24  0.598338
12 25  0.604660
12 26  0.582988
12 27  0.598273
12 28  0.589625
12 29  0.604356
12 30  0.371054
13 14  0.588631
13 15  0.598221
13 16  0.579954
13 17  0.577530
13 18  0.570647
13 19  0.542397
13 20  0.579303
13 21  0.580815
13 22  0.542122
13 23  0.541609
13 24  0.598125
13 25  0.583059
13 26  0.604303
13 27  0.598218
13 28  0.589510
13 29  0.371033
13 30  0.604264
14 15  0.554461
14 16  0.562442
14 17  0.562479
14 18  0.554333
14 19  0.554484
14 20  0.564334
14 21  0.565920
14 22  0.565877
14 23  0.564204
14 24  0.548368
14 25  0.586597
14 26  0.586406
14 27  0.548269
14 28  0.347620
14 29  0.588763
14 30  0.588794
15 16  0.547351
15 17  0.570451
15 18  0.564578
15 19  0.564177
15 20  0.573578
15 21  0.575135
15 22  0.575314
15 23  0.573518
15 24  0.557543
15 25  0.595943
15 26  0.590224
15 27  0.385000
15 28  0.550326
15 29  0.598650
15 30  0.598711
16 17  0.555890
16 18  0.543937
16 19  0.547111
16 20  0.555469
16 21  0.556597
16 22  0.557174
16 23  0.555578
16 24  0.571502
16 25  0.580363
16 26  0.556039
16 27  0.552955
16 28  0.561791
16 29  0.580613
16 30  0.577825
17 18  0.547009
17 19  0.544162
17 20  0.555768
17 21  0.557276
17 22  0.556616
17 23  0.555396
17 24  0.552991
17 25  0.556295
17 26  0.580183
17 27  0.571621
17 28  0.561867
17 29  0.577847
17 30  0.580709
18 19  0.537798
18 20  0.540108
18 21  0.542966
18 22  0.547737
18 23  0.546142
18 24  0.564301
18 25  0.571665
18 26  0.545692
18 27  0.563532
18 28  0.555867
18 29  0.571187
18 30  0.548907
19 20  0.546428
19 21  0.547934
19 22  0.543077
19 23  0.540142
19 24  0.563687
19 25  0.546051
19 26  0.571597
19 27  0.564464
19 28  0.555991
19 29  0.549010
19 30  0.571380
20 21  0.509536
20 22  0.556367
20 23  0.554771
20 24  0.573801
20 25  0.580320
20 26  0.575892
20 27  0.573823
20 28  0.565531
20 29  0.579818
20 30  0.552605
21 22  0.557875
21 23  0.556279
21 24  0.575331
21 25  0.581828
21 26  0.576865
21 27  0.575375
21 28  0.567067
21 29  0.581324
21 30  0.551151
22 23  0.509346
22 24  0.575318
22 25  0.577048
22 26  0.581561
22 27  0.575302
22 28  0.567020
22 29  0.551077
22 30  0.581319
23 24  0.573680
23 25  0.575964
23 26  0.579964
23 27  0.573685
23 28  0.565398
23 29  0.552483
23 30  0.579724
24 25  0.595388
24 26  0.595457
24 27  0.565771
24 28  0.555216
24 29  0.598448
24 30  0.598721
25 26  0.604943
25 27  0.595673
25 28  0.582093
25 29  0.592691
25 30  0.605268
26 27  0.595126
26 28  0.582081
26 29  0.605006
26 30  0.592505
27 28  0.555390
27 29  0.598701
27 30  0.598493
28 29  0.590357
28 30  0.590401
29 30  0.604768
