  -1146.52474622
  -1146.88476577
0.00002209172780
2 2 2 2 2 2 2 2 2 2 2 2 2 2 2 0 0 0 0 0 0 0 0 0 0 0 0 0 0 0 
1  0.275880
2  0.275878
3  0.266483
4  0.266428
5  0.277356
6  0.277483
7  0.277392
8  0.277396
9  0.304704
10  0.301311
11  0.304792
12  0.304729
13  0.304590
14  0.292203
15  0.301422
16  0.282716
17  0.282756
18  0.272260
19  0.272355
20  0.279137
21  0.280823
22  0.280786
23  0.279015
24  0.301240
25  0.307638
26  0.307496
27  0.301332
28  0.293283
29  0.305014
30  0.305060
1 2  0.551177
1 3  0.540052
1 4  0.542174
1 5  0.553075
1 6  0.552876
1 7  0.553246
1 8  0.553252
1 9  0.557596
1 10  0.574503
1 11  0.579886
1 12  0.577846
1 13  0.580447
1 14  0.563285
1 15  0.555817
1 16  0.269854
1 17  0.558362
1 18  0.547696
1 19  0.547416
1 20  0.554402
1 21  0.554899
1 22  0.556663
1 23  0.554802
1 24  0.572947
1 25  0.582736
1 26  0.557433
1 27  0.551037
1 28  0.566636
1 29  0.580714
1 30  0.578687
2 3  0.542229
2 4  0.540006
2 5  0.553211
2 6  0.553336
2 7  0.552785
2 8  0.553115
2 9  0.579797
2 10  0.555717
2 11  0.557673
2 12  0.580586
2 13  0.577714
2 14  0.563278
2 15  0.574618
2 16  0.558321
2 17  0.269750
2 18  0.547321
2 19  0.547790
2 20  0.554918
2 21  0.556698
2 22  0.554861
2 23  0.554285
2 24  0.551020
2 25  0.557603
2 26  0.582593
2 27  0.572997
2 28  0.566640
2 29  0.578632
2 30  0.580762
3 4  0.532905
3 5  0.537935
3 6  0.540140
3 7  0.543872
3 8  0.543878
3 9  0.546365
3 10  0.566858
3 11  0.571248
3 12  0.550041
3 13  0.571064
3 14  0.557657
3 15  0.566234
3 16  0.548690
3 17  0.548385
3 18  0.263498
3 19  0.538830
3 20  0.542391
3 21  0.546045
3 22  0.547243
3 23  0.545489
3 24  0.566485
3 25  0.573755
3 26  0.543485
3 27  0.567318
3 28  0.558124
3 29  0.571471
3 30  0.543471
4 5  0.543783
4 6  0.543907
4 7  0.539976
4 8  0.537918
4 9  0.571104
4 10  0.566073
4 11  0.546405
4 12  0.571148
4 13  0.549900
4 14  0.557603
4 15  0.566916
4 16  0.548289
4 17  0.548675
4 18  0.538680
4 19  0.263416
4 20  0.545556
4 21  0.547224
4 22  0.545961
4 23  0.542243
4 24  0.567180
4 25  0.543608
4 26  0.573560
4 27  0.566529
4 28  0.558054
4 29  0.543342
4 30  0.571461
5 6  0.508736
5 7  0.554747
5 8  0.554752
5 9  0.578749
5 10  0.578543
5 11  0.582134
5 12  0.554635
5 13  0.581946
5 14  0.569367
5 15  0.578675
5 16  0.559701
5 17  0.559970
5 18  0.545626
5 19  0.549708
5 20  0.274915
5 21  0.506324
5 22  0.558139
5 23  0.556371
5 24  0.578283
5 25  0.584972
5 26  0.584172
5 27  0.578405
5 28  0.570406
5 29  0.582362
5 30  0.545691
6 7  0.554874
6 8  0.554878
6 9  0.577601
6 10  0.578674
6 11  0.582260
6 12  0.552333
6 13  0.582070
6 14  0.569513
6 15  0.578853
6 16  0.558538
6 17  0.560213
6 18  0.548372
6 19  0.549810
6 20  0.505733
6 21  0.278534
6 22  0.558268
6 23  0.556496
6 24  0.578587
6 25  0.585112
6 26  0.583319
6 27  0.578512
6 28  0.570752
6 29  0.582486
6 30  0.543405
7 8  0.508646
7 9  0.582081
7 10  0.578651
7 11  0.577593
7 12  0.582118
7 13  0.552144
7 14  0.569420
7 15  0.578694
7 16  0.560080
7 17  0.558488
7 18  0.549624
7 19  0.548372
7 20  0.556527
7 21  0.558214
7 22  0.278549
7 23  0.505675
7 24  0.578333
7 25  0.583388
7 26  0.584879
7 27  0.578587
7 28  0.570661
7 29  0.543217
7 30  0.582442
8 9  0.582086
8 10  0.578605
8 11  0.578901
8 12  0.582125
8 13  0.554536
8 14  0.569406
8 15  0.578694
8 16  0.559968
8 17  0.559785
8 18  0.549654
8 19  0.545742
8 20  0.556533
8 21  0.558216
8 22  0.506171
8 23  0.274954
8 24  0.578359
8 25  0.584352
8 26  0.584871
8 27  0.578418
8 28  0.570442
8 29  0.545714
8 30  0.582449
9 10  0.602265
9 11  0.608970
9 12  0.595678
9 13  0.609275
9 14  0.588246
9 15  0.601850
9 16  0.561864
9 17  0.586624
9 18  0.546874
9 19  0.576836
9 20  0.583183
9 21  0.583435
9 22  0.585469
9 23  0.583711
9 24  0.602262
9 25  0.612296
9 26  0.377332
9 27  0.597699
9 28  0.594412
9 29  0.609534
9 30  0.588246
10 11  0.601831
10 12  0.605943
10 13  0.605608
10 14  0.564604
10 15  0.573387
10 16  0.579567
10 17  0.556551
10 18  0.572260
10 19  0.572963
10 20  0.580195
10 21  0.582086
10 22  0.581785
10 23  0.580022
10 24  0.394025
10 25  0.600019
10 26  0.605414
10 27  0.566995
10 28  0.560107
10 29  0.606178
10 30  0.606200
11 12  0.609503
11 13  0.595587
11 14  0.588327
11 15  0.602456
11 16  0.586661
11 17  0.561981
11 18  0.576828
11 19  0.546968
11 20  0.583920
11 21  0.585593
11 22  0.583479
11 23  0.583148
11 24  0.597805
11 25  0.377579
11 26  0.612243
11 27  0.602427
11 28  0.594414
11 29  0.588269
11 30  0.609662
12 13  0.609309
12 14  0.596685
12 15  0.605858
12 16  0.584741
12 17  0.587313
12 18  0.548493
12 19  0.577012
12 20  0.546271
12 21  0.546717
12 22  0.585507
12 23  0.583733
12 24  0.605863
12 25  0.612119
12 26  0.590437
12 27  0.605869
12 28  0.597379
12 29  0.609742
12 30  0.376435
13 14  0.596545
13 15  0.605914
13 16  0.587135
13 17  0.584643
13 18  0.576778
13 19  0.548514
13 20  0.583715
13 21  0.585404
13 22  0.546647
13 23  0.545970
13 24  0.605642
13 25  0.590405
13 26  0.611838
13 27  0.605816
13 28  0.597244
13 29  0.376362
13 30  0.609649
14 15  0.564682
14 16  0.572020
14 17  0.572060
14 18  0.562958
14 19  0.563049
14 20  0.571228
14 21  0.572988
14 22  0.572952
14 23  0.571100
14 24  0.558362
14 25  0.596317
14 26  0.596190
14 27  0.558388
14 28  0.356967
14 29  0.596571
14 30  0.596612
15 16  0.556589
15 17  0.579715
15 18  0.572982
15 19  0.572466
15 20  0.580254
15 21  0.581930
15 22  0.582159
15 23  0.580180
15 24  0.566884
15 25  0.605647
15 26  0.599991
15 27  0.394248
15 28  0.560354
15 29  0.606268
15 30  0.606334
16 17  0.564694
16 18  0.551601
16 19  0.554882
16 20  0.561569
16 21  0.562835
16 22  0.563483
16 23  0.561713
16 24  0.580580
16 25  0.589421
16 26  0.565088
16 27  0.561588
16 28  0.571095
16 29  0.587703
16 30  0.584711
17 18  0.554825
17 19  0.551734
17 20  0.561875
17 21  0.563560
17 22  0.562834
17 23  0.561483
17 24  0.561523
17 25  0.565269
17 26  0.589320
17 27  0.580724
17 28  0.571164
17 29  0.584705
17 30  0.587789
18 19  0.544613
18 20  0.545013
18 21  0.548064
18 22  0.553043
18 23  0.551274
18 24  0.572390
18 25  0.579851
18 26  0.553818
18 27  0.571703
18 28  0.564233
18 29  0.577270
18 30  0.554804
19 20  0.551490
19 21  0.553175
19 22  0.548127
19 23  0.544996
19 24  0.571729
19 25  0.554060
19 26  0.579805
19 27  0.572579
19 28  0.564306
19 29  0.554834
19 30  0.577411
20 21  0.513312
20 22  0.559923
20 23  0.558151
20 24  0.580263
20 25  0.586764
20 26  0.582169
20 27  0.580376
20 28  0.572281
20 29  0.584150
20 30  0.556935
21 22  0.561608
21 23  0.559837
21 24  0.581972
21 25  0.588449
21 26  0.583279
21 27  0.582115
21 28  0.573972
21 29  0.585834
21 30  0.555532
22 23  0.513140
22 24  0.581988
22 25  0.583384
22 26  0.588270
22 27  0.582028
22 28  0.573933
22 29  0.555458
22 30  0.585844
23 24  0.580165
23 25  0.582173
23 26  0.586500
23 27  0.580234
23 28  0.572157
23 29  0.556813
23 30  0.584075
24 25  0.604848
24 26  0.604797
24 27  0.575026
24 28  0.565157
24 29  0.605844
24 30  0.606164
25 26  0.614403
25 27  0.605034
25 28  0.591128
25 29  0.599783
25 30  0.612686
26 27  0.604748
26 28  0.591174
26 29  0.612498
26 30  0.599690
27 28  0.565354
27 29  0.606209
27 30  0.605975
28 29  0.598019
28 30  0.598070
29 30  0.610069
