  -1146.52474622
  -1146.88519064
0.00000738374085
2 2 2 2 2 2 2 2 2 2 2 2 2 2 2 0 0 0 0 0 0 0 0 0 0 0 0 0 0 0 
1  0.277177
2  0.277171
3  0.267397
4  0.267352
5  0.277847
6  0.277971
7  0.277874
8  0.277883
9  0.306035
10  0.302670
11  0.306134
12  0.305441
13  0.305305
14  0.293693
15  0.302795
16  0.284076
17  0.284108
18  0.273218
19  0.273315
20  0.279615
21  0.281311
22  0.281271
23  0.279488
24  0.302568
25  0.308950
26  0.308821
27  0.302661
28  0.294769
29  0.305701
30  0.305751
1 2  0.553708
1 3  0.542216
1 4  0.544378
1 5  0.554856
1 6  0.554628
1 7  0.555021
1 8  0.555034
1 9  0.560170
1 10  0.577112
1 11  0.582469
1 12  0.579806
1 13  0.582459
1 14  0.566051
1 15  0.558304
1 16  0.272310
1 17  0.560995
1 18  0.549928
1 19  0.549650
1 20  0.556172
1 21  0.556647
1 22  0.558445
1 23  0.556563
1 24  0.575540
1 25  0.585328
1 26  0.560070
1 27  0.553601
1 28  0.569423
1 29  0.582672
1 30  0.580696
2 3  0.544417
2 4  0.542175
2 5  0.554991
2 6  0.555113
2 7  0.554526
2 8  0.554889
2 9  0.582368
2 10  0.558185
2 11  0.560255
2 12  0.582588
2 13  0.579671
2 14  0.566037
2 15  0.577237
2 16  0.560956
2 17  0.272197
2 18  0.549544
2 19  0.550019
2 20  0.556684
2 21  0.558479
2 22  0.556603
2 23  0.556043
2 24  0.553573
2 25  0.560225
2 26  0.585195
2 27  0.575583
2 28  0.569420
2 29  0.580632
2 30  0.582714
3 4  0.534741
3 5  0.539314
3 6  0.541497
3 7  0.545267
3 8  0.545278
3 9  0.548552
3 10  0.569081
3 11  0.573502
3 12  0.551638
3 13  0.572693
3 14  0.560031
3 15  0.568470
3 16  0.550941
3 17  0.550607
3 18  0.265237
3 19  0.540704
3 20  0.543787
3 21  0.547426
3 22  0.548634
3 23  0.546866
3 24  0.568720
3 25  0.575954
3 26  0.545727
3 27  0.569554
3 28  0.560534
3 29  0.573067
3 30  0.545059
4 5  0.545197
4 6  0.545320
4 7  0.541335
4 8  0.539303
4 9  0.573358
4 10  0.568307
4 11  0.548612
4 12  0.572784
4 13  0.551510
4 14  0.559986
4 15  0.569161
4 16  0.550528
4 17  0.550930
4 18  0.540562
4 19  0.265163
4 20  0.546948
4 21  0.548629
4 22  0.547347
4 23  0.543645
4 24  0.569425
4 25  0.545846
4 26  0.575781
4 27  0.568775
4 28  0.560474
4 29  0.544941
4 30  0.573072
5 6  0.509800
5 7  0.555717
5 8  0.555711
5 9  0.580505
5 10  0.580389
5 11  0.583959
5 12  0.555866
5 13  0.583152
5 14  0.571328
5 15  0.580536
5 16  0.561550
5 17  0.561781
5 18  0.547075
5 19  0.551156
5 20  0.275981
5 21  0.507384
5 22  0.559118
5 23  0.557325
5 24  0.580091
5 25  0.586774
5 26  0.585970
5 27  0.580233
5 28  0.572351
5 29  0.583541
5 30  0.546911
6 7  0.555843
6 8  0.555850
6 9  0.579359
6 10  0.580510
6 11  0.584087
6 12  0.553518
6 13  0.583274
6 14  0.571478
6 15  0.580716
6 16  0.560344
6 17  0.562051
6 18  0.549803
6 19  0.551249
6 20  0.506779
6 21  0.279571
6 22  0.559242
6 23  0.557450
6 24  0.580398
6 25  0.586910
6 26  0.585133
6 27  0.580310
6 28  0.572725
6 29  0.583657
6 30  0.544607
7 8  0.509700
7 9  0.583891
7 10  0.580494
7 11  0.579354
7 12  0.583312
7 13  0.553328
7 14  0.571379
7 15  0.580537
7 16  0.561921
7 17  0.560282
7 18  0.551055
7 19  0.549798
7 20  0.557479
7 21  0.559185
7 22  0.279578
7 23  0.506709
7 24  0.580123
7 25  0.585182
7 26  0.586683
7 27  0.580393
7 28  0.572628
7 29  0.544410
7 30  0.583610
8 9  0.583897
8 10  0.580448
8 11  0.580664
8 12  0.583324
8 13  0.555768
8 14  0.571362
8 15  0.580549
8 16  0.561784
8 17  0.561622
8 18  0.551095
8 19  0.547190
8 20  0.557488
8 21  0.559194
8 22  0.507225
8 23  0.276013
8 24  0.580181
8 25  0.586133
8 26  0.586681
8 27  0.580224
8 28  0.572384
8 29  0.546927
8 30  0.583628
9 10  0.604872
9 11  0.611603
9 12  0.597632
9 13  0.611322
9 14  0.590857
9 15  0.604523
9 16  0.564562
9 17  0.589285
9 18  0.549135
9 19  0.579107
9 20  0.584972
9 21  0.585258
9 22  0.587282
9 23  0.585514
9 24  0.604937
9 25  0.614936
9 26  0.380020
9 27  0.600359
9 28  0.597144
9 29  0.611516
9 30  0.590209
10 11  0.604500
10 12  0.608008
10 13  0.607673
10 14  0.567496
10 15  0.575915
10 16  0.582245
10 17  0.559215
10 18  0.574544
10 19  0.575281
10 20  0.582029
10 21  0.583935
10 22  0.583620
10 23  0.581847
10 24  0.396690
10 25  0.602689
10 26  0.608101
10 27  0.569573
10 28  0.562993
10 29  0.608219
10 30  0.608254
11 12  0.611557
11 13  0.597559
11 14  0.590935
11 15  0.605087
11 16  0.589347
11 17  0.564679
11 18  0.579107
11 19  0.549246
11 20  0.585741
11 21  0.587420
11 22  0.585310
11 23  0.584940
11 24  0.600472
11 25  0.380260
11 26  0.614906
11 27  0.605106
11 28  0.597155
11 29  0.590246
11 30  0.611663
12 13  0.610738
12 14  0.598877
12 15  0.607934
12 16  0.586826
12 17  0.589364
12 18  0.550174
12 19  0.578675
12 20  0.547479
12 21  0.547918
12 22  0.586701
12 23  0.584906
12 24  0.607898
12 25  0.614118
12 26  0.592429
12 27  0.607908
12 28  0.599556
12 29  0.611141
12 30  0.377974
13 14  0.598741
13 15  0.607996
13 16  0.589196
13 17  0.586722
13 18  0.578443
13 19  0.550203
13 20  0.584896
13 21  0.586605
13 22  0.547851
13 23  0.547178
13 24  0.607682
13 25  0.592390
13 26  0.613852
13 27  0.607856
13 28  0.599424
13 29  0.377898
13 30  0.611056
14 15  0.567594
14 16  0.574861
14 17  0.574894
14 18  0.565421
14 19  0.565515
14 20  0.573188
14 21  0.574965
14 22  0.574927
14 23  0.573059
14 24  0.561227
14 25  0.599019
14 26  0.598911
14 27  0.561259
14 28  0.359769
14 29  0.598720
14 30  0.598762
15 16  0.559275
15 17  0.582397
15 18  0.575309
15 19  0.574766
15 20  0.582096
15 21  0.583783
15 22  0.584020
15 23  0.582026
15 24  0.569466
15 25  0.608346
15 26  0.602684
15 27  0.396925
15 28  0.563251
15 29  0.608330
15 30  0.608394
16 17  0.567356
16 18  0.553854
16 19  0.557180
16 20  0.563394
16 21  0.564647
16 22  0.565323
16 23  0.563541
16 24  0.583205
16 25  0.592046
16 26  0.567701
16 27  0.564089
16 28  0.573909
16 29  0.589745
16 30  0.586716
17 18  0.557115
17 19  0.553983
17 20  0.563701
17 21  0.565395
17 22  0.564637
17 23  0.563297
17 24  0.564012
17 25  0.567863
17 26  0.591954
17 27  0.583345
17 28  0.573968
17 29  0.586696
17 30  0.589828
18 19  0.546529
18 20  0.546421
18 21  0.549470
18 22  0.554485
18 23  0.552703
18 24  0.574617
18 25  0.582117
18 26  0.556044
18 27  0.573935
18 28  0.566636
18 29  0.578914
18 30  0.556425
19 20  0.552927
19 21  0.554622
19 22  0.549530
19 23  0.546404
19 24  0.573962
19 25  0.556275
19 26  0.582085
19 27  0.574810
19 28  0.566714
19 29  0.556453
19 30  0.579061
20 21  0.514353
20 22  0.560886
20 23  0.559101
20 24  0.582060
20 25  0.588546
20 26  0.583901
20 27  0.582178
20 28  0.574238
20 29  0.585315
20 30  0.558138
21 22  0.562582
21 23  0.560798
21 24  0.583780
21 25  0.590245
21 26  0.585035
21 27  0.583934
21 28  0.575939
21 29  0.587009
21 30  0.556702
22 23  0.514173
22 24  0.583801
22 25  0.585125
22 26  0.590075
22 27  0.583834
22 28  0.575897
22 29  0.556623
22 30  0.587020
23 24  0.581961
23 25  0.583885
23 26  0.588290
23 27  0.582027
23 28  0.574111
23 29  0.558008
23 30  0.585238
24 25  0.607454
24 26  0.607378
24 27  0.577532
24 28  0.568028
24 29  0.607850
24 30  0.608173
25 26  0.616995
25 27  0.607608
25 28  0.593697
25 29  0.601715
25 30  0.614690
26 27  0.607367
26 28  0.593748
26 29  0.614511
26 30  0.601634
27 28  0.568230
27 29  0.608215
27 30  0.607987
28 29  0.600174
28 30  0.600229
29 30  0.611447
