  -1146.52474622
  -1146.88532445
0.00000007126017
2 2 2 2 2 2 2 2 2 2 2 2 2 2 2 0 0 0 0 0 0 0 0 0 0 0 0 0 0 0 
1  0.277694
2  0.277689
3  0.267739
4  0.267694
5  0.278047
6  0.278151
7  0.278055
8  0.278084
9  0.306529
10  0.303224
11  0.306629
12  0.305702
13  0.305567
14  0.294255
15  0.303347
16  0.284613
17  0.284647
18  0.273578
19  0.273677
20  0.279801
21  0.281496
22  0.281457
23  0.279673
24  0.303104
25  0.309443
26  0.309309
27  0.303196
28  0.295332
29  0.305957
30  0.306006
1 2  0.554720
1 3  0.543064
1 4  0.545224
1 5  0.555572
1 6  0.555315
1 7  0.555714
1 8  0.555748
1 9  0.561167
1 10  0.578161
1 11  0.583471
1 12  0.580566
1 13  0.583235
1 14  0.567116
1 15  0.559290
1 16  0.273299
1 17  0.562040
1 18  0.550797
1 19  0.550504
1 20  0.556876
1 21  0.557340
1 22  0.559147
1 23  0.557268
1 24  0.576577
1 25  0.586335
1 26  0.561084
1 27  0.554619
1 28  0.570501
1 29  0.583444
1 30  0.581470
2 3  0.545264
2 4  0.543024
2 5  0.555706
2 6  0.555806
2 7  0.555215
2 8  0.555605
2 9  0.583369
2 10  0.559175
2 11  0.561253
2 12  0.583365
2 13  0.580432
2 14  0.567105
2 15  0.578283
2 16  0.562001
2 17  0.273187
2 18  0.550399
2 19  0.550891
2 20  0.557390
2 21  0.559181
2 22  0.557298
2 23  0.556747
2 24  0.554594
2 25  0.561244
2 26  0.586198
2 27  0.576620
2 28  0.570497
2 29  0.581409
2 30  0.583485
3 4  0.535424
3 5  0.539848
3 6  0.542010
3 7  0.545791
3 8  0.545821
3 9  0.549372
3 10  0.569965
3 11  0.574338
3 12  0.552236
3 13  0.573296
3 14  0.560926
3 15  0.569347
3 16  0.551813
3 17  0.551465
3 18  0.265899
3 19  0.541408
3 20  0.544317
3 21  0.547950
3 22  0.549151
3 23  0.547390
3 24  0.569590
3 25  0.576782
3 26  0.546566
3 27  0.570428
3 28  0.561448
3 29  0.573664
3 30  0.545663
4 5  0.545739
4 6  0.545843
4 7  0.541849
4 8  0.539838
4 9  0.574193
4 10  0.569186
4 11  0.549433
4 12  0.573386
4 13  0.552110
4 14  0.560881
4 15  0.570043
4 16  0.551385
4 17  0.551803
4 18  0.541264
4 19  0.265827
4 20  0.547473
4 21  0.549145
4 22  0.547871
4 23  0.544174
4 24  0.570301
4 25  0.546691
4 26  0.576605
4 27  0.569643
4 28  0.561388
4 29  0.545547
4 30  0.573669
5 6  0.510210
5 7  0.556096
5 8  0.556085
5 9  0.581185
5 10  0.581140
5 11  0.584652
5 12  0.556345
5 13  0.583613
5 14  0.572084
5 15  0.581287
5 16  0.562287
5 17  0.562509
5 18  0.547635
5 19  0.551717
5 20  0.276405
5 21  0.507802
5 22  0.559504
5 23  0.557703
5 24  0.580828
5 25  0.587467
5 26  0.586653
5 27  0.580976
5 28  0.573098
5 29  0.583997
5 30  0.547382
6 7  0.556204
6 8  0.556230
6 9  0.580016
6 10  0.581239
6 11  0.584760
6 12  0.553962
6 13  0.583715
6 14  0.572218
6 15  0.581448
6 16  0.561053
6 17  0.562766
6 18  0.550340
6 19  0.551781
6 20  0.507177
6 21  0.279967
6 22  0.559608
6 23  0.557810
6 24  0.581115
6 25  0.587583
6 26  0.585801
6 27  0.581021
6 28  0.573468
6 29  0.584091
6 30  0.545054
7 8  0.510111
7 9  0.584563
7 10  0.581229
7 11  0.580013
7 12  0.583754
7 13  0.553775
7 14  0.572119
7 15  0.581264
7 16  0.562635
7 17  0.560993
7 18  0.551585
7 19  0.550337
7 20  0.557841
7 21  0.559551
7 22  0.279975
7 23  0.507107
7 24  0.580837
7 25  0.585855
7 26  0.587352
7 27  0.581108
7 28  0.573371
7 29  0.544859
7 30  0.584043
8 9  0.584589
8 10  0.581202
8 11  0.581346
8 12  0.583785
8 13  0.556248
8 14  0.572118
8 15  0.581298
8 16  0.562511
8 17  0.562361
8 18  0.551654
8 19  0.547752
8 20  0.557866
8 21  0.559580
8 22  0.507645
8 23  0.276437
8 24  0.580926
8 25  0.586821
8 26  0.587370
8 27  0.580960
8 28  0.573130
8 29  0.547401
8 30  0.584083
9 10  0.605886
9 11  0.612577
9 12  0.598360
9 13  0.612080
9 14  0.591835
9 15  0.605552
9 16  0.565596
9 17  0.590317
9 18  0.549988
9 19  0.579958
9 20  0.585648
9 21  0.585937
9 22  0.587961
9 23  0.586194
9 24  0.605973
9 25  0.615921
9 26  0.381043
9 27  0.601375
9 28  0.598164
9 29  0.612249
9 30  0.590940
10 11  0.605532
10 12  0.608821
10 13  0.608485
10 14  0.568622
10 15  0.576931
10 16  0.583318
10 17  0.560286
10 18  0.575446
10 19  0.576193
10 20  0.582766
10 21  0.584674
10 22  0.584355
10 23  0.582588
10 24  0.397779
10 25  0.603728
10 26  0.609144
10 27  0.570590
10 28  0.564121
10 29  0.609029
10 30  0.609061
11 12  0.612315
11 13  0.598288
11 14  0.591908
11 15  0.606100
11 16  0.590379
11 17  0.565716
11 18  0.579959
11 19  0.550102
11 20  0.586422
11 21  0.588100
11 22  0.585991
11 23  0.585617
11 24  0.601491
11 25  0.381288
11 26  0.615888
11 27  0.606142
11 28  0.598179
11 29  0.590979
11 30  0.612396
12 13  0.611259
12 14  0.599693
12 15  0.608743
12 16  0.587625
12 17  0.590166
12 18  0.550805
12 19  0.579298
12 20  0.547938
12 21  0.548372
12 22  0.587143
12 23  0.585343
12 24  0.608693
12 25  0.614854
12 26  0.593166
12 27  0.608703
12 28  0.600372
12 29  0.611658
12 30  0.378555
13 14  0.599557
13 15  0.608808
13 16  0.589997
13 17  0.587523
13 18  0.579063
13 19  0.550837
13 20  0.585335
13 21  0.587046
13 22  0.548307
13 23  0.547637
13 24  0.608479
13 25  0.593133
13 26  0.614585
13 27  0.608651
13 28  0.600240
13 29  0.378481
13 30  0.611572
14 15  0.568723
14 16  0.575951
14 17  0.575990
14 18  0.566352
14 19  0.566449
14 20  0.573934
14 21  0.575710
14 22  0.575672
14 23  0.573805
14 24  0.562336
14 25  0.600030
14 26  0.599923
14 27  0.562371
14 28  0.360797
14 29  0.599530
14 30  0.599570
15 16  0.560342
15 17  0.583469
15 18  0.576217
15 19  0.575668
15 20  0.582836
15 21  0.584515
15 22  0.584757
15 23  0.582759
15 24  0.570486
15 25  0.609393
15 26  0.603716
15 27  0.398012
15 28  0.564372
15 29  0.609137
15 30  0.609200
16 17  0.568423
16 18  0.554733
16 19  0.558066
16 20  0.564115
16 21  0.565355
16 22  0.566040
16 23  0.564260
16 24  0.584247
16 25  0.593060
16 26  0.568706
16 27  0.565078
16 28  0.574995
16 29  0.590536
16 30  0.587491
17 18  0.558000
17 19  0.554865
17 20  0.564421
17 21  0.566113
17 22  0.565348
17 23  0.564019
17 24  0.565005
17 25  0.568874
17 26  0.592967
17 27  0.584389
17 28  0.575054
17 29  0.587474
17 30  0.590619
18 19  0.547249
18 20  0.546958
18 21  0.550009
18 22  0.555030
18 23  0.553249
18 24  0.575495
18 25  0.582965
18 26  0.556874
18 27  0.574813
18 28  0.567546
18 29  0.579529
18 30  0.557037
19 20  0.553476
19 21  0.555168
19 22  0.550071
19 23  0.546943
19 24  0.574845
19 25  0.557112
19 26  0.582931
19 27  0.575687
19 28  0.567626
19 29  0.557069
19 30  0.579677
20 21  0.514751
20 22  0.561255
20 23  0.559469
20 24  0.582780
20 25  0.589220
20 26  0.584557
20 27  0.582896
20 28  0.574989
20 29  0.585757
20 30  0.558595
21 22  0.562951
21 23  0.561167
21 24  0.584497
21 25  0.590920
21 26  0.585689
21 27  0.584653
21 28  0.576684
21 29  0.587449
21 30  0.557144
22 23  0.514571
22 24  0.584523
22 25  0.585783
22 26  0.590747
22 27  0.584550
22 28  0.576642
22 29  0.557068
22 30  0.587459
23 24  0.582680
23 25  0.584545
23 26  0.588959
23 27  0.582745
23 28  0.574861
23 29  0.558466
23 30  0.585679
24 25  0.608463
24 26  0.608374
24 27  0.578541
24 28  0.569146
24 29  0.608639
24 30  0.608961
25 26  0.617960
25 27  0.608606
25 28  0.594672
25 29  0.602442
25 30  0.615439
26 27  0.608370
26 28  0.594714
26 29  0.615256
26 30  0.602355
27 28  0.569340
27 29  0.609003
27 30  0.608773
28 29  0.600982
28 30  0.601036
29 30  0.611956
