   -993.89585764
   -994.20341122
0.00020789550600
2 2 2 2 2 2 2 2 2 2 2 2 2 0 0 0 0 0 0 0 0 0 0 0 0 0 
1  0.251952
2  0.254264
3  0.259812
4  0.273925
5  0.270644
6  0.287581
7  0.299744
8  0.285604
9  0.273043
10  0.292172
11  0.277997
12  0.304746
13  0.290501
14  0.266168
15  0.267092
16  0.261802
17  0.273976
18  0.275520
19  0.290079
20  0.298209
21  0.290330
22  0.290482
23  0.279585
24  0.288251
25  0.296263
26  0.275728
1 2  0.505788
1 3  0.510014
1 4  0.525767
1 5  0.522164
1 6  0.530705
1 7  0.528876
1 8  0.532658
1 9  0.524980
1 10  0.542214
1 11  0.529905
1 12  0.556317
1 13  0.534481
1 14  0.245302
1 15  0.518840
1 16  0.513159
1 17  0.525463
1 18  0.525974
1 19  0.516750
1 20  0.549871
1 21  0.519703
1 22  0.540767
1 23  0.531518
1 24  0.539483
1 25  0.545496
1 26  0.527549
2 3  0.514024
2 4  0.528183
2 5  0.524906
2 6  0.530748
2 7  0.553465
2 8  0.534508
2 9  0.522940
2 10  0.546426
2 11  0.529812
2 12  0.540434
2 13  0.540149
2 14  0.520249
2 15  0.238502
2 16  0.515894
2 17  0.528230
2 18  0.529784
2 19  0.540903
2 20  0.534718
2 21  0.544377
2 22  0.520477
2 23  0.528732
2 24  0.541890
2 25  0.550486
2 26  0.528484
3 4  0.528291
3 5  0.526689
3 6  0.547137
3 7  0.532595
3 8  0.545264
3 9  0.532852
3 10  0.532404
3 11  0.537807
3 12  0.564545
3 13  0.548746
3 14  0.525543
3 15  0.526233
3 16  0.248956
3 17  0.530977
3 18  0.534514
3 19  0.549009
3 20  0.557761
3 21  0.521070
3 22  0.548902
3 23  0.539365
3 24  0.546679
3 25  0.526915
3 26  0.535539
4 5  0.497908
4 6  0.561486
4 7  0.571551
4 8  0.559513
4 9  0.546968
4 10  0.537281
4 11  0.551922
4 12  0.578667
4 13  0.564327
4 14  0.539778
4 15  0.540927
4 16  0.531597
4 17  0.268630
4 18  0.495135
4 19  0.563688
4 20  0.572118
4 21  0.563578
4 22  0.564138
4 23  0.553507
4 24  0.562063
4 25  0.534150
4 26  0.549653
5 6  0.558195
5 7  0.566276
5 8  0.556230
5 9  0.543687
5 10  0.535194
5 11  0.548641
5 12  0.575388
5 13  0.561103
5 14  0.535692
5 15  0.537708
5 16  0.531236
5 17  0.494988
5 18  0.269206
5 19  0.560433
5 20  0.568852
5 21  0.559778
5 22  0.561005
5 23  0.550227
5 24  0.558887
5 25  0.527474
5 26  0.546370
6 7  0.583517
6 8  0.540351
6 9  0.560547
6 10  0.579711
6 11  0.565398
6 12  0.589734
6 13  0.547846
6 14  0.548578
6 15  0.546959
6 16  0.548740
6 17  0.561551
6 18  0.562980
6 19  0.515501
6 20  0.585278
6 21  0.577580
6 22  0.465700
6 23  0.566696
6 24  0.535795
6 25  0.583199
6 26  0.562716
7 8  0.584111
7 9  0.572771
7 10  0.579998
7 11  0.577728
7 12  0.604399
7 13  0.580062
7 14  0.534304
7 15  0.565570
7 16  0.527139
7 17  0.573134
7 18  0.573152
7 19  0.580596
7 20  0.597822
7 21  0.361979
7 22  0.587071
7 23  0.579256
7 24  0.586020
7 25  0.577031
7 26  0.575444
8 9  0.557109
8 10  0.577624
8 11  0.561344
8 12  0.582778
8 13  0.546642
8 14  0.546288
8 15  0.544198
8 16  0.547378
8 17  0.559509
8 18  0.560960
8 19  0.543512
8 20  0.569816
8 21  0.574179
8 22  0.524005
8 23  0.564952
8 24  0.461055
8 25  0.581661
8 26  0.560258
9 10  0.565213
9 11  0.503299
9 12  0.545329
9 13  0.563270
9 14  0.539036
9 15  0.537188
9 16  0.534838
9 17  0.547013
9 18  0.548557
9 19  0.562951
9 20  0.525977
9 21  0.563237
9 22  0.563192
9 23  0.286434
9 24  0.560781
9 25  0.569303
9 26  0.501030
10 11  0.570168
10 12  0.596909
10 13  0.582104
10 14  0.556271
10 15  0.559127
10 16  0.529285
10 17  0.526643
10 18  0.531549
10 19  0.582197
10 20  0.590264
10 21  0.561175
10 22  0.582477
10 23  0.571751
10 24  0.579819
10 25  0.361049
10 26  0.567898
11 12  0.546726
11 13  0.568277
11 14  0.543699
11 15  0.544450
11 16  0.539797
11 17  0.551965
11 18  0.553505
11 19  0.567258
11 20  0.537165
11 21  0.568103
11 22  0.568100
11 23  0.499142
11 24  0.564823
11 25  0.574249
11 26  0.288594
12 13  0.594452
12 14  0.569895
12 15  0.544325
12 16  0.566530
12 17  0.578717
12 18  0.580246
12 19  0.591349
12 20  0.385376
12 21  0.594930
12 22  0.589121
12 23  0.543518
12 24  0.589822
12 25  0.600954
12 26  0.534105
13 14  0.544741
13 15  0.551433
13 16  0.550188
13 17  0.563949
13 18  0.565616
13 19  0.495520
13 20  0.586551
13 21  0.564747
13 22  0.547752
13 23  0.569762
13 24  0.514092
13 25  0.586694
13 26  0.566208
14 15  0.532665
14 16  0.525181
14 17  0.539950
14 18  0.541173
14 19  0.536378
14 20  0.563835
14 21  0.532923
14 22  0.553624
14 23  0.545729
14 24  0.549915
14 25  0.559871
14 26  0.541817
15 16  0.528824
15 17  0.541064
15 18  0.542609
15 19  0.554736
15 20  0.546342
15 21  0.556921
15 22  0.538004
15 23  0.541241
15 24  0.551673
15 25  0.563333
15 26  0.538001
16 17  0.530012
16 18  0.532825
16 19  0.550118
16 20  0.559994
16 21  0.526951
16 22  0.551584
16 23  0.541385
16 24  0.549249
16 25  0.536309
16 26  0.537529
17 18  0.502442
17 19  0.563968
17 20  0.572182
17 21  0.560542
17 22  0.564392
17 23  0.553560
17 24  0.562121
17 25  0.542996
17 26  0.549703
18 19  0.565556
18 20  0.573727
18 21  0.561476
18 22  0.565960
18 23  0.555104
18 24  0.563704
18 25  0.542022
18 26  0.551247
19 20  0.585691
19 21  0.576015
19 22  0.553317
19 23  0.569434
19 24  0.548932
19 25  0.585961
19 26  0.565104
20 21  0.588263
20 22  0.586593
20 23  0.542516
20 24  0.579176
20 25  0.594462
20 26  0.541616
21 22  0.577533
21 23  0.569908
21 24  0.572034
21 25  0.574643
21 26  0.566040
22 23  0.569474
22 24  0.545315
22 25  0.586663
22 26  0.564823
23 24  0.567336
23 25  0.575846
23 26  0.506917
24 25  0.584365
24 26  0.562934
25 26  0.571990
