   -993.89585764
   -994.20695907
0.00006135674690
2 2 2 2 2 2 2 2 2 2 2 2 2 0 0 0 0 0 0 0 0 0 0 0 0 0 
1  0.260428
2  0.262315
3  0.266784
4  0.277365
5  0.273845
6  0.296732
7  0.310059
8  0.296648
9  0.276728
10  0.298029
11  0.282369
12  0.311813
13  0.301669
14  0.276370
15  0.276283
16  0.268317
17  0.277388
18  0.279208
19  0.300915
20  0.304268
21  0.299547
22  0.300955
23  0.283307
24  0.298586
25  0.301998
26  0.279212
1 2  0.522257
1 3  0.525287
1 4  0.537638
1 5  0.533789
1 6  0.546868
1 7  0.546896
1 8  0.551544
1 9  0.537123
1 10  0.556370
1 11  0.542693
1 12  0.571666
1 13  0.553684
1 14  0.262220
1 15  0.536509
1 16  0.528078
1 17  0.537270
1 18  0.537911
1 19  0.535393
1 20  0.564504
1 21  0.537322
1 22  0.559496
1 23  0.543651
1 24  0.558126
1 25  0.559804
1 26  0.539353
2 3  0.529020
2 4  0.539669
2 5  0.536155
2 6  0.546257
2 7  0.571668
2 8  0.553246
2 9  0.534404
2 10  0.560332
2 11  0.541894
2 12  0.554734
2 13  0.558833
2 14  0.538449
2 15  0.254023
2 16  0.530231
2 17  0.539687
2 18  0.541517
2 19  0.559673
2 20  0.548717
2 21  0.561664
2 22  0.538295
2 23  0.540425
2 24  0.560117
2 25  0.564191
2 26  0.539921
3 4  0.538174
3 5  0.536177
3 6  0.563264
3 7  0.549253
3 8  0.563259
3 9  0.543507
3 10  0.544801
3 11  0.549150
3 12  0.578582
3 13  0.566596
3 14  0.542620
3 15  0.542148
3 16  0.260912
3 17  0.541350
3 18  0.545014
3 19  0.566786
3 20  0.570712
3 21  0.537166
3 22  0.566267
3 23  0.550022
3 24  0.563797
3 25  0.539237
3 26  0.545992
4 5  0.504931
4 6  0.574064
4 7  0.585017
4 8  0.573991
4 9  0.554093
4 10  0.546026
4 11  0.559733
4 12  0.589170
4 13  0.578926
4 14  0.553472
4 15  0.553487
4 16  0.541384
4 17  0.275673
4 18  0.502651
4 19  0.577917
4 20  0.581600
4 21  0.576169
4 22  0.577958
4 23  0.560662
4 24  0.575796
4 25  0.543198
4 26  0.556574
5 6  0.570535
5 7  0.579490
5 8  0.570459
5 9  0.550572
5 10  0.543929
5 11  0.556212
5 12  0.585653
5 13  0.575446
5 14  0.548845
5 15  0.550093
5 16  0.540833
5 17  0.501967
5 18  0.276233
5 19  0.574488
5 20  0.578113
5 21  0.572164
5 22  0.574697
5 23  0.557145
5 24  0.572426
5 25  0.536296
5 26  0.553049
6 7  0.602851
6 8  0.560732
6 9  0.573344
6 10  0.594709
6 11  0.578895
6 12  0.605744
6 13  0.567746
6 14  0.567666
6 15  0.564692
6 16  0.564491
6 17  0.574118
6 18  0.575845
6 19  0.533525
6 20  0.600477
6 21  0.595907
6 22  0.483895
6 23  0.579596
6 24  0.555585
6 25  0.598241
6 26  0.575473
7 8  0.605193
7 9  0.586769
7 10  0.595682
7 11  0.592412
7 12  0.621723
7 13  0.600576
7 14  0.554430
7 15  0.584868
7 16  0.543839
7 17  0.586746
7 18  0.587061
7 19  0.601254
7 20  0.614157
7 21  0.381497
7 22  0.607577
7 23  0.593191
7 24  0.606524
7 25  0.592440
7 26  0.589170
8 9  0.571420
8 10  0.594507
8 11  0.576481
8 12  0.599875
8 13  0.567464
8 14  0.567148
8 15  0.564257
8 16  0.564923
8 17  0.573943
8 18  0.575583
8 19  0.564896
8 20  0.586606
8 21  0.594248
8 22  0.545228
8 23  0.579683
8 24  0.479346
8 25  0.598348
8 26  0.574795
9 10  0.574753
9 11  0.511522
9 12  0.556186
9 13  0.578026
9 14  0.552814
9 15  0.549960
9 16  0.545026
9 17  0.554102
9 18  0.555921
9 19  0.577471
9 20  0.535386
9 21  0.576038
9 22  0.577327
9 23  0.293680
9 24  0.574650
9 25  0.578717
9 26  0.508568
10 11  0.580396
10 12  0.609829
10 13  0.598878
10 14  0.572337
10 15  0.574092
10 16  0.541297
10 17  0.535521
10 18  0.540849
10 19  0.598865
10 20  0.602102
10 21  0.575600
10 22  0.598777
10 23  0.581332
10 24  0.595929
10 25  0.372978
10 26  0.577233
11 12  0.557861
11 13  0.583722
11 14  0.557942
11 15  0.557869
11 16  0.550684
11 17  0.559738
11 18  0.561543
11 19  0.582319
11 20  0.547514
11 21  0.581571
11 22  0.582921
11 23  0.507544
11 24  0.579461
11 25  0.584321
11 26  0.296480
12 13  0.612550
12 14  0.586906
12 15  0.560241
12 16  0.580051
12 17  0.589194
12 18  0.590959
12 19  0.609143
12 20  0.398956
12 21  0.611220
12 22  0.606540
12 23  0.554201
12 24  0.607177
12 25  0.613637
12 26  0.544503
13 14  0.565772
13 15  0.571583
13 16  0.568061
13 17  0.578407
13 18  0.580529
13 19  0.517451
13 20  0.603535
13 21  0.584644
13 22  0.568634
13 23  0.584697
13 24  0.533820
13 25  0.603565
13 26  0.580850
14 15  0.552017
14 16  0.541447
14 17  0.553507
14 18  0.554963
14 19  0.555599
14 20  0.580036
14 21  0.551585
14 22  0.573910
14 23  0.559644
14 24  0.569854
14 25  0.575480
14 26  0.555474
15 16  0.544482
15 17  0.553664
15 18  0.555485
15 19  0.574436
15 20  0.561100
15 21  0.575183
15 22  0.555676
15 23  0.553642
15 24  0.570899
15 25  0.578259
15 26  0.550072
16 17  0.539460
16 18  0.542686
16 19  0.567254
16 20  0.572563
16 21  0.542437
16 22  0.568362
16 23  0.551620
16 24  0.565952
16 25  0.548016
16 26  0.547528
17 18  0.509782
17 19  0.578215
17 20  0.581653
17 21  0.572696
17 22  0.578262
17 23  0.560695
17 24  0.575849
17 25  0.551983
17 26  0.556600
18 19  0.580081
18 20  0.583473
18 21  0.573957
18 22  0.580104
18 23  0.562514
18 24  0.577705
18 25  0.551009
18 26  0.558419
19 20  0.602492
19 21  0.595709
19 22  0.573539
19 23  0.583928
19 24  0.570339
19 25  0.602467
19 26  0.579273
20 21  0.603402
20 22  0.602922
20 23  0.552080
20 24  0.594567
20 25  0.606257
20 26  0.551118
21 22  0.596762
21 23  0.582845
21 24  0.590582
21 25  0.588958
21 26  0.578741
22 23  0.583670
22 24  0.566125
22 25  0.602850
22 26  0.578617
23 24  0.581250
23 25  0.585302
23 26  0.514427
24 25  0.600403
24 26  0.576512
25 26  0.581208
