   -993.89585764
   -994.20825167
0.00001675470500
2 2 2 2 2 2 2 2 2 2 2 2 2 0 0 0 0 0 0 0 0 0 0 0 0 0 
1  0.264424
2  0.265592
3  0.270137
4  0.279186
5  0.275752
6  0.300918
7  0.314930
8  0.301207
9  0.278406
10  0.300735
11  0.284450
12  0.314788
13  0.306410
14  0.280718
15  0.279801
16  0.271634
17  0.279104
18  0.281137
19  0.305509
20  0.307124
21  0.304040
22  0.305375
23  0.285076
24  0.303135
25  0.304741
26  0.281125
1 2  0.529387
1 3  0.532555
1 4  0.543424
1 5  0.539609
1 6  0.554412
1 7  0.555474
1 8  0.559771
1 9  0.542778
1 10  0.562862
1 11  0.548743
1 12  0.578559
1 13  0.562334
1 14  0.269881
1 15  0.544017
1 16  0.535334
1 17  0.542961
1 18  0.543723
1 19  0.543795
1 20  0.571276
1 21  0.545750
1 22  0.567801
1 23  0.549376
1 24  0.566633
1 25  0.566524
1 26  0.545167
2 3  0.535622
2 4  0.544763
2 5  0.541337
2 6  0.553157
2 7  0.579699
2 8  0.561004
2 9  0.539182
2 10  0.566306
2 11  0.547143
2 12  0.560679
2 13  0.566608
2 14  0.546095
2 15  0.260270
2 16  0.536674
2 17  0.544660
2 18  0.546728
2 19  0.567418
2 20  0.554830
2 21  0.569319
2 22  0.545774
2 23  0.545363
2 24  0.567919
2 25  0.570169
2 26  0.545048
3 4  0.543025
3 5  0.541192
3 6  0.570788
3 7  0.557134
3 8  0.571129
3 9  0.548534
3 10  0.550702
3 11  0.554578
3 12  0.584906
3 13  0.574482
3 14  0.550262
3 15  0.548833
3 16  0.267000
3 17  0.546351
3 18  0.550226
3 19  0.574698
3 20  0.576854
3 21  0.544978
3 22  0.573962
3 23  0.555136
3 24  0.571695
3 25  0.545324
3 26  0.551258
4 5  0.508896
4 6  0.580059
4 7  0.591497
4 8  0.580359
4 9  0.557591
4 10  0.550483
4 11  0.563635
4 12  0.593964
4 13  0.585465
4 14  0.559573
4 15  0.558796
4 16  0.546395
4 17  0.279216
4 18  0.506658
4 19  0.584335
4 20  0.586276
4 21  0.582420
4 22  0.584213
4 23  0.564245
4 24  0.582082
4 25  0.547769
4 26  0.560302
5 6  0.576609
5 7  0.585926
5 8  0.576911
5 9  0.554157
5 10  0.548409
5 11  0.560200
5 12  0.590534
5 13  0.582078
5 14  0.554992
5 15  0.555502
5 16  0.545975
5 17  0.505818
5 18  0.279997
5 19  0.580952
5 20  0.582876
5 21  0.578505
5 22  0.581013
5 23  0.560812
5 24  0.578880
5 25  0.540915
5 26  0.556853
6 7  0.611703
6 8  0.569461
6 9  0.579190
6 10  0.601582
6 11  0.585142
6 12  0.612779
6 13  0.576641
6 14  0.575988
6 15  0.572161
6 16  0.571894
6 17  0.580017
6 18  0.581933
6 19  0.541848
6 20  0.607483
6 21  0.604550
6 22  0.491940
6 23  0.585539
6 24  0.564302
6 25  0.605144
6 26  0.581500
7 8  0.614492
7 9  0.593311
7 10  0.602906
7 11  0.599357
7 12  0.629542
7 13  0.609711
7 14  0.563693
7 15  0.593197
7 16  0.551950
7 17  0.593276
7 18  0.593800
7 19  0.610537
7 20  0.621912
7 21  0.390547
7 22  0.616746
7 23  0.599789
7 24  0.615830
7 25  0.599775
7 26  0.595901
8 9  0.577426
8 10  0.601745
8 11  0.582901
8 12  0.606932
8 13  0.576353
8 14  0.575937
8 15  0.572312
8 16  0.572784
8 17  0.580189
8 18  0.582028
8 19  0.573782
8 20  0.593864
8 21  0.603213
8 22  0.554201
8 23  0.585966
8 24  0.487596
8 25  0.605624
8 26  0.581242
9 10  0.579135
9 11  0.515469
9 12  0.560940
9 13  0.584385
9 14  0.558811
9 15  0.555113
9 16  0.549998
9 17  0.557489
9 18  0.559520
9 19  0.583733
9 20  0.539920
9 21  0.582145
9 22  0.583426
9 23  0.297089
9 24  0.580811
9 25  0.583142
9 26  0.512383
10 11  0.585180
10 12  0.615507
10 13  0.606186
10 14  0.579360
10 15  0.580313
10 16  0.547309
10 17  0.539895
10 18  0.545390
10 19  0.606152
10 20  0.607628
10 21  0.582647
10 22  0.605894
10 23  0.585810
10 24  0.603128
10 25  0.378375
10 26  0.581841
11 12  0.562691
11 13  0.590473
11 14  0.564240
11 15  0.563422
11 16  0.556079
11 17  0.563530
11 18  0.565537
11 19  0.588959
11 20  0.552388
11 21  0.588079
11 22  0.589408
11 23  0.511678
11 24  0.586033
11 25  0.589143
11 26  0.300426
12 13  0.620174
12 14  0.594225
12 15  0.566729
12 16  0.586305
12 17  0.593887
12 18  0.595861
12 19  0.616685
12 20  0.404868
12 21  0.618704
12 22  0.613831
12 23  0.558932
12 24  0.614567
12 25  0.619328
12 26  0.549336
13 14  0.574829
13 15  0.579770
13 16  0.576082
13 17  0.584806
13 18  0.587200
13 19  0.526719
13 20  0.611026
13 21  0.593685
13 22  0.577527
13 23  0.591183
13 24  0.542534
13 25  0.611022
13 26  0.587494
14 15  0.559834
14 16  0.548912
14 17  0.559534
14 18  0.561150
14 19  0.563907
14 20  0.587159
14 21  0.560158
14 22  0.582490
14 23  0.565745
14 24  0.578594
14 25  0.582322
14 26  0.561703
15 16  0.551268
15 17  0.558893
15 18  0.560925
15 19  0.582421
15 20  0.567270
15 21  0.583080
15 22  0.562930
15 23  0.558712
15 24  0.578873
15 25  0.584515
15 26  0.555286
16 17  0.544278
16 18  0.547741
16 19  0.574985
16 20  0.578730
16 21  0.550114
16 22  0.575960
16 23  0.556703
16 24  0.573714
16 25  0.553841
16 26  0.552755
17 18  0.513658
17 19  0.584506
17 20  0.586223
17 21  0.578644
17 22  0.584372
17 23  0.564180
17 24  0.582117
17 25  0.556474
17 26  0.560228
18 19  0.586600
18 20  0.588256
18 21  0.580109
18 22  0.586423
18 23  0.566212
18 24  0.584161
18 25  0.555527
18 26  0.562260
19 20  0.609770
19 21  0.604628
19 22  0.582207
19 23  0.590225
19 24  0.579542
19 25  0.609747
19 26  0.585654
20 21  0.610668
20 22  0.610120
20 23  0.556687
20 24  0.601346
20 25  0.611854
20 26  0.555818
21 22  0.605400
21 23  0.589106
21 24  0.599093
21 25  0.595841
21 26  0.585144
22 23  0.589809
22 24  0.575132
22 25  0.609992
22 26  0.584820
23 24  0.587491
23 25  0.589813
23 26  0.518368
24 25  0.607652
24 26  0.582849
25 26  0.585862
