   -993.89585764
   -994.20870751
0.00000007298189
2 2 2 2 2 2 2 2 2 2 2 2 2 0 0 0 0 0 0 0 0 0 0 0 0 0 
1  0.266156
2  0.266991
3  0.271409
4  0.279827
5  0.276386
6  0.302622
7  0.316767
8  0.302996
9  0.279059
10  0.301658
11  0.285276
12  0.315966
13  0.308312
14  0.282621
15  0.281372
16  0.272882
17  0.279725
18  0.281819
19  0.307323
20  0.308214
21  0.305685
22  0.307171
23  0.285780
24  0.304889
25  0.305691
26  0.281875
1 2  0.532476
1 3  0.535511
1 4  0.545790
1 5  0.541934
1 6  0.557547
1 7  0.558937
1 8  0.563161
1 9  0.545151
1 10  0.565460
1 11  0.551281
1 12  0.581427
1 13  0.565928
1 14  0.273254
1 15  0.547317
1 16  0.538279
1 17  0.545309
1 18  0.546093
1 19  0.547261
1 20  0.574087
1 21  0.549111
1 22  0.571259
1 23  0.551781
1 24  0.570113
1 25  0.569216
1 26  0.547578
2 3  0.538271
2 4  0.546796
2 5  0.543361
2 6  0.555983
2 7  0.582871
2 8  0.564179
2 9  0.541209
2 10  0.568623
2 11  0.549343
2 12  0.563187
2 13  0.569763
2 14  0.549388
2 15  0.263037
2 16  0.539224
2 17  0.546664
2 18  0.548809
2 19  0.570581
2 20  0.557313
2 21  0.572352
2 22  0.548896
2 23  0.547470
2 24  0.571060
2 25  0.572457
2 26  0.547181
3 4  0.544888
3 5  0.543025
3 6  0.573750
3 7  0.560101
3 8  0.574173
3 9  0.550452
3 10  0.552865
3 11  0.556665
3 12  0.587354
3 13  0.577570
3 14  0.553407
3 15  0.551578
3 16  0.269377
3 17  0.548250
3 18  0.552152
3 19  0.577782
3 20  0.579182
3 21  0.547883
3 22  0.576998
3 23  0.557110
3 24  0.574731
3 25  0.547540
3 26  0.553281
4 5  0.510277
4 6  0.582400
4 7  0.593913
4 8  0.582774
4 9  0.558885
4 10  0.552069
4 11  0.565100
4 12  0.595782
4 13  0.587994
4 14  0.562116
4 15  0.560940
4 16  0.548281
4 17  0.280612
4 18  0.508093
4 19  0.586801
4 20  0.588001
4 21  0.584684
4 22  0.586654
4 23  0.565568
4 24  0.584435
4 25  0.549401
4 26  0.561682
5 6  0.578933
5 7  0.588322
5 8  0.579327
5 9  0.555443
5 10  0.549972
5 11  0.561659
5 12  0.592344
5 13  0.584607
5 14  0.557475
5 15  0.557699
5 16  0.547835
5 17  0.507168
5 18  0.281377
5 19  0.583380
5 20  0.584599
5 21  0.580782
5 22  0.583448
5 23  0.562138
5 24  0.581267
5 25  0.542531
5 26  0.558221
6 7  0.615174
6 8  0.572989
6 9  0.581544
6 10  0.604204
6 11  0.587661
6 12  0.615615
6 13  0.580219
6 14  0.579483
6 15  0.575307
6 16  0.574820
6 17  0.582342
6 18  0.584307
6 19  0.545087
6 20  0.610254
6 21  0.607883
6 22  0.495223
6 23  0.587954
6 24  0.567831
6 25  0.607832
6 26  0.583933
7 8  0.618053
7 9  0.595800
7 10  0.605581
7 11  0.602016
7 12  0.632538
7 13  0.613221
7 14  0.567438
7 15  0.596579
7 16  0.555000
7 17  0.595709
7 18  0.596308
7 19  0.614098
7 20  0.624839
7 21  0.394186
7 22  0.620324
7 23  0.602270
7 24  0.619369
7 25  0.602477
7 26  0.598472
8 9  0.579787
8 10  0.604446
8 11  0.585442
8 12  0.609712
8 13  0.579853
8 14  0.579589
8 15  0.575663
8 16  0.575819
8 17  0.582574
8 18  0.584496
8 19  0.577309
8 20  0.596707
8 21  0.606606
8 22  0.557840
8 23  0.588438
8 24  0.490739
8 25  0.608349
8 26  0.583783
9 10  0.580707
9 11  0.517033
9 12  0.562862
9 13  0.586912
9 14  0.561355
9 15  0.557345
9 16  0.551878
9 17  0.558743
9 18  0.560839
9 19  0.586199
9 20  0.541709
9 21  0.584408
9 22  0.585869
9 23  0.298519
9 24  0.583177
9 25  0.584748
9 26  0.513889
10 11  0.586925
10 12  0.617608
10 13  0.608947
10 14  0.582200
10 15  0.582786
10 16  0.549488
10 17  0.541456
10 18  0.547002
10 19  0.608885
10 20  0.609601
10 21  0.585156
10 22  0.608618
10 23  0.587435
10 24  0.605766
10 25  0.380440
10 26  0.583507
11 12  0.564671
11 13  0.593172
11 14  0.566881
11 15  0.565802
11 16  0.558151
11 17  0.564963
11 18  0.567014
11 19  0.591573
11 20  0.554328
11 21  0.590522
11 22  0.592023
11 23  0.513334
11 24  0.588624
11 25  0.590914
11 26  0.302048
12 13  0.623215
12 14  0.597273
12 15  0.569494
12 16  0.588705
12 17  0.595688
12 18  0.597706
12 19  0.619639
12 20  0.407330
12 21  0.621535
12 22  0.616759
12 23  0.560854
12 24  0.617449
12 25  0.621400
12 26  0.551295
13 14  0.578607
13 15  0.583211
13 16  0.579261
13 17  0.587302
13 18  0.589785
13 19  0.530501
13 20  0.613972
13 21  0.597145
13 22  0.581066
13 23  0.593772
13 24  0.545947
13 25  0.613856
13 26  0.590142
14 15  0.563279
14 16  0.551971
14 17  0.562043
14 18  0.563687
14 19  0.567318
14 20  0.590120
14 21  0.563617
14 22  0.586081
14 23  0.568335
14 24  0.582186
14 25  0.585104
14 26  0.564333
15 16  0.554053
15 17  0.561079
15 18  0.563170
15 19  0.585723
15 20  0.569888
15 21  0.586255
15 22  0.565954
15 23  0.560943
15 24  0.582158
15 25  0.587030
15 26  0.557552
16 17  0.546116
16 18  0.549621
16 19  0.577979
16 20  0.581062
16 21  0.552952
16 22  0.578931
16 23  0.558652
16 24  0.576675
16 25  0.555997
16 26  0.554749
17 18  0.515061
17 19  0.586933
17 20  0.587931
17 21  0.580817
17 22  0.586781
17 23  0.565504
17 24  0.584478
17 25  0.558093
17 26  0.561598
18 19  0.589096
18 20  0.590023
18 21  0.582362
18 22  0.588887
18 23  0.567597
18 24  0.586591
18 25  0.557140
18 26  0.563691
19 20  0.612597
19 21  0.608024
19 22  0.585661
19 23  0.592727
19 24  0.583145
19 25  0.612489
19 26  0.588165
20 21  0.613358
20 22  0.612978
20 23  0.558528
20 24  0.603955
20 25  0.613895
20 26  0.557681
21 22  0.608732
21 23  0.591455
21 24  0.602272
21 25  0.598341
21 26  0.587533
22 23  0.592295
22 24  0.578713
22 25  0.612729
22 26  0.587325
23 24  0.589900
23 25  0.591465
23 26  0.519925
24 25  0.610328
24 26  0.585313
25 26  0.587561
