   -993.88340233
   -994.19610638
0.00020647070600
2 2 2 2 2 2 2 2 2 2 2 2 2 0 0 0 0 0 0 0 0 0 0 0 0 0 
1  0.262109
2  0.270739
3  0.283794
4  0.262145
5  0.283783
6  0.270809
7  0.297172
8  0.297195
9  0.321034
10  0.298992
11  0.298737
12  0.293434
13  0.292979
14  0.269399
15  0.273988
16  0.286529
17  0.269450
18  0.286606
19  0.274034
20  0.323097
21  0.300336
22  0.300103
23  0.297370
24  0.297110
25  0.294810
26  0.295265
1 2  0.532187
1 3  0.544848
1 4  0.522424
1 5  0.545881
1 6  0.532856
1 7  0.544483
1 8  0.559053
1 9  0.555513
1 10  0.560984
1 11  0.556715
1 12  0.554178
1 13  0.551217
1 14  0.250410
1 15  0.536002
1 16  0.547542
1 17  0.530868
1 18  0.548651
1 19  0.535790
1 20  0.555122
1 21  0.562077
1 22  0.556135
1 23  0.559250
1 24  0.548897
1 25  0.551407
1 26  0.554315
2 3  0.510386
2 4  0.532826
2 5  0.554520
2 6  0.541547
2 7  0.559124
2 8  0.567930
2 9  0.591037
2 10  0.569726
2 11  0.556628
2 12  0.564163
2 13  0.557479
2 14  0.540044
2 15  0.258894
2 16  0.508660
2 17  0.539959
2 18  0.557339
2 19  0.544772
2 20  0.593473
2 21  0.571025
2 22  0.549156
2 23  0.568102
2 24  0.565644
2 25  0.561794
2 26  0.565888
3 4  0.545929
3 5  0.567576
3 6  0.554602
3 7  0.573632
3 8  0.580988
3 9  0.604476
3 10  0.582785
3 11  0.559788
3 12  0.577221
3 13  0.573535
3 14  0.551765
3 15  0.508530
3 16  0.269717
3 17  0.553226
3 18  0.570400
3 19  0.557822
3 20  0.606700
3 21  0.584108
3 22  0.552882
3 23  0.581164
3 24  0.578191
3 25  0.575877
3 26  0.578938
4 5  0.544917
4 6  0.532285
4 7  0.559071
4 8  0.544630
4 9  0.555606
4 10  0.557040
4 11  0.560763
4 12  0.551690
4 13  0.553821
4 14  0.530845
4 15  0.535818
4 16  0.548629
4 17  0.250854
4 18  0.547662
4 19  0.536082
4 20  0.554791
4 21  0.556333
4 22  0.561829
4 23  0.549196
4 24  0.559050
4 25  0.553997
4 26  0.551827
5 6  0.510480
5 7  0.580954
5 8  0.573548
5 9  0.604462
5 10  0.560157
5 11  0.582519
5 12  0.573932
5 13  0.576755
5 14  0.553165
5 15  0.557764
5 16  0.570312
5 17  0.551825
5 18  0.269653
5 19  0.508706
5 20  0.606697
5 21  0.553430
5 22  0.583862
5 23  0.578297
5 24  0.580892
5 25  0.578472
5 26  0.576285
6 7  0.567978
6 8  0.559246
6 9  0.591113
6 10  0.556934
6 11  0.569542
6 12  0.557951
6 13  0.563779
6 14  0.539989
6 15  0.544797
6 16  0.557332
6 17  0.540159
6 18  0.508849
6 19  0.259192
6 20  0.593532
6 21  0.549360
6 22  0.570858
6 23  0.566013
6 24  0.567912
6 25  0.565508
6 26  0.562284
7 8  0.594360
7 9  0.614502
7 10  0.596161
7 11  0.569192
7 12  0.590559
7 13  0.555368
7 14  0.555780
7 15  0.568627
7 16  0.580809
7 17  0.566445
7 18  0.583775
7 19  0.571171
7 20  0.617525
7 21  0.597442
7 22  0.564719
7 23  0.594539
7 24  0.354537
7 25  0.553500
7 26  0.591973
8 9  0.614554
8 10  0.569510
8 11  0.595928
8 12  0.555835
8 13  0.590126
8 14  0.566418
8 15  0.571155
8 16  0.583722
8 17  0.555896
8 18  0.580791
8 19  0.568716
8 20  0.617556
8 21  0.565059
8 22  0.597225
8 23  0.354733
8 24  0.594302
8 25  0.591594
8 26  0.554017
9 10  0.618886
9 11  0.618646
9 12  0.603398
9 13  0.602939
9 14  0.560704
9 15  0.594567
9 16  0.607425
9 17  0.560650
9 18  0.607502
9 19  0.594591
9 20  0.381208
9 21  0.616952
9 22  0.616757
9 23  0.616095
9 24  0.615825
9 25  0.601638
9 26  0.601865
10 11  0.597722
10 12  0.566975
10 13  0.591899
10 14  0.567877
10 15  0.572930
10 16  0.585488
10 17  0.562429
10 18  0.553726
10 19  0.552895
10 20  0.617724
10 21  0.390022
10 22  0.599093
10 23  0.565663
10 24  0.596046
10 25  0.593690
10 26  0.561971
11 12  0.592097
11 13  0.566199
11 14  0.562180
11 15  0.552562
11 16  0.553246
11 17  0.567697
11 18  0.585310
11 19  0.572721
11 20  0.617513
11 21  0.599071
11 22  0.390040
11 23  0.596053
11 24  0.565074
11 25  0.561286
11 26  0.593896
12 13  0.586060
12 14  0.559795
12 15  0.567328
12 16  0.579805
12 17  0.556310
12 18  0.577071
12 19  0.563882
12 20  0.602706
12 21  0.561735
12 22  0.593350
12 23  0.551002
12 24  0.590313
12 25  0.588170
12 26  0.363409
13 14  0.555832
13 15  0.563405
13 16  0.576553
13 17  0.559351
13 18  0.579424
13 19  0.566910
13 20  0.602405
13 21  0.593150
13 22  0.561114
13 23  0.590116
13 24  0.550254
13 25  0.362470
13 26  0.588158
14 15  0.542518
14 16  0.554641
14 17  0.536180
14 18  0.555963
14 19  0.543338
14 20  0.563193
14 21  0.569595
14 22  0.565118
14 23  0.566459
14 24  0.549263
14 25  0.560067
14 26  0.563091
15 16  0.514986
15 17  0.543352
15 18  0.560592
15 19  0.548021
15 20  0.596227
15 21  0.574319
15 22  0.559894
15 23  0.571356
15 24  0.560851
15 25  0.562312
15 26  0.569243
16 17  0.555942
16 18  0.573133
16 19  0.560560
16 20  0.609068
16 21  0.586861
16 22  0.564311
16 23  0.583898
16 24  0.576387
16 25  0.576917
16 26  0.581785
17 18  0.554776
17 19  0.542608
17 20  0.562898
17 21  0.565406
17 22  0.569399
17 23  0.549717
17 24  0.566254
17 25  0.562693
17 26  0.560571
18 19  0.515207
18 20  0.609125
18 21  0.564761
18 22  0.586705
18 23  0.576631
18 24  0.583715
18 25  0.581404
18 26  0.577463
19 20  0.596229
19 21  0.560169
19 22  0.574132
19 23  0.561074
19 24  0.571140
19 25  0.568835
19 26  0.562716
20 21  0.622224
20 22  0.622003
20 23  0.616853
20 24  0.616613
20 25  0.606807
20 26  0.607092
21 22  0.600433
21 23  0.571489
21 24  0.597441
21 25  0.595037
21 26  0.571486
22 23  0.597469
22 24  0.571007
22 25  0.570834
22 26  0.595279
23 24  0.594476
23 25  0.592150
23 26  0.556631
24 25  0.555852
24 26  0.592334
25 26  0.589367
