   -993.88340233
   -994.19986457
0.00007386137580
2 2 2 2 2 2 2 2 2 2 2 2 2 0 0 0 0 0 0 0 0 0 0 0 0 0 
1  0.270899
2  0.276515
3  0.288624
4  0.270973
5  0.288513
6  0.276346
7  0.307019
8  0.306729
9  0.331243
10  0.306642
11  0.306454
12  0.302803
13  0.302586
14  0.278926
15  0.279823
16  0.291509
17  0.278805
18  0.291546
19  0.279611
20  0.333124
21  0.307474
22  0.307297
23  0.307003
24  0.307035
25  0.304848
26  0.304900
1 2  0.546500
1 3  0.558174
1 4  0.539943
1 5  0.559390
1 6  0.547148
1 7  0.561226
1 8  0.577353
1 9  0.573907
1 10  0.577377
1 11  0.572919
1 12  0.572162
1 13  0.569249
1 14  0.266666
1 15  0.550585
1 16  0.561181
1 17  0.548911
1 18  0.562280
1 19  0.549987
1 20  0.573866
1 21  0.577984
1 22  0.572096
1 23  0.577668
1 24  0.566608
1 25  0.570128
1 26  0.572855
2 3  0.521327
2 4  0.547390
2 5  0.565025
2 6  0.552860
2 7  0.572982
2 8  0.583239
2 9  0.606760
2 10  0.583152
2 11  0.569903
2 12  0.579308
2 13  0.572449
2 14  0.555297
2 15  0.269535
2 16  0.519994
2 17  0.554916
2 18  0.568055
2 19  0.556125
2 20  0.609193
2 21  0.583913
2 22  0.562218
2 23  0.583498
2 24  0.580845
2 25  0.577363
2 26  0.581278
3 4  0.559575
3 5  0.577134
3 6  0.564968
3 7  0.587992
3 8  0.595351
3 9  0.619361
3 10  0.595264
3 11  0.571471
3 12  0.591415
3 13  0.587392
3 14  0.566143
3 15  0.519723
3 16  0.279250
3 17  0.567375
3 18  0.580168
3 19  0.568218
3 20  0.621532
3 21  0.596057
3 22  0.564496
3 23  0.595627
3 24  0.592765
3 25  0.590464
3 26  0.593340
4 5  0.558141
4 6  0.546407
4 7  0.577722
4 8  0.561139
4 9  0.573985
4 10  0.573199
4 11  0.577263
4 12  0.569531
4 13  0.572007
4 14  0.549114
4 15  0.550266
4 16  0.562318
4 17  0.266780
4 18  0.561277
4 19  0.550444
4 20  0.573725
4 21  0.572267
4 22  0.577861
4 23  0.566660
4 24  0.577777
4 25  0.572888
4 26  0.570193
5 6  0.521146
5 7  0.595530
5 8  0.587598
5 9  0.619255
5 10  0.571567
5 11  0.594965
5 12  0.587499
5 13  0.591088
5 14  0.567383
5 15  0.568318
5 16  0.580019
5 17  0.565919
5 18  0.279062
5 19  0.519516
5 20  0.621423
5 21  0.564577
5 22  0.595767
5 23  0.592625
5 24  0.595546
5 25  0.593182
5 26  0.590396
6 7  0.583360
6 8  0.572536
6 9  0.606606
6 10  0.569941
6 11  0.582796
6 12  0.572482
6 13  0.578924
6 14  0.554863
6 15  0.556168
6 16  0.567849
6 17  0.555010
6 18  0.519906
6 19  0.269357
6 20  0.609009
6 21  0.562289
6 22  0.583564
6 23  0.580618
6 24  0.583362
6 25  0.581064
6 26  0.577212
7 8  0.613743
7 9  0.634222
7 10  0.613654
7 11  0.586265
7 12  0.609761
7 13  0.574510
7 14  0.574086
7 15  0.583797
7 16  0.595422
7 17  0.585636
7 18  0.598556
7 19  0.586583
7 20  0.637278
7 21  0.614421
7 22  0.581571
7 23  0.614016
7 24  0.371671
7 25  0.573000
7 26  0.611491
8 9  0.633952
8 10  0.586155
8 11  0.613176
8 12  0.574509
8 13  0.609256
8 14  0.585461
8 15  0.586506
8 16  0.598227
8 17  0.573724
8 18  0.595159
8 19  0.583290
8 20  0.636993
8 21  0.581498
8 22  0.613958
8 23  0.371336
8 24  0.613759
8 25  0.611147
8 26  0.572797
9 10  0.636649
9 11  0.636483
9 12  0.621681
9 13  0.621574
9 14  0.580241
9 15  0.610572
9 16  0.622597
9 17  0.580044
9 18  0.622634
9 19  0.610345
9 20  0.402134
9 21  0.634307
9 22  0.634171
9 23  0.635773
9 24  0.635807
9 25  0.621516
9 26  0.621421
10 11  0.613084
10 12  0.582490
10 13  0.609133
10 14  0.585051
10 15  0.586381
10 16  0.598091
10 17  0.579326
10 18  0.565895
10 19  0.566127
10 20  0.635377
10 21  0.405191
10 22  0.613937
10 23  0.582489
10 24  0.613605
10 25  0.611306
10 26  0.576921
11 12  0.609158
11 13  0.582121
11 14  0.579313
11 15  0.566118
11 16  0.565647
11 17  0.584742
11 18  0.597942
11 19  0.585989
11 20  0.635233
11 21  0.613926
11 22  0.404994
11 23  0.613386
11 24  0.582413
11 25  0.576657
11 26  0.611176
12 13  0.604950
12 14  0.578707
12 15  0.582530
12 16  0.594132
12 17  0.574932
12 18  0.591151
12 19  0.578622
12 20  0.621511
12 21  0.576784
12 22  0.609871
12 23  0.569538
12 24  0.609534
12 25  0.607540
12 26  0.382166
13 14  0.574878
13 15  0.578630
13 16  0.590906
13 17  0.578397
13 18  0.593937
13 19  0.582107
13 20  0.621459
13 21  0.609853
13 22  0.576464
13 23  0.609287
13 24  0.569306
13 25  0.381664
13 26  0.607375
14 15  0.557527
14 16  0.568766
14 17  0.554842
14 18  0.570425
14 19  0.558396
14 20  0.581915
14 21  0.586182
14 22  0.581322
14 23  0.585598
14 24  0.566566
14 25  0.579320
14 26  0.582001
15 16  0.526261
15 17  0.558489
15 18  0.571366
15 19  0.559432
15 20  0.611803
15 21  0.587290
15 22  0.572723
15 23  0.586821
15 24  0.575182
15 25  0.577425
15 26  0.584707
16 17  0.570267
16 18  0.583052
16 19  0.571116
16 20  0.623917
16 21  0.598979
16 22  0.575545
16 23  0.598509
16 24  0.590613
16 25  0.591526
16 26  0.596387
17 18  0.568683
17 19  0.557203
17 20  0.581680
17 21  0.581385
17 22  0.585888
17 23  0.566591
17 24  0.585500
17 25  0.581814
17 26  0.579238
18 19  0.526152
18 20  0.623960
18 21  0.575743
18 22  0.598840
18 23  0.590618
18 24  0.598577
18 25  0.596373
18 26  0.591620
19 20  0.611589
19 21  0.572758
19 22  0.586901
19 23  0.574896
19 24  0.586640
19 25  0.584443
19 26  0.577262
20 21  0.639191
20 22  0.639035
20 23  0.636233
20 24  0.636250
20 25  0.625817
20 26  0.625774
21 22  0.614756
21 23  0.587955
21 24  0.614501
21 25  0.612181
21 26  0.587010
22 23  0.614293
22 24  0.587887
22 25  0.586828
22 26  0.612046
23 24  0.614035
23 25  0.611811
23 26  0.575321
24 25  0.575201
24 26  0.611893
25 26  0.608829
