   -993.88340233
   -994.20139876
0.00002202114340
2 2 2 2 2 2 2 2 2 2 2 2 2 0 0 0 0 0 0 0 0 0 0 0 0 0 
1  0.275586
2  0.279188
3  0.291144
4  0.275655
5  0.291046
6  0.279047
7  0.311312
8  0.311015
9  0.337439
10  0.310420
11  0.310224
12  0.307599
13  0.307344
14  0.283931
15  0.282582
16  0.294130
17  0.283735
18  0.294166
19  0.282421
20  0.338943
21  0.311173
22  0.310998
23  0.311122
24  0.311195
25  0.309634
26  0.309724
1 2  0.553682
1 3  0.565168
1 4  0.549280
1 5  0.566603
1 6  0.554507
1 7  0.569147
1 8  0.586296
1 9  0.584469
1 10  0.585791
1 11  0.581099
1 12  0.581433
1 13  0.578635
1 14  0.275444
1 15  0.558004
1 16  0.568425
1 17  0.558471
1 18  0.569558
1 19  0.557366
1 20  0.584425
1 21  0.586359
1 22  0.580425
1 23  0.586431
1 24  0.575049
1 25  0.579652
1 26  0.582332
2 3  0.526749
2 4  0.554718
2 5  0.570231
2 6  0.558234
2 7  0.579310
2 8  0.590196
2 9  0.615484
2 10  0.589601
2 11  0.576265
2 12  0.586771
2 13  0.579517
2 14  0.562944
2 15  0.274636
2 16  0.525607
2 17  0.562427
2 18  0.573343
2 19  0.561607
2 20  0.617639
2 21  0.590262
2 22  0.568630
2 23  0.590285
2 24  0.587513
2 25  0.584705
2 26  0.588740
3 4  0.566770
3 5  0.582187
3 6  0.570188
3 7  0.594489
3 8  0.602155
3 9  0.627951
3 10  0.601562
3 11  0.577382
3 12  0.598725
3 13  0.594446
3 14  0.573570
3 15  0.525350
3 16  0.284208
3 17  0.574804
3 18  0.585307
3 19  0.573537
3 20  0.629843
3 21  0.602261
3 22  0.570650
3 23  0.602264
3 24  0.599386
3 25  0.597691
3 26  0.600617
4 5  0.565149
4 6  0.553612
4 7  0.586665
4 8  0.569056
4 9  0.584473
4 10  0.581373
4 11  0.585665
4 12  0.578951
4 13  0.581258
4 14  0.558731
4 15  0.557596
4 16  0.569592
4 17  0.275518
4 18  0.568521
4 19  0.557913
4 20  0.584317
4 21  0.580608
4 22  0.586250
4 23  0.575053
4 24  0.586579
4 25  0.582306
4 26  0.579751
5 6  0.526615
5 7  0.602354
5 8  0.594107
5 9  0.627851
5 10  0.577502
5 11  0.601268
5 12  0.594610
5 13  0.598373
5 14  0.574901
5 15  0.573600
5 16  0.585174
5 17  0.573273
5 18  0.284030
5 19  0.525215
5 20  0.629745
5 21  0.570744
5 22  0.601987
5 23  0.599220
5 24  0.602241
5 25  0.600426
5 26  0.597670
6 7  0.590352
6 8  0.578885
6 9  0.615337
6 10  0.576336
6 11  0.589264
6 12  0.579623
6 13  0.586376
6 14  0.562475
6 15  0.561628
6 16  0.573166
6 17  0.562610
6 18  0.525549
6 19  0.274520
6 20  0.617488
6 21  0.568725
6 22  0.589944
6 23  0.587275
6 24  0.590219
6 25  0.588508
6 26  0.584621
7 8  0.622320
7 9  0.644547
7 10  0.621717
7 11  0.594158
7 12  0.618845
7 13  0.583650
7 14  0.582932
7 15  0.590645
7 16  0.602236
7 17  0.594820
7 18  0.605464
7 19  0.593649
7 20  0.647325
7 21  0.622378
7 22  0.589471
7 23  0.622423
7 24  0.379350
7 25  0.582075
7 26  0.620607
8 9  0.644262
8 10  0.594056
8 11  0.621225
8 12  0.583673
8 13  0.618296
8 14  0.594716
8 15  0.593517
8 16  0.605133
8 17  0.582481
8 18  0.601971
8 19  0.590181
8 20  0.647033
8 21  0.589393
8 22  0.621903
8 23  0.379004
8 24  0.622200
8 25  0.620220
8 26  0.581887
9 10  0.646511
9 11  0.646335
9 12  0.631950
9 13  0.631829
9 14  0.591457
9 15  0.619458
9 16  0.631377
9 17  0.591167
9 18  0.631410
9 19  0.619288
9 20  0.413540
9 21  0.644072
9 22  0.643936
9 23  0.646049
9 24  0.646125
9 25  0.632351
9 26  0.632287
10 11  0.620625
10 12  0.590514
10 13  0.617640
10 14  0.593799
10 15  0.592883
10 16  0.604458
10 17  0.587984
10 18  0.572219
10 19  0.572716
10 20  0.644903
10 21  0.412440
10 22  0.621415
10 23  0.590276
10 24  0.621504
10 25  0.619845
10 26  0.584986
11 12  0.617697
11 13  0.590102
11 14  0.588035
11 15  0.572651
11 16  0.571969
11 17  0.593411
11 18  0.604301
11 19  0.592528
11 20  0.644751
11 21  0.621393
11 22  0.412233
11 23  0.621233
11 24  0.590231
11 25  0.584689
11 26  0.619742
12 13  0.614339
12 14  0.588430
12 15  0.590085
12 16  0.601485
12 17  0.584707
12 18  0.598449
12 19  0.586120
12 20  0.631952
12 21  0.584883
12 22  0.618377
12 23  0.578355
12 24  0.618501
12 25  0.617080
12 26  0.391140
13 14  0.584689
13 15  0.586036
13 16  0.598170
13 17  0.588014
13 18  0.601266
13 19  0.589669
13 20  0.631871
13 21  0.618298
13 22  0.584547
13 23  0.618178
13 24  0.578117
13 25  0.390583
13 26  0.616919
14 15  0.565131
14 16  0.576179
14 17  0.564697
14 18  0.578039
14 19  0.566168
14 20  0.592314
14 21  0.594854
14 22  0.589721
14 23  0.594689
14 24  0.574700
14 25  0.589079
14 26  0.591620
15 16  0.531904
15 17  0.566134
15 18  0.576743
15 19  0.565001
15 20  0.620196
15 21  0.593744
15 22  0.579085
15 23  0.593694
15 24  0.581504
15 25  0.584604
15 26  0.592280
16 17  0.577808
16 18  0.588292
16 19  0.576547
16 20  0.632266
16 21  0.605300
16 22  0.581437
16 23  0.605247
16 24  0.597064
16 25  0.598637
16 26  0.603828
17 18  0.576029
17 19  0.564778
17 20  0.592051
17 21  0.589710
17 22  0.594486
17 23  0.574626
17 24  0.594565
17 25  0.591341
17 26  0.588960
18 19  0.531850
18 20  0.632302
18 21  0.581640
18 22  0.605160
18 23  0.597033
18 24  0.605356
18 25  0.603773
18 26  0.598774
19 20  0.620033
19 21  0.579165
19 22  0.593408
19 23  0.581223
19 24  0.593606
19 25  0.592028
19 26  0.584523
20 21  0.648601
20 22  0.648443
20 23  0.646037
20 24  0.646090
20 25  0.635892
20 26  0.635894
21 22  0.622146
21 23  0.595733
21 24  0.622357
21 25  0.620636
21 26  0.594965
22 23  0.622108
22 24  0.595692
22 25  0.594747
22 26  0.620551
23 24  0.622311
23 25  0.620705
23 26  0.584218
24 25  0.584114
24 26  0.620868
25 26  0.618233
