   -993.88340233
   -994.20193451
0.00000006452032
2 2 2 2 2 2 2 2 2 2 2 2 2 0 0 0 0 0 0 0 0 0 0 0 0 0 
1  0.277564
2  0.280192
3  0.292135
4  0.277622
5  0.292037
6  0.280052
7  0.312755
8  0.312454
9  0.339964
10  0.311743
11  0.311544
12  0.309273
13  0.309024
14  0.286003
15  0.283645
16  0.295186
17  0.285808
18  0.295222
19  0.283485
20  0.341346
21  0.312494
22  0.312317
23  0.312511
24  0.312581
25  0.311261
26  0.311359
1 2  0.556599
1 3  0.568050
1 4  0.553204
1 5  0.569565
1 6  0.557464
1 7  0.572114
1 8  0.589702
1 9  0.588825
1 10  0.589069
1 11  0.584311
1 12  0.585005
1 13  0.582275
1 14  0.279182
1 15  0.561041
1 16  0.571399
1 17  0.562486
1 18  0.572570
1 19  0.560303
1 20  0.588816
1 21  0.589653
1 22  0.583734
1 23  0.589783
1 24  0.578253
1 25  0.583266
1 26  0.585971
2 3  0.528840
2 4  0.557662
2 5  0.572222
2 6  0.560238
2 7  0.581574
2 8  0.592634
2 9  0.618914
2 10  0.591926
2 11  0.578586
2 12  0.589444
2 13  0.582098
2 14  0.566010
2 15  0.276707
2 16  0.527811
2 17  0.565420
2 18  0.575393
2 19  0.563675
2 20  0.621028
2 21  0.592562
2 22  0.570981
2 23  0.592660
2 24  0.589853
2 25  0.587333
2 26  0.591367
3 4  0.569721
3 5  0.584166
3 6  0.572180
3 7  0.596898
3 8  0.604582
3 9  0.631392
3 10  0.603876
3 11  0.579601
3 12  0.601386
3 13  0.597047
3 14  0.576589
3 15  0.527557
3 16  0.286326
3 17  0.577858
3 18  0.587354
3 19  0.575574
3 20  0.633209
3 21  0.604547
3 22  0.572950
3 23  0.604645
3 24  0.601757
3 25  0.600273
3 26  0.603181
4 5  0.568017
4 6  0.556519
4 7  0.590059
4 8  0.572012
4 9  0.588801
4 10  0.584575
4 11  0.588930
4 12  0.582573
4 13  0.584825
4 14  0.562738
4 15  0.560522
4 16  0.572593
4 17  0.279249
4 18  0.571483
4 19  0.560939
4 20  0.588703
4 21  0.583906
4 22  0.589530
4 23  0.578248
4 24  0.589915
4 25  0.585922
4 26  0.583361
5 6  0.528706
5 7  0.604785
5 8  0.596513
5 9  0.631291
5 10  0.579723
5 11  0.603579
5 12  0.597204
5 13  0.601040
5 14  0.577954
5 15  0.575637
5 16  0.587220
5 17  0.576293
5 18  0.286148
5 19  0.527421
5 20  0.633111
5 21  0.573046
5 22  0.604272
5 23  0.601594
5 24  0.604617
5 25  0.602982
5 26  0.600260
6 7  0.592795
6 8  0.581146
6 9  0.618766
6 10  0.578660
6 11  0.591587
6 12  0.582198
6 13  0.589056
6 14  0.565467
6 15  0.563696
6 16  0.575217
6 17  0.565677
6 18  0.527754
6 19  0.276592
6 20  0.620877
6 21  0.571079
6 22  0.592244
6 23  0.589620
6 24  0.592589
6 25  0.591127
6 26  0.587258
7 8  0.625200
7 9  0.648459
7 10  0.624475
7 11  0.596914
7 12  0.621959
7 13  0.586859
7 14  0.586274
7 15  0.593072
7 16  0.604727
7 17  0.598310
7 18  0.607963
7 19  0.596121
7 20  0.651134
7 21  0.625149
7 22  0.592221
7 23  0.625253
7 24  0.382025
7 25  0.585211
7 26  0.623695
8 9  0.648168
8 10  0.596811
8 11  0.623976
8 12  0.586871
8 13  0.621413
8 14  0.598203
8 15  0.595982
8 16  0.607627
8 17  0.585822
8 18  0.604459
8 19  0.592606
8 20  0.650841
8 21  0.592142
8 22  0.624671
8 23  0.381678
8 24  0.625024
8 25  0.623295
8 26  0.585028
9 10  0.650309
9 11  0.650131
9 12  0.635875
9 13  0.635771
9 14  0.596035
9 15  0.623023
9 16  0.634936
9 17  0.595732
9 18  0.634970
9 19  0.622853
9 20  0.418466
9 21  0.647872
9 22  0.647734
9 23  0.649928
9 24  0.650000
9 25  0.636446
9 26  0.636384
10 11  0.623264
10 12  0.593311
10 13  0.620629
10 14  0.597178
10 15  0.595235
10 16  0.606827
10 17  0.591373
10 18  0.574599
10 19  0.575124
10 20  0.648596
10 21  0.415247
10 22  0.624053
10 23  0.592966
10 24  0.624208
10 25  0.622767
10 26  0.587750
11 12  0.620678
11 13  0.592902
11 14  0.591421
11 15  0.575057
11 16  0.574348
11 17  0.596790
11 18  0.606665
11 19  0.594876
11 20  0.648442
11 21  0.624031
11 22  0.415037
11 23  0.623939
11 24  0.592915
11 25  0.587443
11 26  0.622670
12 13  0.617610
12 14  0.592201
12 15  0.592820
12 16  0.604133
12 17  0.588458
12 18  0.601125
12 19  0.588853
12 20  0.635964
12 21  0.587728
12 22  0.621364
12 23  0.581460
12 24  0.621583
12 25  0.620349
12 26  0.394444
13 14  0.588444
13 15  0.588774
13 16  0.600852
13 17  0.591790
13 18  0.603922
13 19  0.592412
13 20  0.635879
13 21  0.621295
13 22  0.587397
13 23  0.621270
13 24  0.581227
13 25  0.393880
13 26  0.620202
14 15  0.568204
14 16  0.579221
14 17  0.568793
14 18  0.581156
14 19  0.569277
14 20  0.596605
14 21  0.598225
14 22  0.593022
14 23  0.598137
14 24  0.577701
14 25  0.592773
14 26  0.595258
15 16  0.534140
15 17  0.569243
15 18  0.578858
15 19  0.567124
15 20  0.623552
15 21  0.596127
15 22  0.581449
15 23  0.596139
15 24  0.583804
15 25  0.587179
15 26  0.594970
16 17  0.580925
16 18  0.590396
16 19  0.578662
16 20  0.635647
16 21  0.607677
16 22  0.583709
16 23  0.607689
16 24  0.599463
16 25  0.601217
16 26  0.606517
17 18  0.579071
17 19  0.567852
17 20  0.596356
17 21  0.593012
17 22  0.597856
17 23  0.577632
17 24  0.598012
17 25  0.594973
17 26  0.592661
18 19  0.534086
18 20  0.635685
18 21  0.583914
18 22  0.607536
18 23  0.599436
18 24  0.607795
18 25  0.606455
18 26  0.601363
19 20  0.623391
19 21  0.581532
19 22  0.595789
19 23  0.583527
19 24  0.596049
19 25  0.594711
19 26  0.587106
20 21  0.652266
20 22  0.652105
20 23  0.649800
20 24  0.649847
20 25  0.639716
20 26  0.639731
21 22  0.624778
21 23  0.598449
21 24  0.625055
21 25  0.623564
21 26  0.597738
22 23  0.624808
22 24  0.598402
22 25  0.597510
22 26  0.623484
23 24  0.625085
23 25  0.623722
23 26  0.587303
24 25  0.587189
24 26  0.623889
25 26  0.621400
