  -1146.51395127
  -1146.88320040
0.00008861908760
2 2 2 2 2 2 2 2 2 2 2 2 2 2 2 0 0 0 0 0 0 0 0 0 0 0 0 0 0 0 
1  0.275836
2  0.287742
3  0.298347
4  0.272721
5  0.288996
6  0.276561
7  0.328894
8  0.305480
9  0.336895
10  0.315022
11  0.323082
12  0.306715
13  0.310033
14  0.316585
15  0.303611
16  0.283440
17  0.293620
18  0.303715
19  0.280449
20  0.292376
21  0.279920
22  0.315973
23  0.306191
24  0.328333
25  0.339218
26  0.305537
27  0.309615
28  0.318497
29  0.326122
30  0.307350
1 2  0.563369
1 3  0.573885
1 4  0.546628
1 5  0.564809
1 6  0.552296
1 7  0.602762
1 8  0.581031
1 9  0.584895
1 10  0.570046
1 11  0.597239
1 12  0.582414
1 13  0.583432
1 14  0.589229
1 15  0.577976
1 16  0.269993
1 17  0.569395
1 18  0.579136
1 19  0.555587
1 20  0.568049
1 21  0.555236
1 22  0.577397
1 23  0.581789
1 24  0.603598
1 25  0.585977
1 26  0.578282
1 27  0.580907
1 28  0.590151
1 29  0.600537
1 30  0.582798
2 3  0.541613
2 4  0.560439
2 5  0.576737
2 6  0.564302
2 7  0.595135
2 8  0.593220
2 9  0.624414
2 10  0.600724
2 11  0.605293
2 12  0.594454
2 13  0.593850
2 14  0.602341
2 15  0.591350
2 16  0.571126
2 17  0.283167
2 18  0.547104
2 19  0.568025
2 20  0.580115
2 21  0.567661
2 22  0.603440
2 23  0.593925
2 24  0.603039
2 25  0.626819
2 26  0.593211
2 27  0.591217
2 28  0.605029
2 29  0.605902
2 30  0.595060
3 4  0.571060
3 5  0.587342
3 6  0.574906
3 7  0.619223
3 8  0.603826
3 9  0.635117
3 10  0.611405
3 11  0.595372
3 12  0.605061
3 13  0.606156
3 14  0.613809
3 15  0.601957
3 16  0.581349
3 17  0.546987
3 18  0.291889
3 19  0.578756
3 20  0.590722
3 21  0.578263
3 22  0.613751
3 23  0.604537
3 24  0.622021
3 25  0.637542
3 26  0.603820
3 27  0.601492
3 28  0.616410
3 29  0.599929
3 30  0.605680
4 5  0.560339
4 6  0.548334
4 7  0.601486
4 8  0.561946
4 9  0.579844
4 10  0.587403
4 11  0.595770
4 12  0.574925
4 13  0.582620
4 14  0.587426
4 15  0.571941
4 16  0.555428
4 17  0.566106
4 18  0.576331
4 19  0.271299
4 20  0.563916
4 21  0.552494
4 22  0.588528
4 23  0.568369
4 24  0.600702
4 25  0.580766
4 26  0.572284
4 27  0.581755
4 28  0.588027
4 29  0.598774
4 30  0.574114
5 6  0.521812
5 7  0.617888
5 8  0.586837
5 9  0.625330
5 10  0.604016
5 11  0.612077
5 12  0.572147
5 13  0.599027
5 14  0.605563
5 15  0.588811
5 16  0.572389
5 17  0.582607
5 18  0.592709
5 19  0.568066
5 20  0.279868
5 21  0.520536
5 22  0.604968
5 23  0.592293
5 24  0.617319
5 25  0.627987
5 26  0.591336
5 27  0.598559
5 28  0.607294
5 29  0.615117
5 30  0.565030
6 7  0.605453
6 8  0.571263
6 9  0.612388
6 10  0.591577
6 11  0.599642
6 12  0.570635
6 13  0.586590
6 14  0.593134
6 15  0.573529
6 16  0.559606
6 17  0.570180
6 18  0.580275
6 19  0.556868
6 20  0.520917
6 21  0.269648
6 22  0.592513
6 23  0.579758
6 24  0.604894
6 25  0.615299
6 26  0.577933
6 27  0.586104
6 28  0.594943
6 29  0.602676
6 30  0.563263
7 8  0.634368
7 9  0.664519
7 10  0.628445
7 11  0.612870
7 12  0.635603
7 13  0.620047
7 14  0.636682
7 15  0.632500
7 16  0.611717
7 17  0.609580
7 18  0.627340
7 19  0.609132
7 20  0.621268
7 21  0.608810
7 22  0.640813
7 23  0.635080
7 24  0.407136
7 25  0.667919
7 26  0.634297
7 27  0.614722
7 28  0.643919
7 29  0.615447
7 30  0.636186
8 9  0.638076
8 10  0.620491
8 11  0.628559
8 12  0.584893
8 13  0.615507
8 14  0.621981
8 15  0.574316
8 16  0.588745
8 17  0.599075
8 18  0.609186
8 19  0.574709
8 20  0.594671
8 21  0.582154
8 22  0.621450
8 23  0.371543
8 24  0.633782
8 25  0.641785
8 26  0.572682
8 27  0.615002
8 28  0.623541
8 29  0.631598
8 30  0.580323
9 10  0.647679
9 11  0.659389
9 12  0.642301
9 13  0.646059
9 14  0.639334
9 15  0.627553
9 16  0.592061
9 17  0.630343
9 18  0.640597
9 19  0.586778
9 20  0.629095
9 21  0.616267
9 22  0.650158
9 23  0.640624
9 24  0.665029
9 25  0.410578
9 26  0.626942
9 27  0.642312
9 28  0.641557
9 29  0.662693
9 30  0.639863
10 11  0.629777
10 12  0.621730
10 13  0.611403
10 14  0.595552
10 15  0.618577
10 16  0.583100
10 17  0.608345
10 18  0.618125
10 19  0.595355
10 20  0.607385
10 21  0.594889
10 22  0.380505
10 23  0.621198
10 24  0.639369
10 25  0.650843
10 26  0.620166
10 27  0.606416
10 28  0.598183
10 29  0.637446
10 30  0.622313
11 12  0.629796
11 13  0.610788
11 14  0.634916
11 15  0.626684
11 16  0.604964
11 17  0.607676
11 18  0.600564
11 19  0.603516
11 20  0.615454
11 21  0.602982
11 22  0.635760
11 23  0.629271
11 24  0.612340
11 25  0.661836
11 26  0.628499
11 27  0.604862
11 28  0.638499
11 29  0.412199
11 30  0.630411
12 13  0.616740
12 14  0.623190
12 15  0.583316
12 16  0.589604
12 17  0.600294
12 18  0.610402
12 19  0.581146
12 20  0.566902
12 21  0.567014
12 22  0.622621
12 23  0.581467
12 24  0.634973
12 25  0.641449
12 26  0.577778
12 27  0.616319
12 28  0.624946
12 29  0.632799
12 30  0.405207
13 14  0.605097
13 15  0.613578
13 16  0.588901
13 17  0.597892
13 18  0.607218
13 19  0.589757
13 20  0.602340
13 21  0.589889
13 22  0.608415
13 23  0.616135
13 24  0.615902
13 25  0.645035
13 26  0.615514
13 27  0.426245
13 28  0.601874
13 29  0.607496
13 30  0.617370
14 15  0.619781
14 16  0.595158
14 17  0.609025
14 18  0.619817
14 19  0.593876
14 20  0.608756
14 21  0.596445
14 22  0.595541
14 23  0.622492
14 24  0.641767
14 25  0.642939
14 26  0.621945
14 27  0.600270
14 28  0.387973
14 29  0.639558
14 30  0.623640
15 16  0.583969
15 17  0.597180
15 18  0.607262
15 19  0.577184
15 20  0.592631
15 21  0.579690
15 22  0.619275
15 23  0.570111
15 24  0.631828
15 25  0.627824
15 26  0.385111
15 27  0.613117
15 28  0.622027
15 29  0.629612
15 30  0.577132
16 17  0.576771
16 18  0.586775
16 19  0.561003
16 20  0.575766
16 21  0.563218
16 22  0.576194
16 23  0.589277
16 24  0.609520
16 25  0.592711
16 26  0.587287
16 27  0.590217
16 28  0.598562
16 29  0.607545
16 30  0.590620
17 18  0.550578
17 19  0.574032
17 20  0.585994
17 21  0.573539
17 22  0.607187
17 23  0.599809
17 24  0.598120
17 25  0.632548
17 26  0.599150
17 27  0.598887
17 28  0.609877
17 29  0.614086
17 30  0.600967
18 19  0.584151
18 20  0.596090
18 21  0.583634
18 22  0.617487
18 23  0.609905
18 24  0.624360
18 25  0.642760
18 26  0.609249
18 27  0.610671
18 28  0.620864
18 29  0.602595
18 30  0.611064
19 20  0.571111
19 21  0.559086
19 22  0.596005
19 23  0.567742
19 24  0.608614
19 25  0.587906
19 26  0.581289
19 27  0.589890
19 28  0.596701
19 29  0.606510
19 30  0.582707
20 21  0.527239
20 22  0.608344
20 23  0.590654
20 24  0.620706
20 25  0.630808
20 26  0.593190
20 27  0.601988
20 28  0.610841
20 29  0.618495
20 30  0.576339
21 22  0.595886
21 23  0.573924
21 24  0.608251
21 25  0.617898
21 26  0.578250
21 27  0.589529
21 28  0.598400
21 29  0.606039
21 30  0.573544
22 23  0.622156
22 24  0.628313
22 25  0.651022
22 26  0.621469
22 27  0.611975
22 28  0.596816
22 29  0.633250
22 30  0.623315
23 24  0.634518
23 25  0.641067
23 26  0.575760
23 27  0.615799
23 28  0.624629
23 29  0.632307
23 30  0.586752
24 25  0.666155
24 26  0.633859
24 27  0.619170
24 28  0.637976
24 29  0.613285
24 30  0.635676
25 26  0.632047
25 27  0.647817
25 28  0.643651
25 29  0.664549
25 30  0.645071
26 27  0.615041
26 28  0.623133
26 29  0.631642
26 30  0.587490
27 28  0.607714
27 29  0.614641
27 30  0.616956
28 29  0.639199
28 30  0.625693
29 30  0.633469
