  -1146.51395127
  -1146.88532409
0.00003005110810
2 2 2 2 2 2 2 2 2 2 2 2 2 2 2 0 0 0 0 0 0 0 0 0 0 0 0 0 0 0 
1  0.281442
2  0.291401
3  0.301687
4  0.277792
5  0.291545
6  0.279269
7  0.334615
8  0.309790
9  0.343945
10  0.321713
11  0.328318
12  0.310554
13  0.315728
14  0.323415
15  0.308494
16  0.289521
17  0.297317
18  0.307270
19  0.285778
20  0.295025
21  0.282723
22  0.322499
23  0.310390
24  0.333937
25  0.345917
26  0.310417
27  0.315108
28  0.325365
29  0.331293
30  0.311109
1 2  0.572557
1 3  0.582723
1 4  0.557274
1 5  0.572955
1 6  0.560581
1 7  0.613754
1 8  0.590914
1 9  0.597214
1 10  0.580963
1 11  0.607795
1 12  0.591818
1 13  0.594529
1 14  0.601592
1 15  0.588262
1 16  0.280793
1 17  0.578695
1 18  0.588211
1 19  0.566464
1 20  0.576286
1 21  0.563519
1 22  0.589092
1 23  0.591549
1 24  0.614760
1 25  0.598443
1 26  0.588727
1 27  0.592064
1 28  0.602700
1 29  0.611267
1 30  0.592157
2 3  0.548850
2 4  0.569161
2 5  0.582945
2 6  0.570670
2 7  0.603263
2 8  0.601189
2 9  0.635036
2 10  0.610740
2 11  0.614114
2 12  0.601952
2 13  0.602984
2 14  0.612545
2 15  0.599892
2 16  0.580868
2 17  0.290065
2 18  0.554685
2 19  0.576964
2 20  0.586421
2 21  0.574123
2 22  0.613574
2 23  0.601782
2 24  0.611880
2 25  0.637123
2 26  0.601741
2 27  0.600348
2 28  0.615452
2 29  0.614819
2 30  0.602468
3 4  0.579469
3 5  0.593231
3 6  0.580956
3 7  0.628075
3 8  0.611476
3 9  0.645453
3 10  0.621118
3 11  0.603167
3 12  0.612240
3 13  0.615094
3 14  0.623768
3 15  0.610179
3 16  0.590657
3 17  0.554397
3 18  0.298473
3 19  0.587410
3 20  0.596712
3 21  0.584402
3 22  0.623573
3 23  0.612077
3 24  0.631005
3 25  0.647573
3 26  0.612012
3 27  0.610236
3 28  0.626536
3 29  0.608270
3 30  0.612771
4 5  0.567739
4 6  0.555931
4 7  0.612258
4 8  0.570307
4 9  0.591556
4 10  0.599131
4 11  0.606065
4 12  0.583527
4 13  0.593334
4 14  0.599073
4 15  0.581847
4 16  0.566510
4 17  0.574792
4 18  0.584921
4 19  0.280784
4 20  0.571554
4 21  0.560348
4 22  0.600096
4 23  0.577229
4 24  0.611309
4 25  0.592673
4 26  0.582296
4 27  0.592324
4 28  0.599911
4 29  0.609017
4 30  0.582900
5 6  0.527307
5 7  0.626156
5 8  0.593393
5 9  0.634789
5 10  0.613253
5 11  0.619860
5 12  0.578147
5 13  0.607271
5 14  0.614929
5 15  0.596027
5 16  0.581001
5 17  0.588847
5 18  0.598812
5 19  0.575849
5 20  0.284911
5 21  0.526247
5 22  0.614043
5 23  0.598989
5 24  0.625463
5 25  0.637200
5 26  0.598684
5 27  0.606588
5 28  0.616629
5 29  0.622838
5 30  0.571276
6 7  0.613881
6 8  0.577640
6 9  0.621974
6 10  0.600973
6 11  0.607584
6 12  0.577106
6 13  0.594992
6 14  0.602664
6 15  0.580758
6 16  0.568303
6 17  0.576585
6 18  0.586538
6 19  0.564875
6 20  0.526607
6 21  0.274845
6 22  0.601739
6 23  0.586494
6 24  0.613206
6 25  0.624659
6 26  0.585405
6 27  0.594293
6 28  0.604485
6 29  0.610549
6 30  0.569782
7 8  0.644398
7 9  0.677075
7 10  0.639685
7 11  0.623877
7 12  0.645161
7 13  0.631503
7 14  0.648687
7 15  0.643101
7 16  0.623449
7 17  0.618448
7 18  0.636642
7 19  0.620129
7 20  0.629636
7 21  0.617332
7 22  0.652690
7 23  0.644999
7 24  0.417773
7 25  0.680315
7 26  0.644849
7 27  0.625881
7 28  0.656395
7 29  0.626469
7 30  0.645642
8 9  0.649226
8 10  0.631487
8 11  0.638102
8 12  0.592886
8 13  0.625506
8 14  0.633111
8 15  0.583615
8 16  0.599096
8 17  0.607063
8 18  0.617044
8 19  0.583916
8 20  0.601537
8 21  0.589056
8 22  0.632281
8 23  0.379305
8 24  0.643677
8 25  0.652727
8 26  0.581887
8 27  0.624764
8 28  0.634715
8 29  0.641080
8 30  0.588309
9 10  0.661185
9 11  0.671509
9 12  0.653078
9 13  0.658716
9 14  0.652248
9 15  0.638788
9 16  0.605299
9 17  0.641019
9 18  0.651195
9 19  0.599192
9 20  0.638759
9 21  0.626075
9 22  0.663695
9 23  0.651839
9 24  0.677646
9 25  0.423861
9 26  0.638726
9 27  0.654778
9 28  0.655396
9 29  0.674857
9 30  0.650529
10 11  0.641089
10 12  0.632253
10 13  0.623662
10 14  0.609150
10 15  0.630147
10 16  0.595355
10 17  0.618684
10 18  0.628283
10 19  0.607343
10 20  0.616718
10 21  0.604340
10 22  0.392762
10 23  0.632082
10 24  0.651266
10 25  0.664166
10 26  0.631747
10 27  0.618614
10 28  0.611935
10 29  0.649182
10 30  0.632737
11 12  0.638870
11 13  0.620943
11 14  0.646672
11 15  0.636796
11 16  0.616221
11 17  0.616680
11 18  0.609172
11 19  0.614074
11 20  0.623337
11 21  0.611012
11 22  0.647418
11 23  0.638702
11 24  0.623312
11 25  0.673721
11 26  0.638586
11 27  0.615147
11 28  0.650488
11 29  0.422140
11 30  0.639403
12 13  0.626269
12 14  0.633829
12 15  0.591499
12 16  0.599496
12 17  0.607810
12 18  0.617776
12 19  0.590275
12 20  0.573320
12 21  0.573662
12 22  0.632942
12 23  0.589409
12 24  0.644378
12 25  0.651920
12 26  0.585987
12 27  0.625652
12 28  0.635623
12 29  0.641792
12 30  0.412594
13 14  0.616774
13 15  0.624128
13 16  0.600711
13 17  0.607308
13 18  0.616300
13 19  0.600740
13 20  0.610658
13 21  0.598361
13 22  0.620537
13 23  0.625990
13 24  0.627179
13 25  0.657412
13 26  0.626079
13 27  0.436962
13 28  0.613862
13 29  0.617885
13 30  0.626818
14 15  0.631337
14 16  0.608140
14 17  0.619510
14 18  0.630116
14 19  0.605958
14 20  0.618194
14 21  0.606073
14 22  0.609012
14 23  0.633529
14 24  0.654084
14 25  0.656328
14 26  0.633618
14 27  0.612096
14 28  0.400971
14 29  0.651430
14 30  0.634217
15 16  0.594843
15 17  0.605766
15 18  0.615671
15 19  0.587451
15 20  0.600047
15 21  0.587267
15 22  0.630710
15 23  0.579104
15 24  0.642318
15 25  0.639241
15 26  0.394205
15 27  0.623501
15 28  0.633741
15 29  0.639626
15 30  0.585399
16 17  0.586452
16 18  0.596285
16 19  0.572342
16 20  0.584483
16 21  0.572054
16 22  0.587392
16 23  0.599523
16 24  0.620834
16 25  0.605000
16 26  0.598061
16 27  0.601622
16 28  0.611450
16 29  0.618505
16 30  0.600434
17 18  0.558144
17 19  0.583044
17 20  0.592340
17 21  0.580039
17 22  0.617091
17 23  0.607704
17 24  0.606246
17 25  0.642843
17 26  0.607725
17 27  0.607833
17 28  0.620134
17 29  0.622888
17 30  0.608422
18 19  0.593031
18 20  0.602294
18 21  0.589992
18 22  0.627244
18 23  0.617659
18 24  0.633327
18 25  0.652962
18 26  0.617683
18 27  0.619533
18 28  0.631057
18 29  0.610405
18 30  0.618378
19 20  0.578870
19 21  0.567056
19 22  0.607829
19 23  0.576263
19 24  0.619506
19 25  0.599528
19 26  0.591484
19 27  0.600675
19 28  0.608636
19 29  0.616990
19 30  0.591479
20 21  0.532957
20 22  0.617517
20 23  0.597182
20 24  0.628957
20 25  0.640054
20 26  0.600443
20 27  0.610130
20 28  0.620350
20 29  0.626314
20 30  0.582297
21 22  0.605210
21 23  0.580306
21 24  0.616655
21 25  0.627195
21 26  0.585572
21 27  0.597823
21 28  0.608063
21 29  0.614011
21 30  0.580020
22 23  0.632879
22 24  0.639281
22 25  0.664038
22 26  0.632872
22 27  0.623958
22 28  0.610162
22 29  0.644378
22 30  0.633598
23 24  0.644317
23 25  0.651814
23 26  0.584809
23 27  0.625490
23 28  0.635686
23 29  0.641675
23 30  0.594679
24 25  0.678229
24 26  0.644334
24 27  0.630168
24 28  0.649911
24 29  0.624129
24 30  0.645036
25 26  0.643131
25 27  0.659915
25 28  0.656475
25 29  0.676289
25 30  0.655417
26 27  0.625390
26 28  0.634682
26 29  0.641692
26 30  0.595578
27 28  0.619234
27 29  0.624703
27 30  0.626202
28 29  0.650805
28 30  0.636284
29 30  0.642399
