  -1146.51395127
  -1146.88592659
0.00000822453949
2 2 2 2 2 2 2 2 2 2 2 2 2 2 2 0 0 0 0 0 0 0 0 0 0 0 0 0 0 0 
1  0.283430
2  0.292485
3  0.302760
4  0.279455
5  0.292314
6  0.280036
7  0.336161
8  0.310896
9  0.346338
10  0.323645
11  0.329802
12  0.311590
13  0.317329
14  0.325512
15  0.309804
16  0.291593
17  0.298461
18  0.308396
19  0.287530
20  0.295839
21  0.283537
22  0.324396
23  0.311458
24  0.335484
25  0.348181
26  0.311694
27  0.316702
28  0.327428
29  0.332773
30  0.312140
1 2  0.575584
1 3  0.585715
1 4  0.560914
1 5  0.575707
1 6  0.563318
1 7  0.617165
1 8  0.594003
1 9  0.601451
1 10  0.584375
1 11  0.611168
1 12  0.594828
1 13  0.598079
1 14  0.605649
1 15  0.591496
1 16  0.284571
1 17  0.581828
1 18  0.591267
1 19  0.570180
1 20  0.579070
1 21  0.566242
1 22  0.592850
1 23  0.594591
1 24  0.618281
1 25  0.602747
1 26  0.592010
1 27  0.595688
1 28  0.606758
1 29  0.614694
1 30  0.595176
2 3  0.551076
2 4  0.571895
2 5  0.584797
2 6  0.572520
2 7  0.605591
2 8  0.603378
2 9  0.638450
2 10  0.613672
2 11  0.616672
2 12  0.604071
2 13  0.605614
2 14  0.615623
2 15  0.602282
2 16  0.584022
2 17  0.292260
2 18  0.557019
2 19  0.579736
2 20  0.588315
2 21  0.576020
2 22  0.616538
2 23  0.603926
2 24  0.614460
2 25  0.640456
2 26  0.604089
2 27  0.603039
2 28  0.618558
2 29  0.617398
2 30  0.604565
3 4  0.582203
3 5  0.595073
3 6  0.582794
3 7  0.630689
3 8  0.613654
3 9  0.648882
3 10  0.624033
3 11  0.605558
3 12  0.614349
3 13  0.617727
3 14  0.626860
3 15  0.612561
3 16  0.593760
3 17  0.556739
3 18  0.300660
3 19  0.590221
3 20  0.598598
3 21  0.586284
3 22  0.626505
3 23  0.614216
3 24  0.633631
3 25  0.650902
3 26  0.614330
3 27  0.612895
3 28  0.629641
3 29  0.610816
3 30  0.614861
4 5  0.570098
4 6  0.558315
4 7  0.615457
4 8  0.572734
4 9  0.595489
4 10  0.602714
4 11  0.609208
4 12  0.586157
4 13  0.596577
4 14  0.602744
4 15  0.584817
4 16  0.570224
4 17  0.577525
4 18  0.587681
4 19  0.283981
4 20  0.573978
4 21  0.562821
4 22  0.603647
4 23  0.579851
4 24  0.614478
4 25  0.596637
4 26  0.585249
4 27  0.595573
4 28  0.603650
4 29  0.612153
4 30  0.585611
5 6  0.528915
5 7  0.628470
5 8  0.595247
5 9  0.637888
5 10  0.615952
5 11  0.622112
5 12  0.579877
5 13  0.609642
5 14  0.617789
5 15  0.598057
5 16  0.583837
5 17  0.590753
5 18  0.600705
5 19  0.578325
5 20  0.286562
5 21  0.527951
5 22  0.616709
5 23  0.600823
5 24  0.627772
5 25  0.640212
5 26  0.600701
5 27  0.608930
5 28  0.619416
5 29  0.625087
5 30  0.573065
6 7  0.616192
6 8  0.579365
6 9  0.625045
6 10  0.603669
6 11  0.609832
6 12  0.578908
6 13  0.597360
6 14  0.605524
6 15  0.582751
6 16  0.571082
6 17  0.578497
6 18  0.588429
6 19  0.567386
6 20  0.528302
6 21  0.276429
6 22  0.604392
6 23  0.588289
6 24  0.615520
6 25  0.627678
6 26  0.587445
6 27  0.596637
6 28  0.607305
6 29  0.612790
6 30  0.571603
7 8  0.647049
7 9  0.680921
7 10  0.642808
7 11  0.626953
7 12  0.647742
7 13  0.634676
7 14  0.652213
7 15  0.645954
7 16  0.627042
7 17  0.621034
7 18  0.639325
7 19  0.623387
7 20  0.631992
7 21  0.619691
7 22  0.656009
7 23  0.647608
7 24  0.420771
7 25  0.684105
7 26  0.647671
7 27  0.629035
7 28  0.660006
7 29  0.629595
7 30  0.648209
8 9  0.652678
8 10  0.634526
8 11  0.640691
8 12  0.595030
8 13  0.628209
8 14  0.636311
8 15  0.586108
8 16  0.602260
8 17  0.609295
8 18  0.619271
8 19  0.586653
8 20  0.603455
8 21  0.590915
8 22  0.635284
8 23  0.381370
8 24  0.646317
8 25  0.656077
8 26  0.584338
8 27  0.627470
8 28  0.637884
8 29  0.643666
8 30  0.590445
9 10  0.665445
9 11  0.675315
9 12  0.656476
9 13  0.662671
9 14  0.656425
9 15  0.642291
9 16  0.609797
9 17  0.644534
9 18  0.654707
9 19  0.603347
9 20  0.641950
9 21  0.629263
9 22  0.667959
9 23  0.655277
9 24  0.681560
9 25  0.428515
9 26  0.642360
9 27  0.658751
9 28  0.659821
9 29  0.678706
9 30  0.653922
10 11  0.644393
10 12  0.635219
10 13  0.627177
10 14  0.613250
10 15  0.633388
10 16  0.599201
10 17  0.621747
10 18  0.631296
10 19  0.611013
10 20  0.619464
10 21  0.607060
10 22  0.396407
10 23  0.635081
10 24  0.654615
10 25  0.668340
10 26  0.634963
10 27  0.622140
10 28  0.616024
10 29  0.652589
10 30  0.635706
11 12  0.641390
11 13  0.623804
11 14  0.650096
11 15  0.639587
11 16  0.619729
11 17  0.619333
11 18  0.611774
11 19  0.617308
11 20  0.625636
11 21  0.613296
11 22  0.650798
11 23  0.641255
11 24  0.626439
11 25  0.677443
11 26  0.641313
11 27  0.618036
11 28  0.653958
11 29  0.425157
11 30  0.641909
12 13  0.628903
12 14  0.636952
12 15  0.593692
12 16  0.602596
12 17  0.609970
12 18  0.619925
12 19  0.593062
12 20  0.575175
12 21  0.575532
12 22  0.635876
12 23  0.591498
12 24  0.646945
12 25  0.655196
12 26  0.588165
12 27  0.628283
12 28  0.638698
12 29  0.644301
12 30  0.414786
13 14  0.620187
13 15  0.627029
13 16  0.604411
13 17  0.610077
13 18  0.619001
13 19  0.604083
13 20  0.613062
13 21  0.600756
13 22  0.624025
13 23  0.628658
13 24  0.630334
13 25  0.661267
13 26  0.628948
13 27  0.440252
13 28  0.617323
13 29  0.620823
13 30  0.629443
14 15  0.634689
14 16  0.612316
14 17  0.622704
14 18  0.633306
14 19  0.609826
14 20  0.621047
14 21  0.608982
14 22  0.613097
14 23  0.636712
14 24  0.657726
14 25  0.660649
14 26  0.636969
14 27  0.615617
14 28  0.405070
14 29  0.654942
14 30  0.637336
15 16  0.598248
15 17  0.608210
15 18  0.618079
15 19  0.590522
15 20  0.602128
15 21  0.589384
15 22  0.633930
15 23  0.581525
15 24  0.645180
15 25  0.642784
15 26  0.396809
15 27  0.626402
15 28  0.637096
15 29  0.642369
15 30  0.587629
16 17  0.589621
16 18  0.599407
16 19  0.576133
16 20  0.587359
16 21  0.574921
16 22  0.590864
16 23  0.602660
16 24  0.624338
16 25  0.609173
16 26  0.601361
16 27  0.605238
16 28  0.615564
16 29  0.621951
16 30  0.603527
17 18  0.560501
17 19  0.585927
17 20  0.594297
17 21  0.581996
17 22  0.620049
17 23  0.609915
17 24  0.608645
17 25  0.646199
17 26  0.610142
17 27  0.610514
17 28  0.623214
17 29  0.625495
17 30  0.610596
18 19  0.595906
18 20  0.604232
18 21  0.591930
18 22  0.630191
18 23  0.619852
18 24  0.635964
18 25  0.656315
18 26  0.620085
18 27  0.622194
18 28  0.634171
18 29  0.612819
18 30  0.620535
19 20  0.581366
19 21  0.569570
19 22  0.611468
19 23  0.578739
19 24  0.622792
19 25  0.603405
19 26  0.594516
19 27  0.604001
19 28  0.612372
19 29  0.620212
19 30  0.594186
20 21  0.534677
20 22  0.620226
20 23  0.599035
20 24  0.631315
20 25  0.643061
20 26  0.602461
20 27  0.612539
20 28  0.623223
20 29  0.628604
20 30  0.584056
21 22  0.607917
21 23  0.582060
21 24  0.619013
21 25  0.630181
21 26  0.587569
21 27  0.600230
21 28  0.610934
21 29  0.616302
21 30  0.581854
22 23  0.635845
22 24  0.642358
22 25  0.668154
22 26  0.636046
22 27  0.627448
22 28  0.614156
22 29  0.647627
22 30  0.636522
23 24  0.646930
23 25  0.655121
23 26  0.587214
23 27  0.628147
23 28  0.638815
23 29  0.644221
23 30  0.596786
24 25  0.681948
24 26  0.647154
24 27  0.633314
24 28  0.653402
24 29  0.627220
24 30  0.647614
25 26  0.646535
25 27  0.663735
25 28  0.660544
25 29  0.679964
25 30  0.658673
26 27  0.628244
26 28  0.637958
26 29  0.644448
26 30  0.597744
27 28  0.622634
27 29  0.627574
27 30  0.628822
28 29  0.654175
28 30  0.639362
29 30  0.644910
