   -993.89036851
   -994.20668396
0.00020379919600
2 2 2 2 2 2 2 2 2 2 2 2 2 0 0 0 0 0 0 0 0 0 0 0 0 0 
1  0.304891
2  0.298742
3  0.312180
4  0.302455
5  0.315908
6  0.312077
7  0.304212
8  0.276960
9  0.275126
10  0.266499
11  0.292869
12  0.281022
13  0.266276
14  0.271555
15  0.285833
16  0.297669
17  0.270578
18  0.278488
19  0.279242
20  0.306775
21  0.300173
22  0.315513
23  0.307312
24  0.315375
25  0.302411
26  0.316053
1 2  0.603540
1 3  0.609555
1 4  0.593937
1 5  0.608071
1 6  0.613441
1 7  0.572271
1 8  0.581825
1 9  0.579969
1 10  0.571221
1 11  0.596214
1 12  0.584505
1 13  0.552401
1 14  0.561785
1 15  0.590559
1 16  0.602138
1 17  0.574915
1 18  0.583368
1 19  0.584080
1 20  0.360017
1 21  0.604945
1 22  0.616928
1 23  0.575006
1 24  0.617202
1 25  0.588567
1 26  0.617927
2 3  0.610915
2 4  0.601099
2 5  0.614599
2 6  0.596730
2 7  0.601787
2 8  0.547832
2 9  0.546083
2 10  0.544401
2 11  0.591609
2 12  0.579754
2 13  0.564087
2 14  0.569541
2 15  0.584479
2 16  0.596365
2 17  0.541153
2 18  0.540199
2 19  0.540077
2 20  0.605399
2 21  0.365654
2 22  0.614219
2 23  0.604835
2 24  0.591572
2 25  0.600983
2 26  0.614635
3 4  0.593733
3 5  0.589593
3 6  0.623943
3 7  0.612385
3 8  0.589138
3 9  0.587302
3 10  0.578668
3 11  0.580567
3 12  0.588022
3 13  0.577178
3 14  0.582291
3 15  0.589085
3 16  0.584116
3 17  0.582681
3 18  0.590666
3 19  0.591416
3 20  0.615769
3 21  0.612319
3 22  0.391996
3 23  0.616799
3 24  0.627215
3 25  0.588029
3 26  0.589088
4 5  0.599035
4 6  0.613844
4 7  0.587053
4 8  0.579414
4 9  0.577574
4 10  0.568842
4 11  0.593346
4 12  0.579716
4 13  0.566380
4 14  0.569471
4 15  0.582582
4 16  0.593493
4 17  0.572977
4 18  0.580762
4 19  0.581607
4 20  0.591176
4 21  0.602459
4 22  0.590815
4 23  0.584430
4 24  0.613456
4 25  0.407554
4 26  0.595457
5 6  0.627102
5 7  0.612079
5 8  0.592863
5 9  0.591017
5 10  0.582403
5 11  0.601397
5 12  0.578286
5 13  0.580804
5 14  0.586853
5 15  0.590066
5 16  0.608615
5 17  0.586394
5 18  0.594367
5 19  0.595149
5 20  0.619499
5 21  0.615944
5 22  0.591917
5 23  0.620081
5 24  0.631196
5 25  0.593841
5 26  0.384336
6 7  0.604177
6 8  0.586178
6 9  0.582651
6 10  0.550753
6 11  0.604896
6 12  0.592989
6 13  0.555150
6 14  0.557938
6 15  0.597808
6 16  0.609737
6 17  0.547870
6 18  0.588560
6 19  0.590690
6 20  0.616343
6 21  0.590347
6 22  0.627280
6 23  0.607433
6 24  0.374236
6 25  0.610455
6 26  0.628020
7 8  0.581124
7 9  0.579093
7 10  0.570014
7 11  0.596292
7 12  0.583874
7 13  0.567887
7 14  0.571274
7 15  0.589068
7 16  0.601506
7 17  0.574669
7 18  0.581794
7 19  0.583256
7 20  0.573114
7 21  0.603068
7 22  0.617001
7 23  0.360518
7 24  0.607460
7 25  0.582526
7 26  0.617456
8 9  0.504757
8 10  0.537765
8 11  0.569828
8 12  0.557980
8 13  0.543059
8 14  0.547814
8 15  0.562792
8 16  0.574627
8 17  0.543870
8 18  0.502301
8 19  0.270463
8 20  0.583694
8 21  0.539937
8 22  0.592456
8 23  0.584116
8 24  0.591677
8 25  0.579248
8 26  0.593012
9 10  0.538183
9 11  0.567994
9 12  0.556145
9 13  0.541220
9 14  0.546577
9 15  0.560939
9 16  0.572792
9 17  0.544627
9 18  0.270227
9 19  0.501793
9 20  0.581894
9 21  0.537563
9 22  0.590638
9 23  0.581620
9 24  0.588778
9 25  0.577306
9 26  0.591155
10 11  0.559367
10 12  0.547517
10 13  0.528936
10 14  0.532541
10 15  0.552262
10 16  0.564092
10 17  0.257888
10 18  0.544010
10 19  0.542456
10 20  0.572750
10 21  0.538435
10 22  0.581860
10 23  0.573707
10 24  0.547531
10 25  0.568820
10 26  0.582394
11 12  0.528685
11 13  0.558968
11 14  0.564050
11 15  0.533073
11 16  0.280673
11 17  0.563416
11 18  0.571352
11 19  0.572111
11 20  0.599249
11 21  0.593009
11 22  0.584333
11 23  0.599912
11 24  0.608231
11 25  0.588807
11 26  0.604374
12 13  0.547208
12 14  0.552530
12 15  0.269354
12 16  0.533484
12 17  0.551571
12 18  0.559490
12 19  0.560262
12 20  0.587639
12 21  0.581122
12 22  0.588474
12 23  0.587283
12 24  0.596297
12 25  0.577169
12 26  0.584925
13 14  0.246975
13 15  0.552026
13 16  0.563573
13 17  0.531443
13 18  0.544636
13 19  0.544854
13 20  0.558556
13 21  0.565894
13 22  0.580378
13 23  0.569658
13 24  0.555491
13 25  0.563807
13 26  0.581829
14 15  0.557213
14 16  0.568973
14 17  0.538331
14 18  0.549852
14 19  0.550668
14 20  0.557063
14 21  0.570404
14 22  0.585454
14 23  0.576051
14 24  0.562482
14 25  0.571329
14 26  0.585983
15 16  0.536236
15 17  0.556407
15 18  0.564317
15 19  0.565073
15 20  0.590942
15 21  0.585991
15 22  0.595983
15 23  0.591422
15 24  0.601053
15 25  0.584212
15 26  0.580845
16 17  0.568245
16 18  0.576156
16 19  0.576909
16 20  0.602816
16 21  0.597836
16 22  0.587873
16 23  0.603914
16 24  0.612953
16 25  0.597576
16 26  0.606630
17 18  0.544330
17 19  0.543485
17 20  0.577208
17 21  0.548783
17 22  0.586086
17 23  0.576706
17 24  0.557755
17 25  0.572862
17 26  0.586627
18 19  0.509629
18 20  0.585231
18 21  0.550256
18 22  0.593996
18 23  0.585512
18 24  0.588664
18 25  0.580887
18 26  0.594527
19 20  0.585998
19 21  0.551601
19 22  0.594753
19 23  0.586453
19 24  0.590771
19 25  0.581647
19 26  0.595290
20 21  0.606846
20 22  0.614256
20 23  0.575056
20 24  0.618877
20 25  0.595755
20 26  0.609127
21 22  0.615669
21 23  0.606073
21 24  0.601652
21 25  0.602469
21 26  0.616171
22 23  0.617999
22 24  0.630404
22 25  0.597566
22 26  0.590946
23 24  0.609884
23 25  0.591385
23 26  0.615456
24 25  0.616946
24 26  0.630546
25 26  0.599370
