   -993.89036851
   -994.21057441
0.00008575745260
2 2 2 2 2 2 2 2 2 2 2 2 2 0 0 0 0 0 0 0 0 0 0 0 0 0 
1  0.318545
2  0.305022
3  0.322924
4  0.312901
5  0.329085
6  0.322521
7  0.317540
8  0.280463
9  0.278587
10  0.273554
11  0.298433
12  0.288225
13  0.276319
14  0.282388
15  0.293805
16  0.303807
17  0.277475
18  0.282203
19  0.282890
20  0.320199
21  0.305860
22  0.326069
23  0.320678
24  0.325652
25  0.312572
26  0.328765
1 2  0.623465
1 3  0.633091
1 4  0.617859
1 5  0.632576
1 6  0.637292
1 7  0.598500
1 8  0.598973
1 9  0.597085
1 10  0.591904
1 11  0.615030
1 12  0.604792
1 13  0.573428
1 14  0.585095
1 15  0.612079
1 16  0.621713
1 17  0.595578
1 18  0.600740
1 19  0.601383
1 20  0.384067
1 21  0.624284
1 22  0.640970
1 23  0.601846
1 24  0.640899
1 25  0.612462
1 26  0.643515
2 3  0.627939
2 4  0.617780
2 5  0.634052
2 6  0.612702
2 7  0.621200
2 8  0.557198
2 9  0.555354
2 10  0.557170
2 11  0.603452
2 12  0.593233
2 13  0.580230
2 14  0.586581
2 15  0.598656
2 16  0.608724
2 17  0.553925
2 18  0.549857
2 19  0.549797
2 20  0.625014
2 21  0.378168
2 22  0.630993
2 23  0.624446
2 24  0.607609
2 25  0.617422
2 26  0.633517
3 4  0.613401
3 5  0.612831
3 6  0.644921
3 7  0.635640
3 8  0.603384
3 9  0.601505
3 10  0.596457
3 11  0.595342
3 12  0.605600
3 13  0.597635
3 14  0.603781
3 15  0.607783
3 16  0.600571
3 17  0.600265
3 18  0.605126
3 19  0.605804
3 20  0.639824
3 21  0.628747
3 22  0.412673
3 23  0.640590
3 24  0.648171
3 25  0.607232
3 26  0.612408
4 5  0.622433
4 6  0.634581
4 7  0.609300
4 8  0.593361
4 9  0.591478
4 10  0.586290
4 11  0.609069
4 12  0.597119
4 13  0.586818
4 14  0.590660
4 15  0.600780
4 16  0.609999
4 17  0.590257
4 18  0.594874
4 19  0.595673
4 20  0.614989
4 21  0.618588
4 22  0.609991
4 23  0.606846
4 24  0.634419
4 25  0.428680
4 26  0.618323
5 6  0.650466
5 7  0.637683
5 8  0.609540
5 9  0.607653
5 10  0.602634
5 11  0.619564
5 12  0.595751
5 13  0.603552
5 14  0.610862
5 15  0.609871
5 16  0.627591
5 17  0.606446
5 18  0.611251
5 19  0.611975
5 20  0.645451
5 21  0.634768
5 22  0.615382
5 23  0.646460
5 24  0.654570
5 25  0.617154
5 26  0.407440
6 7  0.626506
6 8  0.599628
6 9  0.595996
6 10  0.567952
6 11  0.620845
6 12  0.610549
6 13  0.574949
6 14  0.579076
6 15  0.616186
6 16  0.626316
6 17  0.565230
6 18  0.602629
6 19  0.604658
6 20  0.640012
6 21  0.605937
6 22  0.648282
6 23  0.630868
6 24  0.395159
6 25  0.631038
6 26  0.651144
7 8  0.597923
7 9  0.595834
7 10  0.590210
7 11  0.614823
7 12  0.603784
7 13  0.590819
7 14  0.595428
7 15  0.610183
7 16  0.620898
7 17  0.594858
7 18  0.598828
7 19  0.600182
7 20  0.599804
7 21  0.622140
7 22  0.640579
7 23  0.385879
7 24  0.630690
7 25  0.604295
7 26  0.643264
8 9  0.512101
8 10  0.547813
8 11  0.578895
8 12  0.568687
8 13  0.556521
8 14  0.561939
8 15  0.574268
8 16  0.584267
8 17  0.554145
8 18  0.509939
8 19  0.277828
8 20  0.600595
8 21  0.549052
8 22  0.606510
8 23  0.600934
8 24  0.605322
8 25  0.592933
8 26  0.609226
9 10  0.548126
9 11  0.577020
9 12  0.566809
9 13  0.554690
9 14  0.560806
9 15  0.572365
9 16  0.582388
9 17  0.554839
9 18  0.277530
9 19  0.509318
9 20  0.598778
9 21  0.546631
9 22  0.604655
9 23  0.598359
9 24  0.602464
9 25  0.590947
9 26  0.607325
10 11  0.571987
10 12  0.561777
10 13  0.545715
10 14  0.550205
10 15  0.567259
10 16  0.577226
10 17  0.269609
10 18  0.554644
10 19  0.553079
10 20  0.593232
10 21  0.550784
10 22  0.599363
10 23  0.594081
10 24  0.564892
10 25  0.586005
10 26  0.602110
11 12  0.542001
11 13  0.574483
11 14  0.580363
11 15  0.547241
11 16  0.292689
11 17  0.575844
11 18  0.580632
11 19  0.581324
11 20  0.618029
11 21  0.604243
11 22  0.599817
11 23  0.618728
11 24  0.624066
11 25  0.604416
11 26  0.622539
12 13  0.564355
12 14  0.570548
12 15  0.283619
12 16  0.547480
12 17  0.565651
12 18  0.570397
12 19  0.571112
12 20  0.608174
12 21  0.593972
12 22  0.606285
12 23  0.607812
12 24  0.613748
12 25  0.594496
12 26  0.603971
13 14  0.265151
13 15  0.570048
13 16  0.579639
13 17  0.548350
13 18  0.558344
13 19  0.558428
13 20  0.580937
13 21  0.581567
13 22  0.600796
13 23  0.593033
13 24  0.575952
13 25  0.584027
13 26  0.604426
14 15  0.575917
14 16  0.585821
14 17  0.555595
14 18  0.564357
14 19  0.565092
14 20  0.578775
14 21  0.586744
14 22  0.606502
14 23  0.599838
14 24  0.582703
14 25  0.592187
14 26  0.608941
15 16  0.550732
15 17  0.571277
15 18  0.576004
15 19  0.576693
15 20  0.611650
15 21  0.599648
15 22  0.614212
15 23  0.612222
15 24  0.619208
15 25  0.601931
15 26  0.598772
16 17  0.581279
16 18  0.586008
16 19  0.586695
16 20  0.621797
16 21  0.609662
16 22  0.602687
16 23  0.623091
16 24  0.629316
16 25  0.613652
16 26  0.624895
17 18  0.554417
17 19  0.553560
17 20  0.597533
17 21  0.560821
17 22  0.603521
17 23  0.596745
17 24  0.574687
17 25  0.589872
17 26  0.606233
18 19  0.517240
18 20  0.602355
18 21  0.559276
18 22  0.608262
18 23  0.602488
18 24  0.602112
18 25  0.594759
18 26  0.610942
19 20  0.603062
19 21  0.560710
19 22  0.608955
19 23  0.603435
19 24  0.604049
19 25  0.595456
19 26  0.611645
20 21  0.625946
20 22  0.637388
20 23  0.601191
20 24  0.642206
20 25  0.619106
20 26  0.633114
21 22  0.631915
21 23  0.624802
21 24  0.616922
21 25  0.618269
21 26  0.634561
22 23  0.641137
22 24  0.651058
22 25  0.617260
22 26  0.613638
23 24  0.631986
23 25  0.613235
23 26  0.640448
24 25  0.637206
24 26  0.653166
25 26  0.622006
