   -993.89036851
   -994.21216639
0.00002916292710
2 2 2 2 2 2 2 2 2 2 2 2 2 0 0 0 0 0 0 0 0 0 0 0 0 0 
1  0.325188
2  0.308086
3  0.328118
4  0.318732
5  0.334800
6  0.327860
7  0.324574
8  0.282239
9  0.280641
10  0.276544
11  0.301770
12  0.291866
13  0.281523
14  0.287915
15  0.297389
16  0.307321
17  0.280507
18  0.284325
19  0.284718
20  0.326681
21  0.308875
22  0.331169
23  0.327941
24  0.331084
25  0.318062
26  0.334239
1 2  0.633156
1 3  0.644341
1 4  0.630187
1 5  0.643764
1 6  0.649057
1 7  0.612089
1 8  0.607385
1 9  0.605768
1 10  0.601531
1 11  0.624670
1 12  0.614737
1 13  0.583873
1 14  0.596721
1 15  0.622264
1 16  0.631784
1 17  0.605242
1 18  0.609503
1 19  0.609826
1 20  0.396232
1 21  0.633906
1 22  0.652617
1 23  0.615887
1 24  0.652931
1 25  0.624574
1 26  0.655277
2 3  0.636195
2 4  0.626636
2 5  0.642824
2 6  0.620651
2 7  0.631085
2 8  0.561970
2 9  0.560235
2 10  0.563040
2 11  0.609853
2 12  0.599934
2 13  0.588418
2 14  0.595127
2 15  0.605262
2 16  0.615261
2 17  0.560036
2 18  0.554951
2 19  0.554645
2 20  0.634550
2 21  0.384240
2 22  0.639145
2 23  0.634748
2 24  0.615983
2 25  0.625968
2 26  0.642008
3 4  0.623620
3 5  0.623784
3 6  0.655336
3 7  0.647507
3 8  0.610352
3 9  0.608746
3 10  0.604629
3 11  0.603107
3 12  0.614365
3 13  0.607734
3 14  0.614388
3 15  0.616626
3 16  0.609087
3 17  0.608457
3 18  0.612442
3 19  0.612821
3 20  0.651377
3 21  0.636948
3 22  0.422428
3 23  0.652887
3 24  0.658758
3 25  0.617470
3 26  0.623175
4 5  0.633949
4 6  0.645655
4 7  0.621289
4 8  0.600968
4 9  0.599359
4 10  0.595079
4 11  0.618129
4 12  0.606366
4 13  0.597626
4 14  0.602039
4 15  0.610199
4 16  0.619187
4 17  0.599125
4 18  0.602788
4 19  0.603318
4 20  0.627233
4 21  0.627415
4 22  0.620458
4 23  0.619404
4 24  0.645588
4 25  0.439382
4 26  0.629557
5 6  0.661339
5 7  0.649872
5 8  0.617027
5 9  0.615410
5 10  0.611331
5 11  0.628425
5 12  0.603856
5 13  0.614120
5 14  0.622020
5 15  0.618645
5 16  0.636859
5 17  0.615141
5 18  0.619064
5 19  0.619517
5 20  0.657272
5 21  0.643453
5 22  0.626316
5 23  0.659264
5 24  0.665686
5 25  0.628341
5 26  0.417873
6 7  0.638012
6 8  0.606506
6 9  0.602969
6 10  0.576295
6 11  0.629483
6 12  0.619463
6 13  0.585255
6 14  0.590038
6 15  0.625070
6 16  0.635162
6 17  0.573704
6 18  0.610028
6 19  0.611760
6 20  0.651805
6 21  0.614115
6 22  0.658677
6 23  0.643292
6 24  0.405665
6 25  0.641866
6 26  0.661926
7 8  0.606715
7 9  0.604854
7 10  0.600077
7 11  0.624969
7 12  0.614181
7 13  0.602961
7 14  0.608025
7 15  0.620762
7 16  0.631362
7 17  0.604872
7 18  0.607899
7 19  0.609021
7 20  0.613363
7 21  0.632167
7 22  0.652597
7 23  0.399263
7 24  0.642971
7 25  0.616326
7 26  0.655682
8 9  0.516194
8 10  0.552242
8 11  0.584008
8 12  0.574103
8 13  0.563472
8 14  0.569185
8 15  0.579629
8 16  0.589555
8 17  0.558848
8 18  0.514124
8 19  0.281332
8 20  0.608823
8 21  0.553876
8 22  0.613377
8 23  0.609953
8 24  0.612481
8 25  0.600189
8 26  0.616474
9 10  0.552984
9 11  0.582409
9 12  0.572502
9 13  0.561919
9 14  0.568357
9 15  0.577990
9 16  0.587952
9 17  0.559868
9 18  0.281625
9 19  0.513473
9 20  0.607315
9 21  0.551679
9 22  0.611809
9 23  0.607618
9 24  0.609865
9 25  0.598454
9 26  0.614838
10 11  0.578312
10 12  0.568407
10 13  0.553673
10 14  0.558691
10 15  0.573823
10 16  0.583678
10 17  0.275114
10 18  0.559682
10 19  0.557809
10 20  0.602696
10 21  0.556813
10 22  0.607420
10 23  0.604288
10 24  0.573494
10 25  0.594476
10 26  0.610531
11 12  0.549200
11 13  0.582912
11 14  0.589090
11 15  0.554503
11 16  0.299197
11 17  0.582181
11 18  0.586087
11 19  0.586488
11 20  0.627798
11 21  0.610568
11 22  0.608115
11 23  0.629244
11 24  0.632829
11 25  0.613138
11 26  0.631392
12 13  0.573129
12 14  0.579717
12 15  0.290349
12 16  0.554997
12 17  0.572313
12 18  0.576143
12 19  0.576580
12 20  0.618246
12 21  0.600584
12 22  0.615097
12 23  0.618568
12 24  0.622761
12 25  0.603598
12 26  0.612669
13 14  0.274896
13 15  0.578823
13 16  0.588242
13 17  0.556505
13 18  0.565641
13 19  0.565385
13 20  0.592233
13 21  0.589754
13 22  0.611059
13 23  0.605537
13 24  0.586694
13 25  0.594755
13 26  0.615061
14 15  0.584949
14 16  0.594745
14 17  0.563938
14 18  0.571978
14 19  0.572435
14 20  0.589418
14 21  0.595156
14 22  0.616841
14 23  0.612535
14 24  0.593298
14 25  0.602981
14 26  0.619644
15 16  0.558120
15 17  0.577893
15 18  0.581704
15 19  0.582102
15 20  0.621401
15 21  0.606242
15 22  0.622833
15 23  0.622765
15 24  0.628138
15 25  0.610767
15 26  0.606687
16 17  0.587825
16 18  0.591642
16 19  0.592036
16 20  0.631463
16 21  0.616190
16 22  0.610405
16 23  0.633636
16 24  0.638217
16 25  0.622471
16 26  0.633706
17 18  0.559381
17 19  0.558172
17 20  0.607039
17 21  0.566642
17 22  0.611651
17 23  0.606816
17 24  0.583252
17 25  0.598358
17 26  0.614735
18 19  0.521437
18 20  0.610942
18 21  0.564240
18 22  0.615472
18 23  0.611783
18 24  0.609274
18 25  0.602364
18 26  0.618518
19 20  0.611363
19 21  0.565559
19 22  0.615878
19 23  0.612492
19 24  0.611057
19 25  0.602769
19 26  0.618935
20 21  0.635423
20 22  0.648397
20 23  0.614844
20 24  0.653896
20 25  0.630996
20 26  0.643953
21 22  0.640028
21 23  0.634798
21 24  0.624952
21 25  0.626740
21 26  0.643043
22 23  0.653034
22 24  0.661467
22 25  0.627311
22 26  0.624228
23 24  0.643665
23 25  0.625135
23 26  0.652579
24 25  0.647988
24 26  0.663884
25 26  0.632922
