   -993.89036851
   -994.21271042
0.00000009709346
2 2 2 2 2 2 2 2 2 2 2 2 2 0 0 0 0 0 0 0 0 0 0 0 0 0 
1  0.327592
2  0.309197
3  0.329978
4  0.320804
5  0.336779
6  0.329989
7  0.327239
8  0.282811
9  0.281354
10  0.277700
11  0.303183
12  0.293289
13  0.283662
14  0.290178
15  0.298872
16  0.308800
17  0.281663
18  0.285089
19  0.285319
20  0.329031
21  0.309960
22  0.333016
23  0.330594
24  0.333142
25  0.320065
26  0.336175
1 2  0.636656
1 3  0.648454
1 4  0.634634
1 5  0.647678
1 6  0.653534
1 7  0.617214
1 8  0.610353
1 9  0.608877
1 10  0.605084
1 11  0.628397
1 12  0.618461
1 13  0.587828
1 14  0.601154
1 15  0.626131
1 16  0.635612
1 17  0.608810
1 18  0.612668
1 19  0.612806
1 20  0.400749
1 21  0.637378
1 22  0.656864
1 23  0.621041
1 24  0.657354
1 25  0.628958
1 26  0.659441
2 3  0.639164
2 4  0.629796
2 5  0.645918
2 6  0.623764
2 7  0.634785
2 8  0.563695
2 9  0.562034
2 10  0.565277
2 11  0.612377
2 12  0.602461
2 13  0.591630
2 14  0.598477
2 15  0.607777
2 16  0.617812
2 17  0.562327
2 18  0.556842
2 19  0.556391
2 20  0.637998
2 21  0.386636
2 22  0.642100
2 23  0.638520
2 24  0.619119
2 25  0.629085
2 26  0.645007
3 4  0.627248
3 5  0.627691
3 6  0.659262
3 7  0.651795
3 8  0.612781
3 9  0.611310
3 10  0.607638
3 11  0.606171
3 12  0.617637
3 13  0.611624
3 14  0.618458
3 15  0.619996
3 16  0.612414
3 17  0.611408
3 18  0.615065
3 19  0.615282
3 20  0.655581
3 21  0.639892
3 22  0.426201
3 23  0.657290
3 24  0.662652
3 25  0.621130
3 26  0.627090
4 5  0.638001
4 6  0.649798
4 7  0.625625
4 8  0.603608
4 9  0.602140
4 10  0.598278
4 11  0.621560
4 12  0.609775
4 13  0.601774
4 14  0.606406
4 15  0.613769
4 16  0.622715
4 17  0.602337
4 18  0.605598
4 19  0.605983
4 20  0.631643
4 21  0.630576
4 22  0.624147
4 23  0.623888
4 24  0.649685
4 25  0.443607
4 26  0.633539
5 6  0.665366
5 7  0.654355
5 8  0.619563
5 9  0.618087
5 10  0.614460
5 11  0.631803
5 12  0.606882
5 13  0.618091
5 14  0.626232
5 15  0.621953
5 16  0.640322
5 17  0.618274
5 18  0.621798
5 19  0.622097
5 20  0.661428
5 21  0.646476
5 22  0.630252
5 23  0.663872
5 24  0.669698
5 25  0.632334
5 26  0.421661
6 7  0.642442
6 8  0.609114
6 9  0.605714
6 10  0.579580
6 11  0.632982
6 12  0.622945
6 13  0.589433
6 14  0.594455
6 15  0.628653
6 16  0.638763
6 17  0.577013
6 18  0.612912
6 19  0.614460
6 20  0.656255
6 21  0.617273
6 22  0.662631
6 23  0.647994
6 24  0.409962
6 25  0.645980
6 26  0.665968
7 8  0.609944
7 9  0.608200
7 10  0.603826
7 11  0.628937
7 12  0.618115
7 13  0.607731
7 14  0.612954
7 15  0.624868
7 16  0.635464
7 17  0.608661
7 18  0.611305
7 19  0.612291
7 20  0.618458
7 21  0.635935
7 22  0.657015
7 23  0.404437
7 24  0.647627
7 25  0.620719
7 26  0.660280
8 9  0.517578
8 10  0.553937
8 11  0.585990
8 12  0.576092
8 13  0.566167
8 14  0.571945
8 15  0.581682
8 16  0.591602
8 17  0.560574
8 18  0.515579
8 19  0.282589
8 20  0.611711
8 21  0.555591
8 22  0.615790
8 23  0.613179
8 24  0.615088
8 25  0.602756
8 26  0.618977
9 10  0.554798
9 11  0.584532
9 12  0.574629
9 13  0.564764
9 14  0.571328
9 15  0.580156
9 16  0.590143
9 17  0.561720
9 18  0.283173
9 19  0.514898
9 20  0.610376
9 21  0.553515
9 22  0.614368
9 23  0.610966
9 24  0.612628
9 25  0.601152
9 26  0.617474
10 11  0.580878
10 12  0.570982
10 13  0.556897
10 14  0.562120
10 15  0.576434
10 16  0.586249
10 17  0.277335
10 18  0.561576
10 19  0.559574
10 20  0.606214
10 21  0.559052
10 22  0.610357
10 23  0.608067
10 24  0.576766
10 25  0.597614
10 26  0.613616
11 12  0.552130
11 13  0.586369
11 14  0.592695
11 15  0.557557
11 16  0.302061
11 17  0.584701
11 18  0.588257
11 19  0.588502
11 20  0.631515
11 21  0.613038
11 22  0.611361
11 23  0.633267
11 24  0.636291
11 25  0.616548
11 26  0.634745
12 13  0.576635
12 14  0.583399
12 15  0.293196
12 16  0.558056
12 17  0.574868
12 18  0.578296
12 19  0.578600
12 20  0.621997
12 21  0.603031
12 22  0.618385
12 23  0.622588
12 24  0.626222
12 25  0.607043
12 26  0.615951
13 14  0.279009
13 15  0.582445
13 16  0.591779
13 17  0.559816
13 18  0.568539
13 19  0.568051
13 20  0.596545
13 21  0.592955
13 22  0.615009
13 23  0.610326
13 24  0.590938
13 25  0.598924
13 26  0.619121
14 15  0.588630
14 16  0.598395
14 17  0.567291
14 18  0.575001
14 19  0.575289
14 20  0.593414
14 21  0.598450
14 22  0.620829
14 23  0.617419
14 24  0.597514
14 25  0.607177
14 26  0.623707
15 16  0.561193
15 17  0.580528
15 18  0.583940
15 19  0.584179
15 20  0.625129
15 21  0.608802
15 22  0.626143
15 23  0.626743
15 24  0.631619
15 25  0.614183
15 26  0.609747
16 17  0.590459
16 18  0.593881
16 19  0.594115
16 20  0.635195
16 21  0.618757
16 22  0.613489
16 23  0.637684
16 24  0.641711
16 25  0.625883
16 26  0.637075
17 18  0.561254
17 19  0.559902
17 20  0.610546
17 21  0.568858
17 22  0.614648
17 23  0.610513
17 24  0.586488
17 25  0.601493
17 26  0.617819
18 19  0.522897
18 20  0.614048
18 21  0.566063
18 22  0.618071
18 23  0.615159
18 24  0.611992
18 25  0.605126
18 26  0.621203
19 20  0.614309
19 21  0.567296
19 22  0.618322
19 23  0.615729
19 24  0.613618
19 25  0.605367
19 26  0.621459
20 21  0.638847
20 22  0.652452
20 23  0.619885
20 24  0.658261
20 25  0.635323
20 26  0.647765
21 22  0.642960
21 23  0.638451
21 24  0.627982
21 25  0.629808
21 26  0.646068
22 23  0.657278
22 24  0.665317
22 25  0.630917
22 26  0.628110
23 24  0.648009
23 25  0.629426
23 26  0.657019
24 25  0.651980
24 26  0.667784
25 26  0.636864
