   -993.89629319
   -994.20526081
0.00012795810400
2 2 2 2 2 2 2 2 2 2 2 2 2 0 0 0 0 0 0 0 0 0 0 0 0 0 
1  0.261012
2  0.257646
3  0.260854
4  0.276525
5  0.273562
6  0.257933
7  0.273653
8  0.276738
9  0.293895
10  0.294128
11  0.289738
12  0.292162
13  0.291493
14  0.266106
15  0.262113
16  0.266040
17  0.278551
18  0.276311
19  0.262465
20  0.276415
21  0.278722
22  0.291021
23  0.294763
24  0.293477
25  0.293424
26  0.294871
1 2  0.514279
1 3  0.519661
1 4  0.537369
1 5  0.534494
1 6  0.518875
1 7  0.534612
1 8  0.537730
1 9  0.554718
1 10  0.553913
1 11  0.527286
1 12  0.527873
1 13  0.549408
1 14  0.252133
1 15  0.518711
1 16  0.526421
1 17  0.539034
1 18  0.536979
1 19  0.523172
1 20  0.537205
1 21  0.539701
1 22  0.521934
1 23  0.554887
1 24  0.522177
1 25  0.552538
1 26  0.555501
2 3  0.518432
2 4  0.528802
2 5  0.527816
2 6  0.515531
2 7  0.531298
2 8  0.534384
2 9  0.551529
2 10  0.532343
2 11  0.546133
2 12  0.528093
2 13  0.549010
2 14  0.518967
2 15  0.241025
2 16  0.523529
2 17  0.532758
2 18  0.533162
2 19  0.520108
2 20  0.534004
2 21  0.536341
2 22  0.548162
2 23  0.552306
2 24  0.522056
2 25  0.550405
2 26  0.525882
3 4  0.537359
3 5  0.534367
3 6  0.514306
3 7  0.534427
3 8  0.537420
3 9  0.553511
3 10  0.554801
3 11  0.527084
3 12  0.549937
3 13  0.527084
3 14  0.526376
3 15  0.522626
3 16  0.252374
3 17  0.539377
3 18  0.536951
3 19  0.518896
3 20  0.536924
3 21  0.539045
3 22  0.522023
3 23  0.555237
3 24  0.552388
3 25  0.521956
3 26  0.554843
4 5  0.502212
4 6  0.534457
4 7  0.550177
4 8  0.553262
4 9  0.570419
4 10  0.540293
4 11  0.566229
4 12  0.566790
4 13  0.568010
4 14  0.541870
4 15  0.535001
4 16  0.542534
4 17  0.270579
4 18  0.498911
4 19  0.538970
4 20  0.552939
4 21  0.555246
4 22  0.567219
4 23  0.571272
4 24  0.569380
4 25  0.569940
4 26  0.532133
5 6  0.531494
5 7  0.547215
5 8  0.550299
5 9  0.567457
5 10  0.538474
5 11  0.563075
5 12  0.562280
5 13  0.565046
5 14  0.539423
5 15  0.534754
5 16  0.539330
5 17  0.499105
5 18  0.268903
5 19  0.535969
5 20  0.549978
5 21  0.552282
5 22  0.563772
5 23  0.568312
5 24  0.565627
5 25  0.566968
5 26  0.529256
6 7  0.528203
6 8  0.529289
6 9  0.532407
6 10  0.552047
6 11  0.546422
6 12  0.549949
6 13  0.527601
6 14  0.523872
6 15  0.520043
6 16  0.519178
6 17  0.536464
6 18  0.534196
6 19  0.241420
6 20  0.533550
6 21  0.533220
6 22  0.548434
6 23  0.526079
6 24  0.550726
6 25  0.522161
6 26  0.552714
7 8  0.502460
7 9  0.538359
7 10  0.567781
7 11  0.563163
7 12  0.565803
7 13  0.561699
7 14  0.539487
7 15  0.535717
7 16  0.539445
7 17  0.552203
7 18  0.549964
7 19  0.535199
7 20  0.268897
7 21  0.499294
7 22  0.563882
7 23  0.529256
7 24  0.567110
7 25  0.565679
7 26  0.568512
8 9  0.540280
8 10  0.570866
8 11  0.566442
8 12  0.568891
8 13  0.566340
8 14  0.542810
8 15  0.538833
8 16  0.541996
8 17  0.555290
8 18  0.553048
8 19  0.535563
8 20  0.499170
8 21  0.270725
8 22  0.567422
8 23  0.532192
8 24  0.570207
8 25  0.569532
8 26  0.571594
9 10  0.588016
9 11  0.581995
9 12  0.586046
9 13  0.574871
9 14  0.559097
9 15  0.555913
9 16  0.559389
9 17  0.572431
9 18  0.570193
9 19  0.530346
9 20  0.531963
9 21  0.532022
9 22  0.584205
9 23  0.357561
9 24  0.586987
9 25  0.568409
9 26  0.588767
10 11  0.582264
10 12  0.575721
10 13  0.585612
10 14  0.559689
10 15  0.530240
10 16  0.559254
10 17  0.532053
10 18  0.532050
10 19  0.556472
10 20  0.570525
10 21  0.572827
10 22  0.584432
10 23  0.588891
10 24  0.568601
10 25  0.587199
10 26  0.357838
11 12  0.568583
11 13  0.567898
11 14  0.525755
11 15  0.551344
11 16  0.525696
11 17  0.567948
11 18  0.565313
11 19  0.551723
11 20  0.565414
11 21  0.568118
11 22  0.349653
11 23  0.583703
11 24  0.561590
11 25  0.561316
11 26  0.583831
12 13  0.582587
12 14  0.526023
12 15  0.523930
12 16  0.555926
12 17  0.570184
12 18  0.566883
12 19  0.553907
12 20  0.568568
12 21  0.570870
12 22  0.561477
12 23  0.586569
12 24  0.349122
12 25  0.585384
12 26  0.569075
13 14  0.555272
13 15  0.552889
13 16  0.525436
13 17  0.570037
13 18  0.567789
13 19  0.523576
13 20  0.566339
13 21  0.569687
13 22  0.561172
13 23  0.568386
13 24  0.584764
13 25  0.348716
13 26  0.585982
14 15  0.523457
14 16  0.528441
14 17  0.544546
14 18  0.542317
14 19  0.528454
14 20  0.542462
14 21  0.544795
14 22  0.532444
14 23  0.560587
14 24  0.533415
14 25  0.556115
14 26  0.559364
15 16  0.528039
15 17  0.534818
15 18  0.534037
15 19  0.524527
15 20  0.538528
15 21  0.540834
15 22  0.551183
15 23  0.556868
15 24  0.533168
15 25  0.555411
15 26  0.536609
16 17  0.544556
16 18  0.542288
16 19  0.523599
16 20  0.542353
16 21  0.544649
16 22  0.532728
16 23  0.559217
16 24  0.556004
16 25  0.533098
16 26  0.560631
17 18  0.506251
17 19  0.541016
17 20  0.554966
17 21  0.557272
17 22  0.569500
17 23  0.573314
17 24  0.569454
17 25  0.571962
17 26  0.543315
18 19  0.538776
18 20  0.552725
18 21  0.555032
18 22  0.567066
18 23  0.571074
18 24  0.565809
18 25  0.569718
18 26  0.541385
19 20  0.534487
19 21  0.535334
19 22  0.551587
19 23  0.536869
19 24  0.555807
19 25  0.533310
19 26  0.557328
20 21  0.506469
20 22  0.567177
20 23  0.541393
20 24  0.569876
20 25  0.565859
20 26  0.571287
21 22  0.569672
21 23  0.543363
21 24  0.572184
21 25  0.569572
21 26  0.573593
22 23  0.583875
22 24  0.571501
22 25  0.571736
22 26  0.583989
23 24  0.588214
23 25  0.577788
23 26  0.589633
24 25  0.585411
24 26  0.577938
25 26  0.588269
