   -993.89629319
   -994.20806024
0.00003711658640
2 2 2 2 2 2 2 2 2 2 2 2 2 0 0 0 0 0 0 0 0 0 0 0 0 0 
1  0.267377
2  0.263812
3  0.267434
4  0.279566
5  0.276676
6  0.264111
7  0.276741
8  0.279762
9  0.299383
10  0.299661
11  0.297646
12  0.299991
13  0.299504
14  0.272719
15  0.268441
16  0.272721
17  0.281836
18  0.279798
19  0.268828
20  0.279868
21  0.281999
22  0.298554
23  0.300161
24  0.301120
25  0.300898
26  0.300316
1 2  0.526535
1 3  0.532111
1 4  0.546745
1 5  0.543945
1 6  0.531395
1 7  0.544043
1 8  0.547100
1 9  0.566576
1 10  0.565492
1 11  0.540998
1 12  0.541601
1 13  0.563468
1 14  0.263740
1 15  0.531390
1 16  0.539372
1 17  0.548484
1 18  0.546849
1 19  0.535861
1 20  0.546907
1 21  0.549345
1 22  0.535609
1 23  0.566542
1 24  0.536047
1 25  0.566349
1 26  0.567231
2 3  0.531153
2 4  0.537561
2 5  0.536628
2 6  0.527855
2 7  0.540550
2 8  0.543573
2 9  0.563171
2 10  0.543553
2 11  0.559840
2 12  0.541637
2 13  0.563143
2 14  0.531752
2 15  0.251787
2 16  0.536317
2 17  0.542079
2 18  0.542689
2 19  0.532632
2 20  0.543600
2 21  0.545788
2 22  0.561799
2 23  0.563823
2 24  0.535652
2 25  0.563933
2 26  0.537156
3 4  0.546962
3 5  0.544036
3 6  0.526838
3 7  0.544068
3 8  0.546996
3 9  0.565271
3 10  0.566909
3 11  0.541172
3 12  0.564019
3 13  0.541133
3 14  0.539425
3 15  0.535529
3 16  0.263739
3 17  0.549237
3 18  0.546887
3 19  0.531804
3 20  0.546970
3 21  0.548679
3 22  0.535868
3 23  0.567130
3 24  0.566601
3 25  0.535855
3 26  0.566750
4 5  0.508658
4 6  0.543675
4 7  0.556306
4 8  0.559328
4 9  0.578947
4 10  0.548453
4 11  0.577154
4 12  0.577285
4 13  0.579056
4 14  0.551497
4 15  0.544230
4 16  0.552259
4 17  0.277103
4 18  0.505784
4 19  0.548375
4 20  0.559431
4 21  0.561564
4 22  0.577769
4 23  0.579709
4 24  0.580015
4 25  0.580443
4 26  0.540528
5 6  0.540783
5 7  0.553416
5 8  0.556437
5 9  0.576058
5 10  0.546704
5 11  0.574070
5 12  0.572862
5 13  0.576162
5 14  0.549078
5 15  0.544073
5 16  0.549074
5 17  0.505821
5 18  0.275599
5 19  0.545424
5 20  0.556544
5 21  0.558672
5 22  0.574312
5 23  0.576822
5 24  0.576390
5 25  0.577551
5 26  0.537722
6 7  0.536988
6 8  0.538050
6 9  0.543581
6 10  0.563747
6 11  0.560127
6 12  0.563923
6 13  0.541323
6 14  0.536606
6 15  0.532543
6 16  0.532020
6 17  0.545923
6 18  0.543827
6 19  0.252241
6 20  0.543056
6 21  0.542544
6 22  0.562093
6 23  0.537319
6 24  0.564453
6 25  0.535604
6 26  0.564280
7 8  0.508874
7 9  0.546509
7 10  0.576401
7 11  0.574136
7 12  0.576715
7 13  0.572445
7 14  0.549153
7 15  0.545109
7 16  0.549140
7 17  0.558575
7 18  0.556539
7 19  0.544530
7 20  0.275531
7 21  0.505983
7 22  0.574390
7 23  0.537654
7 24  0.577841
7 25  0.576253
7 26  0.577044
8 9  0.548363
8 10  0.579422
8 11  0.577352
8 12  0.579740
8 13  0.576991
8 14  0.552456
8 15  0.548185
8 16  0.551667
8 17  0.561598
8 18  0.559558
8 19  0.544812
8 20  0.505999
8 21  0.277245
8 22  0.577960
8 23  0.540519
8 24  0.580861
8 25  0.579983
8 26  0.580060
9 10  0.599035
9 11  0.595260
9 12  0.599357
9 13  0.587673
9 14  0.571119
9 15  0.567657
9 16  0.571522
9 17  0.581197
9 18  0.579151
9 19  0.541861
9 20  0.540533
9 21  0.540485
9 22  0.597255
9 23  0.368740
9 24  0.600016
9 25  0.580919
9 26  0.599696
10 11  0.595548
10 12  0.588384
10 13  0.599148
10 14  0.571792
10 15  0.541743
10 16  0.571391
10 17  0.540583
10 18  0.540711
10 19  0.568307
10 20  0.579499
10 21  0.581635
10 22  0.597512
10 23  0.599820
10 24  0.581318
10 25  0.600075
10 26  0.369103
11 12  0.583471
11 13  0.583083
11 14  0.539942
11 15  0.565539
11 16  0.540070
11 17  0.579142
11 18  0.576513
11 19  0.565918
11 20  0.576570
11 21  0.579290
11 22  0.365750
11 23  0.597070
11 24  0.576369
11 25  0.576116
11 26  0.597228
12 13  0.598182
12 14  0.540331
12 15  0.537879
12 16  0.570381
12 17  0.581210
12 18  0.578120
12 19  0.567943
12 20  0.579847
12 21  0.581964
12 22  0.576321
12 23  0.599807
12 24  0.365159
12 25  0.600641
12 26  0.581574
13 14  0.569877
13 15  0.567108
13 16  0.539903
13 17  0.581317
13 18  0.579288
13 19  0.537723
13 20  0.577719
13 21  0.580887
13 22  0.576127
13 23  0.581000
13 24  0.600371
13 25  0.364599
13 26  0.599477
14 15  0.536031
14 16  0.541413
14 17  0.554432
14 18  0.552376
14 19  0.541412
14 20  0.552481
14 21  0.554660
14 22  0.546124
14 23  0.572589
14 24  0.547184
14 25  0.569679
14 26  0.571020
15 16  0.541030
15 17  0.544000
15 18  0.543288
15 19  0.537207
15 20  0.548307
15 21  0.550438
15 22  0.564689
15 23  0.568591
15 24  0.546718
15 25  0.569191
15 26  0.547703
16 17  0.554498
16 18  0.552408
16 19  0.536345
16 20  0.552450
16 21  0.554592
16 22  0.546388
16 23  0.570873
16 24  0.569840
16 25  0.546813
16 26  0.572735
17 18  0.513252
17 19  0.550662
17 20  0.561703
17 21  0.563834
17 22  0.580298
17 23  0.581996
17 24  0.579906
17 25  0.582715
17 26  0.551804
18 19  0.548624
18 20  0.559665
18 21  0.561795
18 22  0.578025
18 23  0.579959
18 24  0.576628
18 25  0.580668
18 26  0.550002
19 20  0.543732
19 21  0.544548
19 22  0.565100
19 23  0.547964
19 24  0.569786
19 25  0.546731
19 26  0.569132
20 21  0.513443
20 22  0.578108
20 23  0.549933
20 24  0.580959
20 25  0.576475
20 26  0.580185
21 22  0.580466
21 23  0.551785
21 24  0.583098
21 25  0.579844
21 26  0.582314
22 23  0.596645
22 24  0.586031
22 25  0.586131
22 26  0.596757
23 24  0.601249
23 25  0.589950
23 26  0.600476
24 25  0.600216
24 26  0.590295
25 26  0.601182
