   -993.89629319
   -994.20917652
0.00001313197150
2 2 2 2 2 2 2 2 2 2 2 2 2 0 0 0 0 0 0 0 0 0 0 0 0 0 
1  0.270920
2  0.266663
3  0.270958
4  0.281194
5  0.278455
6  0.266944
7  0.278532
8  0.281387
9  0.301993
10  0.302287
11  0.302294
12  0.304168
13  0.303623
14  0.276357
15  0.271330
16  0.276383
17  0.283492
18  0.281645
19  0.271706
20  0.281707
21  0.283646
22  0.303019
23  0.302767
24  0.305163
25  0.304922
26  0.302933
1 2  0.532612
1 3  0.539006
1 4  0.551896
1 5  0.549246
1 6  0.537754
1 7  0.549337
1 8  0.552249
1 9  0.572692
1 10  0.571510
1 11  0.548915
1 12  0.549192
1 13  0.570804
1 14  0.270249
1 15  0.537747
1 16  0.546504
1 17  0.553599
1 18  0.552200
1 19  0.542238
1 20  0.552256
1 21  0.554531
1 22  0.543599
1 23  0.572656
1 24  0.543663
1 25  0.573854
1 26  0.573339
2 3  0.537511
2 4  0.541784
2 5  0.541085
2 6  0.533519
2 7  0.545189
2 8  0.548048
2 9  0.568623
2 10  0.548867
2 11  0.567190
2 12  0.548466
2 13  0.570083
2 14  0.538132
2 15  0.257000
2 16  0.542796
2 17  0.546526
2 18  0.547317
2 19  0.538359
2 20  0.548219
2 21  0.550256
2 22  0.569073
2 23  0.569263
2 24  0.542546
2 25  0.570745
2 26  0.542599
3 4  0.552095
3 5  0.549300
3 6  0.532877
3 7  0.549360
3 8  0.552122
3 9  0.571254
3 10  0.573026
3 11  0.549116
3 12  0.571369
3 13  0.548643
3 14  0.546525
3 15  0.541905
3 16  0.270282
3 17  0.554414
3 18  0.552227
3 19  0.538130
3 20  0.552295
3 21  0.553763
3 22  0.543807
3 23  0.573209
3 24  0.574095
3 25  0.543436
3 26  0.572851
4 5  0.512273
4 6  0.548136
4 7  0.559724
4 8  0.562580
4 9  0.583185
4 10  0.552628
4 11  0.583415
4 12  0.582919
4 13  0.584798
4 14  0.556686
4 15  0.548630
4 16  0.557542
4 17  0.280268
4 18  0.509475
4 19  0.552886
4 20  0.562893
4 21  0.564838
4 22  0.583826
4 23  0.583936
4 24  0.585638
4 25  0.586093
4 26  0.544757
5 6  0.545393
5 7  0.556985
5 8  0.559840
5 9  0.580447
5 10  0.550938
5 11  0.580456
5 12  0.578552
5 13  0.582050
5 14  0.554461
5 15  0.548672
5 16  0.554430
5 17  0.509474
5 18  0.279084
5 19  0.550072
5 20  0.560162
5 21  0.562099
5 22  0.580503
5 23  0.581199
5 24  0.582153
5 25  0.583350
5 26  0.542077
6 7  0.541441
6 8  0.542254
6 9  0.548873
6 10  0.569198
6 11  0.567467
6 12  0.570906
6 13  0.548075
6 14  0.543052
6 15  0.538265
6 16  0.538415
6 17  0.550382
6 18  0.548436
6 19  0.257432
6 20  0.547660
6 21  0.546967
6 22  0.569350
6 23  0.542735
6 24  0.571260
6 25  0.542471
6 26  0.569711
7 8  0.512494
7 9  0.550738
7 10  0.580818
7 11  0.580536
7 12  0.582673
7 13  0.578089
7 14  0.554488
7 15  0.549776
7 16  0.554554
7 17  0.562022
7 18  0.560177
7 19  0.549129
7 20  0.279023
7 21  0.509639
7 22  0.580597
7 23  0.542007
7 24  0.583670
7 25  0.582008
7 26  0.581442
8 9  0.552518
8 10  0.583673
8 11  0.583609
8 12  0.585537
8 13  0.582570
8 14  0.557709
8 15  0.552703
8 16  0.556875
8 17  0.564878
8 18  0.563024
8 19  0.549196
8 20  0.509676
8 21  0.280398
8 22  0.584011
8 23  0.544736
8 24  0.586526
8 25  0.585585
8 26  0.584294
9 10  0.604268
9 11  0.602315
9 12  0.606140
9 13  0.594042
9 14  0.577311
9 15  0.573127
9 16  0.577754
9 17  0.585448
9 18  0.583580
9 19  0.547329
9 20  0.544897
9 21  0.544683
9 22  0.604325
9 23  0.373853
9 24  0.606653
9 25  0.587378
9 26  0.604923
10 11  0.602601
10 12  0.594829
10 13  0.605890
10 14  0.578016
10 15  0.547238
10 16  0.577619
10 17  0.544812
10 18  0.545102
10 19  0.573786
10 20  0.583937
10 21  0.585895
10 22  0.604600
10 23  0.605053
10 24  0.587811
10 25  0.606701
10 26  0.374228
11 12  0.591850
11 13  0.591442
11 14  0.548144
11 15  0.573018
11 16  0.548329
11 17  0.585416
11 18  0.582974
11 19  0.573383
11 20  0.583029
11 21  0.585559
11 22  0.374414
11 23  0.604298
11 24  0.584793
11 25  0.584524
11 26  0.604466
12 13  0.606307
12 14  0.548122
12 15  0.544915
12 16  0.578157
12 17  0.586991
12 18  0.584112
12 19  0.574963
12 20  0.585862
12 21  0.587795
12 22  0.584699
12 23  0.606550
12 24  0.372933
12 25  0.608802
12 26  0.588157
13 14  0.577601
13 15  0.574064
13 16  0.547665
13 17  0.587098
13 18  0.585254
13 19  0.544696
13 20  0.583648
13 21  0.586602
13 22  0.584427
13 23  0.587511
13 24  0.608498
13 25  0.372319
13 26  0.606171
14 15  0.542282
14 16  0.548543
14 17  0.559712
14 18  0.557838
14 19  0.547903
14 20  0.557908
14 21  0.559918
14 22  0.554029
14 23  0.578788
14 24  0.554742
14 25  0.577054
14 26  0.577096
15 16  0.547555
15 17  0.548318
15 18  0.547804
15 19  0.542953
15 20  0.553029
15 21  0.554969
15 22  0.571874
15 23  0.574082
15 24  0.553478
15 25  0.576085
15 26  0.552969
16 17  0.559791
16 18  0.557872
16 19  0.542599
16 20  0.557928
16 21  0.559888
16 22  0.554269
16 23  0.576959
16 24  0.577248
16 25  0.554391
16 26  0.578973
17 18  0.516960
17 19  0.555190
17 20  0.565196
17 21  0.567136
17 22  0.586402
17 23  0.586257
17 24  0.585354
17 25  0.588389
17 26  0.556073
18 19  0.553341
18 20  0.563349
18 21  0.565288
18 22  0.584299
18 23  0.584411
18 24  0.582242
18 25  0.586521
18 26  0.554342
19 20  0.548233
19 21  0.548846
19 22  0.572252
19 23  0.553209
19 24  0.576687
19 25  0.553476
19 26  0.574624
20 21  0.517136
20 22  0.584375
20 23  0.554258
20 24  0.586824
20 25  0.582062
20 26  0.584639
21 22  0.586561
21 23  0.556041
21 24  0.588784
21 25  0.585270
21 26  0.586577
22 23  0.603481
22 24  0.594205
22 25  0.594252
22 26  0.603618
23 24  0.607891
23 25  0.596198
23 26  0.605695
24 25  0.608125
24 26  0.596574
25 26  0.607814
