   -993.89629319
   -994.20952427
0.00000004203729
2 2 2 2 2 2 2 2 2 2 2 2 2 0 0 0 0 0 0 0 0 0 0 0 0 0 
1  0.272209
2  0.267630
3  0.272259
4  0.281667
5  0.279014
6  0.267910
7  0.279094
8  0.281862
9  0.302835
10  0.303130
11  0.303849
12  0.305518
13  0.304970
14  0.277697
15  0.272315
16  0.277725
17  0.284004
18  0.282251
19  0.272694
20  0.282315
21  0.284157
22  0.304522
23  0.303575
24  0.306447
25  0.306203
26  0.303743
1 2  0.534804
1 3  0.541503
1 4  0.553648
1 5  0.551090
1 6  0.540006
1 7  0.551161
1 8  0.553996
1 9  0.574815
1 10  0.573573
1 11  0.551666
1 12  0.551782
1 13  0.573355
1 14  0.272724
1 15  0.540028
1 16  0.549096
1 17  0.555327
1 18  0.554095
1 19  0.544514
1 20  0.554143
1 21  0.556334
1 22  0.546354
1 23  0.574711
1 24  0.546236
1 25  0.576421
1 26  0.575416
2 3  0.539776
2 4  0.543197
2 5  0.542570
2 6  0.535420
2 7  0.546717
2 8  0.549488
2 9  0.570429
2 10  0.550653
2 11  0.569641
2 12  0.550731
2 13  0.572379
2 14  0.540449
2 15  0.258896
2 16  0.545103
2 17  0.548014
2 18  0.548868
2 19  0.540309
2 20  0.549750
2 21  0.551724
2 22  0.571518
2 23  0.571039
2 24  0.544774
2 25  0.572936
2 26  0.544381
3 4  0.553851
3 5  0.551131
3 6  0.535075
3 7  0.551218
3 8  0.553887
3 9  0.573331
3 10  0.575160
3 11  0.551888
3 12  0.573930
3 13  0.551240
3 14  0.549122
3 15  0.544188
3 16  0.272768
3 17  0.556229
3 18  0.554122
3 19  0.540426
3 20  0.554203
3 21  0.555502
3 22  0.546567
3 23  0.575296
3 24  0.576683
3 25  0.546019
3 26  0.574916
4 5  0.513382
4 6  0.549573
4 7  0.560760
4 8  0.563528
4 9  0.584501
4 10  0.553965
4 11  0.585438
4 12  0.584686
4 13  0.586618
4 14  0.558424
4 15  0.550087
4 16  0.559357
4 17  0.281316
4 18  0.510641
4 19  0.554345
4 20  0.563969
4 21  0.565823
4 22  0.585807
4 23  0.585207
4 24  0.587380
4 25  0.587852
4 26  0.546070
5 6  0.546916
5 7  0.558107
5 8  0.560875
5 9  0.581848
5 10  0.552322
5 11  0.582559
5 12  0.580403
5 13  0.583947
5 14  0.556363
5 15  0.550200
5 16  0.556306
5 17  0.510623
5 18  0.280290
5 19  0.551594
5 20  0.561329
5 21  0.563168
5 22  0.582548
5 23  0.582552
5 24  0.583994
5 25  0.585185
5 26  0.543459
6 7  0.542927
6 8  0.543665
6 9  0.550655
6 10  0.571003
6 11  0.569918
6 12  0.573201
6 13  0.550334
6 14  0.545357
6 15  0.540210
6 16  0.540729
6 17  0.551850
6 18  0.549964
6 19  0.259330
6 20  0.549210
6 21  0.548452
6 22  0.571795
6 23  0.544513
6 24  0.573452
6 25  0.544696
6 26  0.571482
7 8  0.513609
7 9  0.552122
7 10  0.582222
7 11  0.582642
7 12  0.584574
7 13  0.579938
7 14  0.556365
7 15  0.551296
7 16  0.556461
7 17  0.563096
7 18  0.561345
7 19  0.550663
7 20  0.280230
7 21  0.510791
7 22  0.582645
7 23  0.543390
7 24  0.585512
7 25  0.583847
7 26  0.582799
8 9  0.553855
8 10  0.584990
8 11  0.585633
8 12  0.587360
8 13  0.584336
8 14  0.559524
8 15  0.554159
8 16  0.558616
8 17  0.565864
8 18  0.564099
8 19  0.550657
8 20  0.510846
8 21  0.281441
8 22  0.585993
8 23  0.546046
8 24  0.588289
8 25  0.587326
8 26  0.585568
9 10  0.605949
9 11  0.604646
9 12  0.608328
9 13  0.596129
9 14  0.579460
9 15  0.574946
9 16  0.579914
9 17  0.586788
9 18  0.585011
9 19  0.549146
9 20  0.546351
9 21  0.546051
9 22  0.606678
9 23  0.375643
9 24  0.608782
9 25  0.589448
9 26  0.606577
10 11  0.604932
10 12  0.596918
10 13  0.608076
10 14  0.580173
10 15  0.549051
10 16  0.579771
10 17  0.546180
10 18  0.546555
10 19  0.575610
10 20  0.585369
10 21  0.587234
10 22  0.606955
10 23  0.606704
10 24  0.589885
10 25  0.608829
10 26  0.376019
11 12  0.594592
11 13  0.594193
11 14  0.550997
11 15  0.575532
11 16  0.551194
11 17  0.587477
11 18  0.585112
11 19  0.575900
11 20  0.585168
11 21  0.587618
11 22  0.377588
11 23  0.606667
11 24  0.587524
11 25  0.587262
11 26  0.606838
12 13  0.608931
12 14  0.550771
12 15  0.547239
12 16  0.580852
12 17  0.588829
12 18  0.586064
12 19  0.577239
12 20  0.587818
12 21  0.589660
12 22  0.587451
12 23  0.608709
12 24  0.375701
12 25  0.611410
12 26  0.590258
13 14  0.580292
13 15  0.576334
13 16  0.550313
13 17  0.588961
13 18  0.587205
13 19  0.547023
13 20  0.585600
13 21  0.588437
13 22  0.587163
13 23  0.589610
13 24  0.611106
13 25  0.375080
13 26  0.608332
14 15  0.544544
14 16  0.551133
14 17  0.561557
14 18  0.559777
14 19  0.550226
14 20  0.559828
14 21  0.561751
14 22  0.556790
14 23  0.580921
14 24  0.557324
14 25  0.579586
14 26  0.579160
15 16  0.549876
15 17  0.549790
15 18  0.549344
15 19  0.544902
15 20  0.554617
15 21  0.556459
15 22  0.574278
15 23  0.575876
15 24  0.555701
15 25  0.578337
15 26  0.554730
16 17  0.561625
16 18  0.559791
16 19  0.544865
16 20  0.559870
16 21  0.561733
16 22  0.557015
16 23  0.579026
16 24  0.579788
16 25  0.556974
16 26  0.581111
17 18  0.518150
17 19  0.556685
17 20  0.566316
17 21  0.568159
17 22  0.588409
17 23  0.587577
17 24  0.587080
17 25  0.590181
17 26  0.557427
18 19  0.554931
18 20  0.564562
18 21  0.566405
18 22  0.586398
18 23  0.585825
18 24  0.584071
18 25  0.588394
18 26  0.555744
19 20  0.549778
19 21  0.550318
19 22  0.574656
19 23  0.554968
19 24  0.578943
19 25  0.555698
19 26  0.576423
20 21  0.518326
20 22  0.586476
20 23  0.555659
20 24  0.588702
20 25  0.583889
20 26  0.586057
21 22  0.588568
21 23  0.557390
21 24  0.590577
21 25  0.586991
21 26  0.587898
22 23  0.605722
22 24  0.596865
22 25  0.596903
22 26  0.605865
23 24  0.609977
23 25  0.598186
23 26  0.607311
24 25  0.610616
24 26  0.598569
25 26  0.609900
