  -1146.54309230
  -1146.90866745
0.00008999076290
2 2 2 2 2 2 2 2 2 2 2 2 2 2 2 0 0 0 0 0 0 0 0 0 0 0 0 0 0 0 
1  0.271221
2  0.264114
3  0.278785
4  0.285938
5  0.277011
6  0.321664
7  0.314504
8  0.310618
9  0.304442
10  0.310579
11  0.303695
12  0.308229
13  0.283098
14  0.281679
15  0.301451
16  0.282141
17  0.277679
18  0.280675
19  0.280435
20  0.291961
21  0.309472
22  0.307585
23  0.309362
24  0.305601
25  0.307647
26  0.321086
27  0.287323
28  0.305525
29  0.312265
30  0.280959
1 2  0.534795
1 3  0.545715
1 4  0.557124
1 5  0.548199
1 6  0.565523
1 7  0.585159
1 8  0.581115
1 9  0.565659
1 10  0.581625
1 11  0.564638
1 12  0.579247
1 13  0.554228
1 14  0.552874
1 15  0.566646
1 16  0.277876
1 17  0.548701
1 18  0.545711
1 19  0.551559
1 20  0.562844
1 21  0.580210
1 22  0.551678
1 23  0.580397
1 24  0.576480
1 25  0.577393
1 26  0.567167
1 27  0.558451
1 28  0.575603
1 29  0.583025
1 30  0.551908
2 3  0.542886
2 4  0.550046
2 5  0.541123
2 6  0.584896
2 7  0.559222
2 8  0.574672
2 9  0.554134
2 10  0.574664
2 11  0.563026
2 12  0.572318
2 13  0.544404
2 14  0.541025
2 15  0.560987
2 16  0.546037
2 17  0.255145
2 18  0.544767
2 19  0.544539
2 20  0.556075
2 21  0.573545
2 22  0.567077
2 23  0.554960
2 24  0.569431
2 25  0.548148
2 26  0.584862
2 27  0.546194
2 28  0.568557
2 29  0.576378
2 30  0.543557
3 4  0.564053
3 5  0.554565
3 6  0.576537
3 7  0.593274
3 8  0.585152
3 9  0.583135
3 10  0.587018
3 11  0.581026
3 12  0.565736
3 13  0.561874
3 14  0.560455
3 15  0.579980
3 16  0.556219
3 17  0.556366
3 18  0.272350
3 19  0.558889
3 20  0.568923
3 21  0.581739
3 22  0.586115
3 23  0.587977
3 24  0.578353
3 25  0.586320
3 26  0.567946
3 27  0.566108
3 28  0.583700
3 29  0.579689
3 30  0.559724
4 5  0.519468
4 6  0.606670
4 7  0.600440
4 8  0.588996
4 9  0.590364
4 10  0.574101
4 11  0.589595
4 12  0.589899
4 13  0.569036
4 14  0.567617
4 15  0.587386
4 16  0.567983
4 17  0.563502
4 18  0.566434
4 19  0.283357
4 20  0.523375
4 21  0.574595
4 22  0.593230
4 23  0.595264
4 24  0.586590
4 25  0.593346
4 26  0.606045
4 27  0.573255
4 28  0.591322
4 29  0.595294
4 30  0.566896
5 6  0.597935
5 7  0.591514
5 8  0.578234
5 9  0.581447
5 10  0.572996
5 11  0.580700
5 12  0.578176
5 13  0.560109
5 14  0.558690
5 15  0.578459
5 16  0.559038
5 17  0.554662
5 18  0.557123
5 19  0.514854
5 20  0.282270
5 21  0.555286
5 22  0.584510
5 23  0.586367
5 24  0.580642
5 25  0.584602
5 26  0.598024
5 27  0.564332
5 28  0.582513
5 29  0.588140
5 30  0.557969
6 7  0.635989
6 8  0.619625
6 9  0.621261
6 10  0.629536
6 11  0.613344
6 12  0.627379
6 13  0.604746
6 14  0.603322
6 15  0.621113
6 16  0.567999
6 17  0.597918
6 18  0.579456
6 19  0.601923
6 20  0.613389
6 21  0.627592
6 22  0.616893
6 23  0.630855
6 24  0.612256
6 25  0.626015
6 26  0.410320
6 27  0.608813
6 28  0.625499
6 29  0.632650
6 30  0.602519
7 8  0.625117
7 9  0.616229
7 10  0.625081
7 11  0.617338
7 12  0.622732
7 13  0.561327
7 14  0.562528
7 15  0.607160
7 16  0.595517
7 17  0.565377
7 18  0.594992
7 19  0.594938
7 20  0.606461
7 21  0.623953
7 22  0.618294
7 23  0.397989
7 24  0.620034
7 25  0.617076
7 26  0.635493
7 27  0.559389
7 28  0.615455
7 29  0.626759
7 30  0.549001
8 9  0.614864
8 10  0.595047
8 11  0.613662
8 12  0.581482
8 13  0.593715
8 14  0.592296
8 15  0.612030
8 16  0.592367
8 17  0.587835
8 18  0.589212
8 19  0.589820
8 20  0.599675
8 21  0.576964
8 22  0.617506
8 23  0.619818
8 24  0.434557
8 25  0.617572
8 26  0.625242
8 27  0.597908
8 28  0.615724
8 29  0.580778
8 30  0.591573
9 10  0.614935
9 11  0.579341
9 12  0.612617
9 13  0.587361
9 14  0.585978
9 15  0.571110
9 16  0.582384
9 17  0.571825
9 18  0.584844
9 19  0.584872
9 20  0.596399
9 21  0.613813
9 22  0.560981
9 23  0.612877
9 24  0.609596
9 25  0.459549
9 26  0.625090
9 27  0.591246
9 28  0.569491
9 29  0.616700
9 30  0.585001
10 11  0.613944
10 12  0.591923
10 13  0.593676
10 14  0.592257
10 15  0.612021
10 16  0.592686
10 17  0.587982
10 18  0.585911
10 19  0.560331
10 20  0.579619
10 21  0.477681
10 22  0.617858
10 23  0.619834
10 24  0.588041
10 25  0.617826
10 26  0.627524
10 27  0.597886
10 28  0.615835
10 29  0.580502
10 30  0.591537
11 12  0.611481
11 13  0.586420
11 14  0.584982
11 15  0.575869
11 16  0.571878
11 17  0.575014
11 18  0.583387
11 19  0.583873
11 20  0.595502
11 21  0.613148
11 22  0.499764
11 23  0.610198
11 24  0.608442
11 25  0.579935
11 26  0.605420
11 27  0.590765
11 28  0.558093
11 29  0.615681
11 30  0.584608
12 13  0.591326
12 14  0.589908
12 15  0.609654
12 16  0.590117
12 17  0.585779
12 18  0.566085
12 19  0.586667
12 20  0.595596
12 21  0.589958
12 22  0.615752
12 23  0.617521
12 24  0.569684
12 25  0.615769
12 26  0.623480
12 27  0.595545
12 28  0.613625
12 29  0.434638
12 30  0.589188
13 14  0.516671
13 15  0.582044
13 16  0.564543
13 17  0.559967
13 18  0.563669
13 19  0.563529
13 20  0.575055
13 21  0.592568
13 22  0.589950
13 23  0.552285
13 24  0.588698
13 25  0.590525
13 26  0.603851
13 27  0.512447
13 28  0.586881
13 29  0.595353
13 30  0.294477
14 15  0.581368
14 16  0.563585
14 17  0.555834
14 18  0.562311
14 19  0.562111
14 20  0.573639
14 21  0.591151
14 22  0.589159
14 23  0.544667
14 24  0.587270
14 25  0.588919
14 26  0.602534
14 27  0.294442
14 28  0.586544
14 29  0.593939
14 30  0.513613
15 16  0.578294
15 17  0.571717
15 18  0.581366
15 19  0.581864
15 20  0.593367
15 21  0.610882
15 22  0.578548
15 23  0.597395
15 24  0.607030
15 25  0.561453
15 26  0.620747
15 27  0.588548
15 28  0.452097
15 29  0.613667
15 30  0.581168
16 17  0.559186
16 18  0.558770
16 19  0.562564
16 20  0.574080
16 21  0.591362
16 22  0.568244
16 23  0.590842
16 24  0.585902
16 25  0.585831
16 26  0.577810
16 27  0.569430
16 28  0.581578
16 29  0.594306
16 30  0.562980
17 18  0.558301
17 19  0.558107
17 20  0.569638
17 21  0.587149
17 22  0.582568
17 23  0.566945
17 24  0.583224
17 25  0.563243
17 26  0.597907
17 27  0.559131
17 28  0.579484
17 29  0.589933
17 30  0.553582
18 19  0.559888
18 20  0.570884
18 21  0.584989
18 22  0.587602
18 23  0.590020
18 24  0.581708
18 25  0.588030
18 26  0.574149
18 27  0.567993
18 28  0.585830
18 29  0.573335
18 30  0.561630
19 20  0.527468
19 21  0.575715
19 22  0.587927
19 23  0.589795
19 24  0.578693
19 25  0.588034
19 26  0.600424
19 27  0.567758
19 28  0.585917
19 29  0.580411
19 30  0.561394
20 21  0.577770
20 22  0.599523
20 23  0.601322
20 24  0.592753
20 25  0.599594
20 26  0.612424
20 27  0.579285
20 28  0.597473
20 29  0.596108
20 30  0.572920
21 22  0.616954
21 23  0.618833
21 24  0.590323
21 25  0.617098
21 26  0.629126
21 27  0.596795
21 28  0.614971
21 29  0.594596
21 30  0.590430
22 23  0.614630
22 24  0.611778
22 25  0.587746
22 26  0.621106
22 27  0.594608
22 28  0.585539
22 29  0.619739
22 30  0.587688
23 24  0.614951
23 25  0.615275
23 26  0.629938
23 27  0.560666
23 28  0.605607
23 29  0.621626
23 30  0.557251
24 25  0.612775
24 26  0.614569
24 27  0.592922
24 28  0.610744
24 29  0.580499
24 30  0.586559
25 26  0.623504
25 27  0.594498
25 28  0.576215
25 29  0.619848
25 30  0.587439
26 27  0.608402
26 28  0.618542
26 29  0.629481
26 30  0.602026
27 28  0.592042
27 29  0.599588
27 30  0.519484
28 29  0.617736
28 30  0.584877
29 30  0.593223
