  -1146.54309230
  -1146.91045915
0.00002115795880
2 2 2 2 2 2 2 2 2 2 2 2 2 2 2 0 0 0 0 0 0 0 0 0 0 0 0 0 0 0 
1  0.275307
2  0.267468
3  0.283173
4  0.288619
5  0.279308
6  0.327809
7  0.317474
8  0.315685
9  0.308815
10  0.314638
11  0.308550
12  0.312319
13  0.285182
14  0.283364
15  0.306303
16  0.286559
17  0.281383
18  0.285212
19  0.282836
20  0.294428
21  0.312950
22  0.312486
23  0.312248
24  0.310546
25  0.312244
26  0.326956
27  0.289082
28  0.310573
29  0.316428
30  0.282915
1 2  0.542089
1 3  0.553927
1 4  0.563885
1 5  0.554575
1 6  0.575575
1 7  0.592117
1 8  0.590214
1 9  0.573528
1 10  0.589769
1 11  0.573507
1 12  0.587401
1 13  0.560371
1 14  0.558627
1 15  0.575203
1 16  0.285885
1 17  0.556484
1 18  0.554295
1 19  0.558026
1 20  0.569347
1 21  0.587750
1 22  0.560544
1 23  0.587292
1 24  0.585476
1 25  0.585976
1 26  0.577140
1 27  0.564256
1 28  0.584676
1 29  0.591272
1 30  0.557852
2 3  0.550618
2 4  0.556079
2 5  0.546773
2 6  0.594268
2 7  0.565259
2 8  0.583077
2 9  0.561154
2 10  0.582064
2 11  0.571033
2 12  0.579752
2 13  0.549746
2 14  0.545880
2 15  0.569127
2 16  0.553817
2 17  0.261653
2 18  0.552652
2 19  0.550272
2 20  0.561891
2 21  0.580362
2 22  0.575248
2 23  0.561183
2 24  0.577657
2 25  0.555870
2 26  0.593969
2 27  0.551207
2 28  0.576931
2 29  0.583893
2 30  0.548812
3 4  0.571033
3 5  0.561120
3 6  0.586903
3 7  0.600628
3 8  0.594528
3 9  0.591874
3 10  0.595328
3 11  0.590091
3 12  0.573088
3 13  0.568344
3 14  0.566526
3 15  0.589186
3 16  0.564988
3 17  0.564448
3 18  0.280515
3 19  0.565659
3 20  0.575681
3 21  0.589509
3 22  0.595384
3 23  0.595195
3 24  0.587729
3 25  0.595290
3 26  0.578341
3 27  0.572254
3 28  0.593051
3 29  0.587792
3 30  0.566041
4 5  0.524697
4 6  0.615333
4 7  0.606090
4 8  0.596302
4 9  0.597411
4 10  0.580342
4 11  0.597123
4 12  0.596450
4 13  0.573801
4 14  0.571983
4 15  0.594917
4 16  0.575048
4 17  0.569846
4 18  0.573649
4 19  0.288267
4 20  0.528911
4 21  0.580769
4 22  0.600779
4 23  0.600822
4 24  0.593999
4 25  0.600578
4 26  0.614605
4 27  0.577690
4 28  0.599034
4 29  0.602010
4 30  0.571531
5 6  0.606246
5 7  0.596780
5 8  0.584987
5 9  0.588114
5 10  0.579290
5 11  0.587847
5 12  0.584277
5 13  0.564490
5 14  0.562673
5 15  0.585609
5 16  0.565666
5 17  0.560656
5 18  0.563829
5 19  0.519820
5 20  0.286953
5 21  0.561036
5 22  0.591669
5 23  0.591550
5 24  0.587767
5 25  0.591485
5 26  0.606180
5 27  0.568386
5 28  0.589859
5 29  0.594547
5 30  0.562221
6 7  0.645069
6 8  0.629907
6 9  0.631503
6 10  0.639491
6 11  0.623845
6 12  0.637537
6 13  0.612969
6 14  0.611145
6 15  0.631936
6 16  0.578692
6 17  0.607681
6 18  0.590096
6 19  0.610427
6 20  0.621994
6 21  0.637058
6 22  0.627720
6 23  0.639907
6 24  0.623183
6 25  0.636632
6 26  0.422126
6 27  0.616680
6 28  0.636578
6 29  0.642924
6 30  0.610582
7 8  0.633152
7 9  0.623452
7 10  0.632110
7 11  0.625083
7 12  0.629791
7 13  0.566175
7 14  0.567297
7 15  0.614469
7 16  0.602870
7 17  0.572077
7 18  0.602487
7 19  0.600309
7 20  0.611898
7 21  0.630393
7 22  0.626148
7 23  0.403968
7 24  0.627924
7 25  0.624574
7 26  0.644347
7 27  0.564143
7 28  0.623308
7 29  0.633889
7 30  0.553887
8 9  0.624285
8 10  0.603776
8 11  0.623495
8 12  0.590770
8 13  0.600863
8 14  0.599045
8 15  0.621938
8 16  0.601790
8 17  0.596524
8 18  0.598759
8 19  0.597225
8 20  0.607076
8 21  0.585064
8 22  0.627447
8 23  0.627771
8 24  0.443826
8 25  0.627233
8 26  0.635920
8 27  0.604715
8 28  0.625844
8 29  0.589854
8 30  0.598591
9 10  0.623352
9 11  0.588533
9 12  0.621073
9 13  0.593791
9 14  0.592019
9 15  0.580336
9 16  0.591011
9 17  0.579587
9 18  0.593736
9 19  0.591639
9 20  0.603238
9 21  0.621627
9 22  0.569967
9 23  0.620108
9 24  0.618857
9 25  0.467748
9 26  0.635289
9 27  0.597354
9 28  0.578948
9 29  0.625237
9 30  0.591257
10 11  0.622807
10 12  0.599874
10 13  0.599820
10 14  0.598001
10 15  0.620929
10 16  0.601150
10 17  0.595686
10 18  0.594437
10 19  0.566644
10 20  0.586137
10 21  0.485246
10 22  0.626843
10 23  0.626758
10 24  0.596574
10 25  0.626457
10 26  0.637331
10 27  0.603700
10 28  0.624922
10 29  0.588464
10 30  0.597552
11 12  0.620333
11 13  0.593289
11 14  0.591460
11 15  0.585188
11 16  0.581109
11 17  0.583548
11 18  0.592732
11 19  0.591083
11 20  0.602803
11 21  0.621479
11 22  0.509530
11 23  0.617803
11 24  0.618238
11 25  0.589172
11 26  0.615987
11 27  0.597366
11 28  0.567529
11 29  0.624672
11 30  0.591406
12 13  0.597500
12 14  0.595681
12 15  0.618594
12 16  0.598612
12 17  0.593572
12 18  0.574167
12 19  0.593029
12 20  0.602015
12 21  0.597352
12 22  0.624738
12 23  0.624480
12 24  0.578816
12 25  0.624464
12 26  0.633379
12 27  0.601396
12 28  0.622745
12 29  0.442264
12 30  0.595232
13 14  0.520613
13 15  0.588773
13 16  0.570935
13 17  0.565705
13 18  0.570282
13 19  0.568011
13 20  0.579603
13 21  0.598131
13 22  0.596883
13 23  0.557182
13 24  0.595727
13 25  0.597186
13 26  0.611744
13 27  0.516573
13 28  0.593947
13 29  0.601592
13 30  0.298440
14 15  0.587675
14 16  0.569659
14 17  0.561183
14 18  0.568537
14 19  0.566191
14 20  0.577787
14 21  0.596314
14 22  0.595731
14 23  0.549281
14 24  0.593886
14 25  0.595204
14 26  0.610013
14 27  0.297848
14 28  0.593221
14 29  0.599782
14 30  0.517485
15 16  0.587400
15 17  0.580283
15 18  0.590668
15 19  0.589112
15 20  0.600683
15 21  0.619202
15 22  0.588036
15 23  0.604987
15 24  0.616825
15 25  0.571025
15 26  0.631369
15 27  0.595113
15 28  0.460938
15 29  0.622645
15 30  0.587947
16 17  0.567261
16 18  0.567516
16 19  0.569380
16 20  0.580958
16 21  0.599236
16 22  0.577015
16 23  0.598055
16 24  0.595016
16 25  0.594616
16 26  0.588006
16 27  0.575592
16 28  0.590787
16 29  0.602869
16 30  0.569326
17 18  0.566535
17 19  0.564207
17 20  0.575806
17 21  0.594330
17 22  0.591032
17 23  0.573316
17 24  0.591851
17 25  0.570756
17 26  0.607327
17 27  0.564368
17 28  0.588144
17 29  0.597796
17 30  0.559025
18 19  0.566676
18 20  0.577762
18 21  0.592721
18 22  0.596992
18 23  0.597441
18 24  0.591150
18 25  0.597146
18 26  0.584314
18 27  0.574288
18 28  0.595389
18 29  0.580996
18 30  0.568122
19 20  0.532617
19 21  0.581578
19 22  0.595212
19 23  0.595080
19 24  0.585697
19 25  0.595007
19 26  0.608514
19 27  0.571918
19 28  0.593348
19 29  0.586469
19 30  0.565750
20 21  0.583349
20 22  0.606889
20 23  0.606673
20 24  0.599866
20 25  0.606647
20 26  0.620639
20 27  0.583510
20 28  0.604983
20 29  0.602514
20 30  0.577342
21 22  0.625309
21 23  0.625197
21 24  0.598246
21 25  0.625168
21 26  0.638369
21 27  0.602032
21 28  0.623487
21 29  0.602173
21 30  0.595864
22 23  0.622298
22 24  0.621446
22 25  0.596903
22 26  0.631628
22 27  0.601200
22 28  0.595516
22 29  0.628805
22 30  0.594426
23 24  0.622779
23 25  0.622687
23 26  0.638576
23 27  0.565320
23 28  0.612890
23 29  0.628674
23 30  0.562012
24 25  0.622251
24 26  0.624805
24 27  0.599626
24 28  0.620669
24 29  0.589556
24 30  0.593459
25 26  0.633552
25 27  0.600809
25 28  0.585962
25 29  0.628601
25 30  0.593867
26 27  0.616030
26 28  0.628790
26 29  0.639391
26 30  0.609847
27 28  0.598749
27 29  0.605509
27 30  0.523463
28 29  0.626945
28 30  0.591737
29 30  0.599342
