  -1146.54309230
  -1146.91095397
0.00000504967555
2 2 2 2 2 2 2 2 2 2 2 2 2 2 2 0 0 0 0 0 0 0 0 0 0 0 0 0 0 0 
1  0.276777
2  0.268600
3  0.284530
4  0.289450
5  0.280010
6  0.329751
7  0.318368
8  0.317044
9  0.310199
10  0.315842
11  0.310127
12  0.313430
13  0.285781
14  0.283839
15  0.307783
16  0.288106
17  0.282662
18  0.286622
19  0.283613
20  0.295264
21  0.313927
22  0.314057
23  0.313094
24  0.311929
25  0.313723
26  0.328790
27  0.289604
28  0.312048
29  0.317508
30  0.283477
1 2  0.544654
1 3  0.556688
1 4  0.566183
1 5  0.556741
1 6  0.578924
1 7  0.594444
1 8  0.593016
1 9  0.576196
1 10  0.592440
1 11  0.576537
1 12  0.589978
1 13  0.562427
1 14  0.560565
1 15  0.578032
1 16  0.288753
1 17  0.559224
1 18  0.557184
1 19  0.560252
1 20  0.571578
1 21  0.590172
1 22  0.563538
1 23  0.589593
1 24  0.588317
1 25  0.588887
1 26  0.580455
1 27  0.566215
1 28  0.587627
1 29  0.593830
1 30  0.559816
2 3  0.553105
2 4  0.558039
2 5  0.548605
2 6  0.597278
2 7  0.567230
2 8  0.585557
2 9  0.563408
2 10  0.584391
2 11  0.573637
2 12  0.581989
2 13  0.551457
2 14  0.547465
2 15  0.571729
2 16  0.556490
2 17  0.263864
2 18  0.555186
2 19  0.552160
2 20  0.563858
2 21  0.582462
2 22  0.577898
2 23  0.563157
2 24  0.580122
2 25  0.558416
2 26  0.596914
2 27  0.552864
2 28  0.579522
2 29  0.586105
2 30  0.550495
3 4  0.573184
3 5  0.563132
3 6  0.590189
3 7  0.602878
3 8  0.597222
3 9  0.594610
3 10  0.597860
3 11  0.592961
3 12  0.575195
3 13  0.570299
3 14  0.568355
3 15  0.592008
3 16  0.567897
3 17  0.567083
3 18  0.283155
3 19  0.567790
3 20  0.577828
3 21  0.591837
3 22  0.598298
3 23  0.597369
3 24  0.590469
3 25  0.598124
3 26  0.581579
3 27  0.574132
3 28  0.595831
3 29  0.590096
3 30  0.567946
4 5  0.526300
4 6  0.618022
4 7  0.607815
4 8  0.598436
4 9  0.599621
4 10  0.582252
4 11  0.599525
4 12  0.598343
4 13  0.575231
4 14  0.573289
4 15  0.597225
4 16  0.577416
4 17  0.571921
4 18  0.575889
4 19  0.289893
4 20  0.530703
4 21  0.582577
4 22  0.603161
4 23  0.602499
4 24  0.596198
4 25  0.602863
4 26  0.617240
4 27  0.579038
4 28  0.601329
4 29  0.603892
4 30  0.572923
5 6  0.608822
5 7  0.598376
5 8  0.586889
5 9  0.590197
5 10  0.581193
5 11  0.590125
5 12  0.586057
5 13  0.565791
5 14  0.563850
5 15  0.587789
5 16  0.567869
5 17  0.562630
5 18  0.565908
5 19  0.521389
5 20  0.288496
5 21  0.562736
5 22  0.593932
5 23  0.593101
5 24  0.589802
5 25  0.593661
5 26  0.608714
5 27  0.569608
5 28  0.592034
5 29  0.596323
5 30  0.563483
6 7  0.647886
6 8  0.632939
6 9  0.634753
6 10  0.642568
6 11  0.627195
6 12  0.640573
6 13  0.615508
6 14  0.613559
6 15  0.635292
6 16  0.582214
6 17  0.610865
6 18  0.593450
6 19  0.613119
6 20  0.624774
6 21  0.639944
6 22  0.631150
6 23  0.642694
6 24  0.626461
6 25  0.640010
6 26  0.426023
6 27  0.619095
6 28  0.639948
6 29  0.645932
6 30  0.613067
7 8  0.635405
7 9  0.625700
7 10  0.634208
7 11  0.627526
7 12  0.631796
7 13  0.567650
7 14  0.568734
7 15  0.616693
7 16  0.605284
7 17  0.574259
7 18  0.604753
7 19  0.601981
7 20  0.613626
7 21  0.632257
7 22  0.628589
7 23  0.405855
7 24  0.630186
7 25  0.626923
7 26  0.647079
7 27  0.565594
7 28  0.625640
7 29  0.635860
7 30  0.555367
8 9  0.627026
8 10  0.606213
8 11  0.626398
8 12  0.593346
8 13  0.602820
8 14  0.600878
8 15  0.624774
8 16  0.604662
8 17  0.599129
8 18  0.601517
8 19  0.599368
8 20  0.609232
8 21  0.587208
8 22  0.630378
8 23  0.629972
8 24  0.446454
8 25  0.630067
8 26  0.639048
8 27  0.606588
8 28  0.628688
8 29  0.592317
8 30  0.600511
9 10  0.625934
9 11  0.591504
9 12  0.623565
9 13  0.595764
9 14  0.593875
9 15  0.583226
9 16  0.593868
9 17  0.582139
9 18  0.596526
9 19  0.593795
9 20  0.605455
9 21  0.623975
9 22  0.572801
9 23  0.622320
9 24  0.621614
9 25  0.470369
9 26  0.638496
9 27  0.599264
9 28  0.581868
9 29  0.627701
9 30  0.593194
10 11  0.625557
10 12  0.602102
10 13  0.601622
10 14  0.599679
10 15  0.623611
10 16  0.603897
10 17  0.598129
10 18  0.597004
10 19  0.568605
10 20  0.588164
10 21  0.487537
10 22  0.629625
10 23  0.628796
10 24  0.599031
10 25  0.629143
10 26  0.640316
10 27  0.605421
10 28  0.627599
10 29  0.590681
10 30  0.599318
11 12  0.622989
11 13  0.595440
11 14  0.593487
11 15  0.588080
11 16  0.584209
11 17  0.586379
11 18  0.595713
11 19  0.593378
11 20  0.605199
11 21  0.624032
11 22  0.512768
11 23  0.620192
11 24  0.621213
11 25  0.592171
11 26  0.619360
11 27  0.599451
11 28  0.570364
11 29  0.627328
11 30  0.593544
12 13  0.599209
12 14  0.597266
12 15  0.621184
12 16  0.601264
12 17  0.595957
12 18  0.576549
12 19  0.594885
12 20  0.603941
12 21  0.599404
12 22  0.627417
12 23  0.626424
12 24  0.581354
12 25  0.627059
12 26  0.636303
12 27  0.603029
12 28  0.625319
12 29  0.444311
12 30  0.596902
13 14  0.521753
13 15  0.590788
13 16  0.573022
13 17  0.567571
13 18  0.572267
13 19  0.569382
13 20  0.581033
13 21  0.599706
13 22  0.599049
13 23  0.558645
13 24  0.597709
13 25  0.599259
13 26  0.614156
13 27  0.517794
13 28  0.596025
13 29  0.603269
13 30  0.299650
14 15  0.589572
14 16  0.571663
14 17  0.562945
14 18  0.570415
14 19  0.567436
14 20  0.579093
14 21  0.597766
14 22  0.597775
14 23  0.550645
14 24  0.595739
14 25  0.597155
14 26  0.612279
14 27  0.298898
14 28  0.595139
14 29  0.601337
14 30  0.518606
15 16  0.590403
15 17  0.583040
15 18  0.593508
15 19  0.591371
15 20  0.602988
15 21  0.621656
15 22  0.590973
15 23  0.607302
15 24  0.619688
15 25  0.574045
15 26  0.634643
15 27  0.597097
15 28  0.463672
15 29  0.625189
15 30  0.589989
16 17  0.570060
16 18  0.570420
16 19  0.571697
16 20  0.583340
16 21  0.601744
16 22  0.579943
16 23  0.600412
16 24  0.597867
16 25  0.597553
16 26  0.591375
16 27  0.577650
16 28  0.593762
16 29  0.605496
16 30  0.571419
17 18  0.569221
17 19  0.566262
17 20  0.577920
17 21  0.596586
17 22  0.593819
17 23  0.575398
17 24  0.594506
17 25  0.573226
17 26  0.610378
17 27  0.566133
17 28  0.590862
17 29  0.600154
17 30  0.560822
18 19  0.568818
18 20  0.579932
18 21  0.595034
18 22  0.599956
18 23  0.599696
18 24  0.593945
18 25  0.600032
18 26  0.587501
18 27  0.576218
18 28  0.598264
18 29  0.583164
18 30  0.570093
19 20  0.534304
19 21  0.583337
19 22  0.597556
19 23  0.596703
19 24  0.587775
19 25  0.597252
19 26  0.611048
19 27  0.573217
19 28  0.595588
19 29  0.588201
19 30  0.567090
20 21  0.585076
20 22  0.609298
20 23  0.608356
20 24  0.601985
20 25  0.608957
20 26  0.623281
20 27  0.584868
20 28  0.607290
20 29  0.604407
20 30  0.578741
21 22  0.627850
21 23  0.627020
21 24  0.600471
21 25  0.627622
21 26  0.641135
21 27  0.603530
21 28  0.625930
21 29  0.604236
21 30  0.597403
22 23  0.624668
22 24  0.624340
22 25  0.599819
22 26  0.634968
22 27  0.603269
22 28  0.598558
22 29  0.631457
22 30  0.596502
23 24  0.625007
23 25  0.624995
23 26  0.641209
23 27  0.566730
23 28  0.615032
23 29  0.630600
23 30  0.563433
24 25  0.625085
24 26  0.627852
24 27  0.601530
24 28  0.623507
24 29  0.592016
24 30  0.595404
25 26  0.636733
25 27  0.602802
25 28  0.588968
25 29  0.631159
25 30  0.595885
26 27  0.618385
26 28  0.631871
26 29  0.642298
26 30  0.612240
27 28  0.600703
27 29  0.607111
27 30  0.524626
28 29  0.629498
28 30  0.593738
29 30  0.600984
