  -1146.54309230
  -1146.91110051
0.00000002714593
2 2 2 2 2 2 2 2 2 2 2 2 2 2 2 0 0 0 0 0 0 0 0 0 0 0 0 0 0 0 
1  0.277332
2  0.269011
3  0.285033
4  0.289739
5  0.280249
6  0.330469
7  0.318698
8  0.317518
9  0.310699
10  0.316234
11  0.310703
12  0.313803
13  0.286016
14  0.284032
15  0.308297
16  0.288696
17  0.283134
18  0.287134
19  0.283880
20  0.295542
21  0.314254
22  0.314621
23  0.313411
24  0.312398
25  0.314265
26  0.329463
27  0.289795
28  0.312580
29  0.317869
30  0.283694
1 2  0.545599
1 3  0.557723
1 4  0.567026
1 5  0.557532
1 6  0.580179
1 7  0.595316
1 8  0.594034
1 9  0.577178
1 10  0.593387
1 11  0.577657
1 12  0.590905
1 13  0.563210
1 14  0.561308
1 15  0.579065
1 16  0.289848
1 17  0.560249
1 18  0.558251
1 19  0.561064
1 20  0.572386
1 21  0.591048
1 22  0.564636
1 23  0.590464
1 24  0.589335
1 25  0.589967
1 26  0.581690
1 27  0.566954
1 28  0.588713
1 29  0.594750
1 30  0.560565
2 3  0.554016
2 4  0.558735
2 5  0.549253
2 6  0.598387
2 7  0.567958
2 8  0.586436
2 9  0.564220
2 10  0.585190
2 11  0.574597
2 12  0.582769
2 13  0.552100
2 14  0.548063
2 15  0.572649
2 16  0.557491
2 17  0.264691
2 18  0.556104
2 19  0.552825
2 20  0.564546
2 21  0.583193
2 22  0.578861
2 23  0.563887
2 24  0.580987
2 25  0.559347
2 26  0.597999
2 27  0.553469
2 28  0.580460
2 29  0.586878
2 30  0.551119
3 4  0.573960
3 5  0.563862
3 6  0.591398
3 7  0.603711
3 8  0.598193
3 9  0.595609
3 10  0.598737
3 11  0.594016
3 12  0.575951
3 13  0.571035
3 14  0.569048
3 15  0.593020
3 16  0.568997
3 17  0.568060
3 18  0.284120
3 19  0.568559
3 20  0.578603
3 21  0.592658
3 22  0.599359
3 23  0.598183
3 24  0.591441
3 25  0.599168
3 26  0.582772
3 27  0.574826
3 28  0.596840
3 29  0.590917
3 30  0.568655
4 5  0.526855
4 6  0.619005
4 7  0.608433
4 8  0.599183
4 9  0.600407
4 10  0.582900
4 11  0.600389
4 12  0.598991
4 13  0.575754
4 14  0.573770
4 15  0.598025
4 16  0.578290
4 17  0.572657
4 18  0.576688
4 19  0.290464
4 20  0.531315
4 21  0.583197
4 22  0.604008
4 23  0.603099
4 24  0.596953
4 25  0.603685
4 26  0.618196
4 27  0.579512
4 28  0.602153
4 29  0.604534
4 30  0.573426
5 6  0.609753
5 7  0.598944
5 8  0.587555
5 9  0.590934
5 10  0.581824
5 11  0.590939
5 12  0.586658
5 13  0.566264
5 14  0.564281
5 15  0.588542
5 16  0.568668
5 17  0.563340
5 18  0.566656
5 19  0.521928
5 20  0.289026
5 21  0.563315
5 22  0.594727
5 23  0.593657
5 24  0.590497
5 25  0.594446
5 26  0.609625
5 27  0.570036
5 28  0.592807
5 29  0.596921
5 30  0.563935
6 7  0.648927
6 8  0.634029
6 9  0.635945
6 10  0.643653
6 11  0.628423
6 12  0.641657
6 13  0.616460
6 14  0.614470
6 15  0.636497
6 16  0.583540
6 17  0.612051
6 18  0.594676
6 19  0.614099
6 20  0.625768
6 21  0.640981
6 22  0.632396
6 23  0.643731
6 24  0.627629
6 25  0.641249
6 26  0.427472
6 27  0.619981
6 28  0.641179
6 29  0.647002
6 30  0.614000
7 8  0.636209
7 9  0.626522
7 10  0.634929
7 11  0.628418
7 12  0.632499
7 13  0.568213
7 14  0.569284
7 15  0.617482
7 16  0.606197
7 17  0.575070
7 18  0.605579
7 19  0.602576
7 20  0.614235
7 21  0.632909
7 22  0.629471
7 23  0.406562
7 24  0.630983
7 25  0.627785
7 26  0.648084
7 27  0.566132
7 28  0.626486
7 29  0.636550
7 30  0.555925
8 9  0.628002
8 10  0.607048
8 11  0.627439
8 12  0.594235
8 13  0.603527
8 14  0.601544
8 15  0.625762
8 16  0.605714
8 17  0.600061
8 18  0.602497
8 19  0.600108
8 20  0.609971
8 21  0.587971
8 22  0.631416
8 23  0.630770
8 24  0.447355
8 25  0.631075
8 26  0.640167
8 27  0.607259
8 28  0.629705
8 29  0.593165
8 30  0.601202
9 10  0.626824
9 11  0.592583
9 12  0.624436
9 13  0.596494
9 14  0.594566
9 15  0.584255
9 16  0.594930
9 17  0.583062
9 18  0.597541
9 19  0.594559
9 20  0.606232
9 21  0.624800
9 22  0.573829
9 23  0.623130
9 24  0.622585
9 25  0.471330
9 26  0.639662
9 27  0.599964
9 28  0.582931
9 29  0.628562
9 30  0.593905
10 11  0.626516
10 12  0.602844
10 13  0.602247
10 14  0.600263
10 15  0.624514
10 16  0.604877
10 17  0.598976
10 18  0.597901
10 19  0.569264
10 20  0.588833
10 21  0.488301
10 22  0.630583
10 23  0.629496
10 24  0.599859
10 25  0.630081
10 26  0.641362
10 27  0.606001
10 28  0.628523
10 29  0.591423
10 30  0.599927
11 12  0.623924
11 13  0.596244
11 14  0.594247
11 15  0.589107
11 16  0.585366
11 17  0.587420
11 18  0.596796
11 19  0.594205
11 20  0.606051
11 21  0.624935
11 22  0.513946
11 23  0.621072
11 24  0.622266
11 25  0.593262
11 26  0.620587
11 27  0.600214
11 28  0.571394
11 29  0.628266
11 30  0.594335
12 13  0.599816
12 14  0.597830
12 15  0.622071
12 16  0.602227
12 17  0.596811
12 18  0.577381
12 19  0.595514
12 20  0.604586
12 21  0.600097
12 22  0.628352
12 23  0.627104
12 24  0.582218
12 25  0.627973
12 26  0.637336
12 27  0.603594
12 28  0.626216
12 29  0.445003
12 30  0.597491
13 14  0.522204
13 15  0.591522
13 16  0.573817
13 17  0.568273
13 18  0.573015
13 19  0.569878
13 20  0.581539
13 21  0.600267
13 22  0.599841
13 23  0.559207
13 24  0.598413
13 25  0.600033
13 26  0.615059
13 27  0.518258
13 28  0.596797
13 29  0.603863
13 30  0.300122
14 15  0.590256
14 16  0.572448
14 17  0.563612
14 18  0.571118
14 19  0.567887
14 20  0.579559
14 21  0.598285
14 22  0.598530
14 23  0.551176
14 24  0.596396
14 25  0.597889
14 26  0.613129
14 27  0.299303
14 28  0.595852
14 29  0.601888
14 30  0.519047
15 16  0.591497
15 17  0.584024
15 18  0.594512
15 19  0.592152
15 20  0.603780
15 21  0.622496
15 22  0.592010
15 23  0.608120
15 24  0.620671
15 25  0.575125
15 26  0.635815
15 27  0.597796
15 28  0.464640
15 29  0.626053
15 30  0.590724
16 17  0.571114
16 18  0.571501
16 19  0.572552
16 20  0.584207
16 21  0.602656
16 22  0.581023
16 23  0.601307
16 24  0.598895
16 25  0.598652
16 26  0.592633
16 27  0.578426
16 28  0.594862
16 29  0.606447
16 30  0.572219
17 18  0.570202
17 19  0.566996
17 20  0.578668
17 21  0.597385
17 22  0.594829
17 23  0.576177
17 24  0.595444
17 25  0.574129
17 26  0.611501
17 27  0.566790
17 28  0.591855
17 29  0.600986
17 30  0.561501
18 19  0.569581
18 20  0.580703
18 21  0.595852
18 22  0.601026
18 23  0.600523
18 24  0.594923
18 25  0.601086
18 26  0.588657
18 27  0.576921
18 28  0.599304
18 29  0.583934
18 30  0.570820
19 20  0.534878
19 21  0.583932
19 22  0.598386
19 23  0.597285
19 24  0.588488
19 25  0.598053
19 26  0.611960
19 27  0.573675
19 28  0.596380
19 29  0.588802
19 30  0.567573
20 21  0.585656
20 22  0.610142
20 23  0.608950
20 24  0.602704
20 25  0.609773
20 26  0.624222
20 27  0.585338
20 28  0.608100
20 29  0.605036
20 30  0.579235
21 22  0.628738
21 23  0.627664
21 24  0.601233
21 25  0.628491
21 26  0.642116
21 27  0.604048
21 28  0.626786
21 29  0.604930
21 30  0.597946
22 23  0.625533
22 24  0.625353
22 25  0.600875
22 26  0.636176
22 27  0.604018
22 28  0.599661
22 29  0.632382
22 30  0.597268
23 24  0.625792
23 25  0.625845
23 26  0.642180
23 27  0.567261
23 28  0.615817
23 29  0.631278
23 30  0.563975
24 25  0.626086
24 26  0.628932
24 27  0.602191
24 28  0.624500
24 29  0.592859
24 30  0.596088
25 26  0.637903
25 27  0.603534
25 28  0.590062
25 29  0.632061
25 30  0.596633
26 27  0.619249
26 28  0.632989
26 29  0.643324
26 30  0.613129
27 28  0.601410
27 29  0.607664
27 30  0.525063
28 29  0.630391
28 30  0.594476
29 30  0.601562
