   -993.90200717
   -994.21195505
0.00049777746100
2 2 2 2 2 2 2 2 2 2 2 2 2 0 0 0 0 0 0 0 0 0 0 0 0 0 
1  0.272678
2  0.272984
3  0.272973
4  0.272667
5  0.280682
6  0.283717
7  0.285722
8  0.283757
9  0.280704
10  0.262645
11  0.297032
12  0.297077
13  0.263324
14  0.276334
15  0.276120
16  0.276150
17  0.276150
18  0.286390
19  0.297583
20  0.288005
21  0.284522
22  0.265502
23  0.284540
24  0.286736
25  0.297539
26  0.265470
1 2  0.500744
1 3  0.545649
1 4  0.545341
1 5  0.553201
1 6  0.551872
1 7  0.558292
1 8  0.556412
1 9  0.547263
1 10  0.535302
1 11  0.569688
1 12  0.548419
1 13  0.535991
1 14  0.259555
1 15  0.497802
1 16  0.548806
1 17  0.548751
1 18  0.558077
1 19  0.570155
1 20  0.560637
1 21  0.554401
1 22  0.538175
1 23  0.556673
1 24  0.559412
1 25  0.538792
1 26  0.538107
2 3  0.545956
2 4  0.545648
2 5  0.553592
2 6  0.550346
2 7  0.558466
2 8  0.556724
2 9  0.549597
2 10  0.535576
2 11  0.570001
2 12  0.548496
2 13  0.536289
2 14  0.498064
2 15  0.259420
2 16  0.549116
2 17  0.549108
2 18  0.556620
2 19  0.570567
2 20  0.560218
2 21  0.556559
2 22  0.538458
2 23  0.557476
2 24  0.559642
2 25  0.539421
2 26  0.538164
3 4  0.500709
3 5  0.549528
3 6  0.556673
3 7  0.558465
3 8  0.550370
3 9  0.553602
3 10  0.535605
3 11  0.548540
3 12  0.570035
3 13  0.536236
3 14  0.549282
3 15  0.549076
3 16  0.259266
3 17  0.498104
3 18  0.559291
3 19  0.539373
3 20  0.560153
3 21  0.557445
3 22  0.538176
3 23  0.556569
3 24  0.556941
3 25  0.570512
3 26  0.538422
4 5  0.547242
4 6  0.556360
4 7  0.558284
4 8  0.551926
4 9  0.553210
4 10  0.535303
4 11  0.548345
4 12  0.569721
4 13  0.535966
4 14  0.548922
4 15  0.548766
4 16  0.497906
4 17  0.259219
4 18  0.559055
4 19  0.538970
4 20  0.560612
4 21  0.556631
4 22  0.538123
4 23  0.554370
4 24  0.558402
4 25  0.570093
4 26  0.538134
5 6  0.563983
5 7  0.566048
5 8  0.528270
5 9  0.556083
5 10  0.543248
5 11  0.553820
5 12  0.576981
5 13  0.543840
5 14  0.556318
5 15  0.556759
5 16  0.555745
5 17  0.554221
5 18  0.566707
5 19  0.547364
5 20  0.567929
5 21  0.557823
5 22  0.546154
5 23  0.310297
5 24  0.525708
5 25  0.576034
5 26  0.546123
6 7  0.562821
6 8  0.567091
6 9  0.528279
6 10  0.544850
6 11  0.580697
6 12  0.556153
6 13  0.546467
6 14  0.558897
6 15  0.557250
6 16  0.559793
6 17  0.559863
6 18  0.316217
6 19  0.580836
6 20  0.564045
6 21  0.526279
6 22  0.548978
6 23  0.567795
6 24  0.569873
6 25  0.549574
6 26  0.546930
7 8  0.563242
7 9  0.566051
7 10  0.511382
7 11  0.581849
7 12  0.581830
7 13  0.511991
7 14  0.562000
7 15  0.561064
7 16  0.561140
7 17  0.561820
7 18  0.564375
7 19  0.580721
7 20  0.339177
7 21  0.569698
7 22  0.504737
7 23  0.569678
7 24  0.564859
7 25  0.580637
7 26  0.504367
8 9  0.564020
8 10  0.545825
8 11  0.556126
8 12  0.580780
8 13  0.545509
8 14  0.560086
8 15  0.559812
8 16  0.557286
8 17  0.558751
8 18  0.569578
8 19  0.549720
8 20  0.563817
8 21  0.567808
8 22  0.546953
8 23  0.526300
8 24  0.316710
8 25  0.580815
8 26  0.549008
9 10  0.543142
9 11  0.576967
9 12  0.553900
9 13  0.543949
9 14  0.554389
9 15  0.555730
9 16  0.556815
9 17  0.556185
9 18  0.525289
9 19  0.576160
9 20  0.567923
9 21  0.310347
9 22  0.546171
9 23  0.557959
9 24  0.567051
9 25  0.547494
9 26  0.546138
10 11  0.559578
10 12  0.559451
10 13  0.483626
10 14  0.538910
10 15  0.538445
10 16  0.538753
10 17  0.538785
10 18  0.547048
10 19  0.560156
10 20  0.505192
10 21  0.547149
10 22  0.479784
10 23  0.547162
10 24  0.549133
10 25  0.559601
10 26  0.258619
11 12  0.594040
11 13  0.560092
11 14  0.573218
11 15  0.573151
11 16  0.542004
11 17  0.541871
11 18  0.583060
11 19  0.375378
11 20  0.582425
11 21  0.579397
11 22  0.561889
11 23  0.550352
11 24  0.551883
11 25  0.593690
11 26  0.562438
12 13  0.560302
12 14  0.542115
12 15  0.541917
12 16  0.573226
12 17  0.573086
12 18  0.551745
12 19  0.593809
12 20  0.582416
12 21  0.550303
12 22  0.562529
12 23  0.579490
12 24  0.583469
12 25  0.375431
12 26  0.561891
13 14  0.539650
13 15  0.539411
13 16  0.539136
13 17  0.539398
13 18  0.549492
13 19  0.560319
13 20  0.505176
13 21  0.547823
13 22  0.258703
13 23  0.547844
13 24  0.547981
13 25  0.560794
13 26  0.479837
14 15  0.506266
14 16  0.552478
14 17  0.552477
14 18  0.556765
14 19  0.573881
14 20  0.564213
14 21  0.554329
14 22  0.541823
14 23  0.560622
14 24  0.563039
14 25  0.552093
14 26  0.541776
15 16  0.552266
15 17  0.552263
15 18  0.555758
15 19  0.573674
15 20  0.563798
15 21  0.555081
15 22  0.541587
15 23  0.560510
15 24  0.562828
15 25  0.551926
15 26  0.541516
16 17  0.506114
16 18  0.562513
16 19  0.551959
16 20  0.563801
16 21  0.560524
16 22  0.541574
16 23  0.555179
16 24  0.556115
16 25  0.573661
16 26  0.541584
17 18  0.562511
17 19  0.552038
17 20  0.564017
17 21  0.560417
17 22  0.541621
17 23  0.554184
17 24  0.556904
17 25  0.573654
17 26  0.541605
18 19  0.583919
18 20  0.566936
18 21  0.533503
18 22  0.550986
18 23  0.570413
18 24  0.572743
18 25  0.559845
18 26  0.550028
19 20  0.584325
19 21  0.581015
19 22  0.562794
19 23  0.558667
19 24  0.560180
19 25  0.595001
19 26  0.562912
20 21  0.572161
20 22  0.516816
20 23  0.572104
20 24  0.566901
20 25  0.584357
20 26  0.516829
21 22  0.549939
21 23  0.562306
21 24  0.570753
21 25  0.558620
21 26  0.549800
22 23  0.549846
22 24  0.550374
22 25  0.562909
22 26  0.488020
23 24  0.533994
23 25  0.581008
23 26  0.549925
24 25  0.584223
24 26  0.551442
25 26  0.562715
