   -993.90200717
   -994.21577320
0.00017850676600
2 2 2 2 2 2 2 2 2 2 2 2 2 0 0 0 0 0 0 0 0 0 0 0 0 0 
1  0.277098
2  0.277465
3  0.277330
4  0.277072
5  0.290950
6  0.292901
7  0.299862
8  0.292740
9  0.291227
10  0.274435
11  0.304629
12  0.304811
13  0.274823
14  0.280903
15  0.280760
16  0.280772
17  0.280696
18  0.296085
19  0.305068
20  0.301930
21  0.294876
22  0.276947
23  0.294845
24  0.296361
25  0.304866
26  0.276900
1 2  0.509830
1 3  0.554425
1 4  0.554164
1 5  0.567802
1 6  0.564773
1 7  0.576828
1 8  0.569810
1 9  0.561577
1 10  0.551506
1 11  0.581681
1 12  0.560206
1 13  0.551916
1 14  0.268497
1 15  0.507380
1 16  0.557834
1 17  0.557663
1 18  0.571964
1 19  0.581963
1 20  0.578988
1 21  0.569059
1 22  0.554031
1 23  0.571192
1 24  0.573456
1 25  0.550430
1 26  0.553955
2 3  0.554794
2 4  0.554535
2 5  0.568328
2 6  0.563470
2 7  0.576995
2 8  0.570186
2 9  0.563721
2 10  0.551804
2 11  0.582073
2 12  0.560345
2 13  0.552253
2 14  0.507652
2 15  0.268372
2 16  0.558216
2 17  0.558124
2 18  0.570597
2 19  0.582530
2 20  0.578644
2 21  0.571160
2 22  0.554360
2 23  0.572277
2 24  0.573756
2 25  0.551170
2 26  0.554014
3 4  0.509710
3 5  0.563269
3 6  0.570205
3 7  0.576881
3 8  0.563195
3 9  0.568467
3 10  0.551728
3 11  0.560122
3 12  0.582119
3 13  0.552057
3 14  0.558204
3 15  0.558077
3 16  0.268052
3 17  0.507564
3 18  0.573358
3 19  0.551145
3 20  0.578500
3 21  0.572165
3 22  0.553914
3 23  0.571001
3 24  0.570744
3 25  0.582188
3 26  0.554173
4 5  0.561265
4 6  0.569942
4 7  0.576807
4 8  0.564634
4 9  0.568048
4 10  0.551501
4 11  0.559919
4 12  0.581834
4 13  0.551867
4 14  0.557848
4 15  0.557802
4 16  0.507512
4 17  0.268096
4 18  0.573154
4 19  0.550707
4 20  0.578962
4 21  0.571135
4 22  0.553978
4 23  0.568959
4 24  0.572222
4 25  0.581694
4 26  0.553957
5 6  0.583428
5 7  0.590414
5 8  0.547731
5 9  0.575795
5 10  0.565319
5 11  0.570436
5 12  0.594738
5 13  0.565614
5 14  0.570880
5 15  0.571598
5 16  0.570424
5 17  0.568817
5 18  0.586611
5 19  0.564020
5 20  0.592008
5 21  0.577634
5 22  0.567859
5 23  0.329821
5 24  0.545300
5 25  0.593189
5 26  0.567813
6 7  0.585354
6 8  0.585234
6 9  0.548055
6 10  0.565605
6 11  0.597459
6 12  0.572330
6 13  0.566996
6 14  0.572469
6 15  0.570917
6 16  0.573603
6 17  0.573594
6 18  0.333095
6 19  0.597577
6 20  0.586579
6 21  0.545714
6 22  0.569566
6 23  0.587099
6 24  0.588513
6 25  0.565551
6 26  0.567605
7 8  0.585379
7 9  0.590686
7 10  0.535973
7 11  0.603433
7 12  0.603543
7 13  0.536157
7 14  0.580693
7 15  0.579823
7 16  0.579844
7 17  0.580492
7 18  0.587383
7 19  0.602240
7 20  0.360553
7 21  0.594126
7 22  0.528418
7 23  0.594078
7 24  0.587769
7 25  0.602031
7 26  0.528805
8 9  0.583546
8 10  0.566385
8 11  0.572022
8 12  0.597491
8 13  0.565781
8 14  0.573641
8 15  0.573423
8 16  0.570725
8 17  0.572106
8 18  0.588050
8 19  0.565664
8 20  0.586224
8 21  0.587003
8 22  0.567500
8 23  0.545499
8 24  0.333140
8 25  0.597165
8 26  0.569364
9 10  0.565503
9 11  0.594834
9 12  0.570822
9 13  0.565988
9 14  0.569248
9 15  0.570684
9 16  0.571917
9 17  0.571047
9 18  0.545157
9 19  0.593734
9 20  0.592248
9 21  0.330028
9 22  0.568136
9 23  0.578231
9 24  0.587157
9 25  0.564221
9 26  0.568087
10 11  0.578926
10 12  0.578905
10 13  0.503322
10 14  0.555228
10 15  0.554756
10 16  0.555109
10 17  0.555088
10 18  0.568448
10 19  0.579451
10 20  0.529093
10 21  0.569291
10 22  0.499938
10 23  0.569250
10 24  0.570503
10 25  0.578684
10 26  0.275506
11 12  0.609327
11 13  0.579117
11 14  0.585315
11 15  0.585380
11 16  0.554074
11 17  0.553881
11 18  0.600346
11 19  0.391098
11 20  0.603899
11 21  0.596934
11 22  0.580901
11 23  0.566888
11 24  0.568534
11 25  0.608513
11 26  0.581477
12 13  0.579497
12 14  0.554277
12 15  0.554131
12 16  0.585580
12 17  0.585337
12 18  0.568561
12 19  0.608915
12 20  0.604121
12 21  0.566957
12 22  0.581705
12 23  0.597182
12 24  0.600757
12 25  0.391192
12 26  0.581052
13 14  0.555677
13 15  0.555484
13 16  0.555140
13 17  0.555407
13 18  0.570630
13 19  0.579233
13 20  0.529542
13 21  0.569671
13 22  0.275887
13 23  0.569645
13 24  0.569047
13 25  0.579648
13 26  0.499730
14 15  0.515802
14 16  0.561671
14 17  0.561589
14 18  0.570413
14 19  0.585904
14 20  0.582654
14 21  0.568564
14 22  0.557834
14 23  0.575380
14 24  0.577214
14 25  0.563548
14 26  0.557761
15 16  0.561531
15 17  0.561452
15 18  0.569429
15 19  0.585790
15 20  0.582296
15 21  0.569242
15 22  0.557652
15 23  0.575436
15 24  0.577079
15 25  0.563521
15 26  0.557556
16 17  0.515610
16 18  0.576819
16 19  0.563665
16 20  0.582298
16 21  0.575486
16 22  0.557616
16 23  0.569241
16 24  0.569719
16 25  0.585604
16 26  0.557622
17 18  0.576734
17 19  0.563579
17 20  0.582446
17 21  0.575209
17 22  0.557603
17 23  0.568328
17 24  0.570463
17 25  0.585501
17 26  0.557583
18 19  0.601086
18 20  0.589368
18 21  0.553552
18 22  0.571950
18 23  0.590384
18 24  0.592086
18 25  0.576268
18 26  0.570882
19 20  0.605656
19 21  0.598638
19 22  0.581669
19 23  0.575332
19 24  0.576656
19 25  0.609789
19 26  0.581822
20 21  0.596353
20 22  0.540792
20 23  0.596309
20 24  0.589495
20 25  0.605480
20 26  0.540820
21 22  0.571727
21 23  0.581623
21 24  0.590674
21 25  0.575216
21 26  0.571589
22 23  0.571604
22 24  0.571233
22 25  0.581669
22 26  0.507270
23 24  0.553819
23 25  0.598411
23 26  0.571655
24 25  0.601166
24 26  0.572215
25 26  0.581421
