   -993.90200717
   -994.21776287
0.00009315116360
2 2 2 2 2 2 2 2 2 2 2 2 2 0 0 0 0 0 0 0 0 0 0 0 0 0 
1  0.279949
2  0.280106
3  0.279998
4  0.279923
5  0.299343
6  0.298712
7  0.306269
8  0.298746
9  0.299113
10  0.279078
11  0.309460
12  0.309369
13  0.279505
14  0.283827
15  0.283483
16  0.283548
17  0.283664
18  0.301956
19  0.309483
20  0.308572
21  0.303098
22  0.281607
23  0.303177
24  0.302142
25  0.309331
26  0.281684
1 2  0.515638
1 3  0.559943
1 4  0.559857
1 5  0.578901
1 6  0.573089
1 7  0.586058
1 8  0.578651
1 9  0.571741
1 10  0.558993
1 11  0.589332
1 12  0.567450
1 13  0.559445
1 14  0.273903
1 15  0.513388
1 16  0.563428
1 17  0.563415
1 18  0.580590
1 19  0.589201
1 20  0.588466
1 21  0.579983
1 22  0.561536
1 23  0.582262
1 24  0.582087
1 25  0.557782
1 26  0.561571
2 3  0.560103
2 4  0.560025
2 5  0.579306
2 6  0.571485
2 7  0.585992
2 8  0.578820
2 9  0.573793
2 10  0.559070
2 11  0.589526
2 12  0.567480
2 13  0.559566
2 14  0.513625
2 15  0.273456
2 16  0.563611
2 17  0.563707
2 18  0.579019
2 19  0.589585
2 20  0.587876
2 21  0.581904
2 22  0.561644
2 23  0.583210
2 24  0.582189
2 25  0.558335
2 26  0.561400
3 4  0.515517
3 5  0.573869
3 6  0.578681
3 7  0.585891
3 8  0.571420
3 9  0.578962
3 10  0.559029
3 11  0.567558
3 12  0.589325
3 13  0.559387
3 14  0.563762
3 15  0.563437
3 16  0.273205
3 17  0.513634
3 18  0.581907
3 19  0.558320
3 20  0.587755
3 21  0.583023
3 22  0.561211
3 23  0.581878
3 24  0.579107
3 25  0.589324
3 26  0.561615
4 5  0.571942
4 6  0.578593
4 7  0.586034
4 8  0.573145
4 9  0.578644
4 10  0.558992
4 11  0.567435
4 12  0.589214
4 13  0.559393
4 14  0.563559
4 15  0.563340
4 16  0.513546
4 17  0.273547
4 18  0.581875
4 19  0.558059
4 20  0.588440
4 21  0.582142
4 22  0.561470
4 23  0.580009
4 24  0.580749
4 25  0.589023
4 26  0.561588
5 6  0.597515
5 7  0.605147
5 8  0.562006
5 9  0.590281
5 10  0.578355
5 11  0.582948
5 12  0.607382
5 13  0.578675
5 14  0.582147
5 15  0.582663
5 16  0.581463
5 17  0.580002
5 18  0.600819
5 19  0.576507
5 20  0.607003
5 21  0.594186
5 22  0.580900
5 23  0.345123
5 24  0.559443
5 25  0.606279
5 26  0.580975
6 7  0.596839
6 8  0.596971
6 9  0.561764
6 10  0.575856
6 11  0.608085
6 12  0.582449
6 13  0.577347
6 14  0.581094
6 15  0.579318
6 16  0.582164
6 17  0.582370
6 18  0.343731
6 19  0.607793
6 20  0.598885
6 21  0.559846
6 22  0.579975
6 23  0.601228
6 24  0.600026
6 25  0.575793
6 26  0.578222
7 8  0.597006
7 9  0.604910
7 10  0.546775
7 11  0.614524
7 12  0.614396
7 13  0.547013
7 14  0.590012
7 15  0.588926
7 16  0.589000
7 17  0.589853
7 18  0.599552
7 19  0.613104
7 20  0.372545
7 21  0.608702
7 22  0.539182
7 23  0.608767
7 24  0.599897
7 25  0.612934
7 26  0.539466
8 9  0.597302
8 10  0.576927
8 11  0.582564
8 12  0.608025
8 13  0.576289
8 14  0.582568
8 15  0.582147
8 16  0.579375
8 17  0.580967
8 18  0.599894
8 19  0.576074
8 20  0.598783
8 21  0.601164
8 22  0.578160
8 23  0.559876
8 24  0.343894
8 25  0.607689
8 26  0.580093
9 10  0.578017
9 11  0.607254
9 12  0.582640
9 13  0.578554
9 14  0.579898
9 15  0.581166
9 16  0.582511
9 17  0.581784
9 18  0.558950
9 19  0.606203
9 20  0.606759
9 21  0.345081
9 22  0.580666
9 23  0.593983
9 24  0.600784
9 25  0.576327
9 26  0.580745
10 11  0.588373
10 12  0.588047
10 13  0.511971
10 14  0.562770
10 15  0.562088
10 16  0.562510
10 17  0.562681
10 18  0.578920
10 19  0.588502
10 20  0.540045
10 21  0.582144
10 22  0.508457
10 23  0.582211
10 24  0.580869
10 25  0.587781
10 26  0.283584
11 12  0.618698
11 13  0.588564
11 14  0.593075
11 15  0.592935
11 16  0.561737
11 17  0.561710
11 18  0.611110
11 19  0.399915
11 20  0.615402
11 21  0.610070
11 22  0.590376
11 23  0.579724
11 24  0.579026
11 25  0.617792
11 26  0.591081
12 13  0.588719
12 14  0.561799
12 15  0.561472
12 16  0.592908
12 17  0.592816
12 18  0.578923
12 19  0.617860
12 20  0.615345
12 21  0.579452
12 22  0.590912
12 23  0.610106
12 24  0.611177
12 25  0.399859
12 26  0.590372
13 14  0.563271
13 15  0.562880
13 16  0.562569
13 17  0.563033
13 18  0.581126
13 19  0.588332
13 20  0.540437
13 21  0.582561
13 22  0.283905
13 23  0.582647
13 24  0.579483
13 25  0.588782
13 26  0.508426
14 15  0.521780
14 16  0.567368
14 17  0.567469
14 18  0.578869
14 19  0.593200
14 20  0.592176
14 21  0.579156
14 22  0.565418
14 23  0.586526
14 24  0.585895
14 25  0.570732
14 26  0.565464
15 16  0.567028
15 17  0.567140
15 18  0.577638
15 19  0.592909
15 20  0.591581
15 21  0.579669
15 22  0.565026
15 23  0.586421
15 24  0.585577
15 25  0.570611
15 26  0.565040
16 17  0.521696
16 18  0.585455
16 19  0.570774
16 20  0.591637
16 21  0.586408
16 22  0.565029
16 23  0.579841
16 24  0.577885
16 25  0.592822
16 26  0.565170
17 18  0.585542
17 19  0.570782
17 20  0.592007
17 21  0.586287
17 22  0.565225
17 23  0.579079
17 24  0.578867
17 25  0.592884
17 26  0.565332
18 19  0.611357
18 20  0.601020
18 21  0.567594
18 22  0.582338
18 23  0.604413
18 24  0.603654
18 25  0.586440
18 26  0.581354
19 20  0.616563
19 21  0.611050
19 22  0.590688
19 23  0.587585
19 24  0.586743
19 25  0.618608
19 26  0.590997
20 21  0.611144
20 22  0.551904
20 23  0.611215
20 24  0.601098
20 25  0.616431
20 26  0.551988
21 22  0.584599
21 23  0.595951
21 24  0.604534
21 25  0.587365
21 26  0.584583
22 23  0.584583
22 24  0.581468
22 25  0.590764
22 26  0.516031
23 24  0.567865
23 25  0.610967
23 26  0.584758
24 25  0.611390
24 26  0.582622
25 26  0.590614
