   -993.90200717
   -994.21897738
0.00000169192236
2 2 2 2 2 2 2 2 2 2 2 2 2 0 0 0 0 0 0 0 0 0 0 0 0 0 
1  0.281771
2  0.281720
3  0.281608
4  0.281743
5  0.306009
6  0.303047
7  0.312024
8  0.303105
9  0.305855
10  0.284111
11  0.312706
12  0.312616
13  0.284320
14  0.285731
15  0.285189
16  0.285251
17  0.285558
18  0.306257
19  0.312763
20  0.314142
21  0.309683
22  0.286703
23  0.309774
24  0.306480
25  0.312618
26  0.286631
1 2  0.519258
1 3  0.563370
1 4  0.563482
1 5  0.587287
1 6  0.579138
1 7  0.593606
1 8  0.584799
1 9  0.580047
1 10  0.565843
1 11  0.594351
1 12  0.572493
1 13  0.566079
1 14  0.277610
1 15  0.517213
1 16  0.566917
1 17  0.567033
1 18  0.586681
1 19  0.594285
1 20  0.595850
1 21  0.588362
1 22  0.568440
1 23  0.590567
1 24  0.588245
1 25  0.563000
1 26  0.568336
2 3  0.563326
2 4  0.563453
2 5  0.587520
2 6  0.577308
2 7  0.593317
2 8  0.584780
2 9  0.581923
2 10  0.565694
2 11  0.594363
2 12  0.572403
2 13  0.565971
2 14  0.517445
2 15  0.276784
2 16  0.566882
2 17  0.567181
2 18  0.584929
2 19  0.594478
2 20  0.595025
2 21  0.590050
2 22  0.568345
2 23  0.591401
2 24  0.588154
2 25  0.563358
2 26  0.567915
3 4  0.519130
3 5  0.581922
3 6  0.584611
3 7  0.593206
3 8  0.577262
3 9  0.587253
3 10  0.565648
3 11  0.572476
3 12  0.594162
3 13  0.565790
3 14  0.567242
3 15  0.566708
3 16  0.276525
3 17  0.517437
3 18  0.587820
3 19  0.563337
3 20  0.594910
3 21  0.591198
3 22  0.567873
3 23  0.590033
3 24  0.585054
3 25  0.594223
3 26  0.568163
4 5  0.580172
4 6  0.584714
4 7  0.593579
4 8  0.579218
4 9  0.587104
4 10  0.565841
4 11  0.572476
4 12  0.594235
4 13  0.566023
4 14  0.567176
4 15  0.566826
4 16  0.517363
4 17  0.277241
4 18  0.587994
4 19  0.563269
4 20  0.595825
4 21  0.590445
4 22  0.568381
4 23  0.588402
4 24  0.586873
4 25  0.594111
4 26  0.568341
5 6  0.608441
5 7  0.617522
5 8  0.573241
5 9  0.601588
5 10  0.590045
5 11  0.592620
5 12  0.617064
5 13  0.590143
5 14  0.590614
5 15  0.591012
5 16  0.589772
5 17  0.588525
5 18  0.611769
5 19  0.586442
5 20  0.619216
5 21  0.606705
5 22  0.592644
5 23  0.357270
5 24  0.570672
5 25  0.616243
5 26  0.592574
6 7  0.606241
6 8  0.605539
6 9  0.573033
6 10  0.585079
6 11  0.615644
6 12  0.590000
6 13  0.586352
6 14  0.587301
6 15  0.585352
6 16  0.588213
6 17  0.588593
6 18  0.351922
6 19  0.615408
6 20  0.608472
6 21  0.571020
6 22  0.589340
6 23  0.612155
6 24  0.608503
6 25  0.583466
6 26  0.587527
7 8  0.606324
7 9  0.617365
7 10  0.557404
7 11  0.623395
7 12  0.623292
7 13  0.557475
7 14  0.597671
7 15  0.596360
7 16  0.596416
7 17  0.597498
7 18  0.609386
7 19  0.622143
7 20  0.383140
7 21  0.620997
7 22  0.549529
7 23  0.621083
7 24  0.609675
7 25  0.621995
7 26  0.549782
8 9  0.608339
8 10  0.586169
8 11  0.590132
8 12  0.615613
8 13  0.585315
8 14  0.588825
8 15  0.588213
8 16  0.585425
8 17  0.587188
8 18  0.608339
8 19  0.583761
8 20  0.608449
8 21  0.612111
8 22  0.587640
8 23  0.571098
8 24  0.352154
8 25  0.615317
8 26  0.589332
9 10  0.589778
9 11  0.616990
9 12  0.592385
9 13  0.590101
9 14  0.588511
9 15  0.589551
9 16  0.590926
9 17  0.590294
9 18  0.570227
9 19  0.616213
9 20  0.619057
9 21  0.357244
9 22  0.592490
9 23  0.606564
9 24  0.611838
9 25  0.586339
9 26  0.592417
10 11  0.596618
10 12  0.596275
10 13  0.520013
10 14  0.569703
10 15  0.568778
10 16  0.569235
10 17  0.569585
10 18  0.588287
10 19  0.596805
10 20  0.550244
10 21  0.593747
10 22  0.516933
10 23  0.593830
10 24  0.590187
10 25  0.596105
10 26  0.292695
11 12  0.625139
11 13  0.596573
11 14  0.598186
11 15  0.597888
11 16  0.566792
11 17  0.566938
11 18  0.618650
11 19  0.406553
11 20  0.624235
11 21  0.619894
11 22  0.598722
11 23  0.589577
11 24  0.586703
11 25  0.624288
11 26  0.599263
12 13  0.596744
12 14  0.567046
12 15  0.566539
12 16  0.597861
12 17  0.597930
12 18  0.586558
12 19  0.624345
12 20  0.624171
12 21  0.589284
12 22  0.599244
12 23  0.619901
12 24  0.618783
12 25  0.406494
12 26  0.598568
13 14  0.569968
13 15  0.569388
13 16  0.569035
13 17  0.569738
13 18  0.590187
13 19  0.596432
13 20  0.550569
13 21  0.593950
13 22  0.292973
13 23  0.594045
13 24  0.588669
13 25  0.596876
13 26  0.516741
14 15  0.525595
14 16  0.570970
14 17  0.571254
14 18  0.584978
14 19  0.598339
14 20  0.599614
14 21  0.587402
14 22  0.572412
14 23  0.594903
14 24  0.592097
14 25  0.575879
14 26  0.572311
15 16  0.570436
15 17  0.570735
15 18  0.583518
15 19  0.597868
15 20  0.598802
15 21  0.587713
15 22  0.571805
15 23  0.594654
15 24  0.591607
15 25  0.575655
15 26  0.571673
16 17  0.525499
16 18  0.591445
16 19  0.575807
16 20  0.598862
16 21  0.594626
16 22  0.571807
16 23  0.587900
16 24  0.583796
16 25  0.597785
16 26  0.571796
17 18  0.591701
17 19  0.575913
17 20  0.599439
17 21  0.594640
17 22  0.572210
17 23  0.587329
17 24  0.585003
17 25  0.598021
17 26  0.572168
18 19  0.618915
18 20  0.610124
18 21  0.578639
18 22  0.591544
18 23  0.615206
18 24  0.612186
18 25  0.594023
18 26  0.590447
19 20  0.625307
19 21  0.620641
19 22  0.599020
19 23  0.597246
19 24  0.594350
19 25  0.625137
19 26  0.599187
20 21  0.623248
20 22  0.562476
20 23  0.623334
20 24  0.610308
20 25  0.625175
20 26  0.562432
21 22  0.596267
21 23  0.607083
21 24  0.615341
21 25  0.597016
21 26  0.596106
22 23  0.596267
22 24  0.590751
22 25  0.599113
22 26  0.524227
23 24  0.578952
23 25  0.620579
23 26  0.596287
24 25  0.618994
24 26  0.591715
25 26  0.598806
