  -1146.53975808
  -1146.90634025
0.00007823299740
2 2 2 2 2 2 2 2 2 2 2 2 2 2 2 0 0 0 0 0 0 0 0 0 0 0 0 0 0 0 
1  0.266423
2  0.267156
3  0.279603
4  0.279348
5  0.283052
6  0.307291
7  0.306046
8  0.283386
9  0.303590
10  0.304452
11  0.302011
12  0.316104
13  0.311570
14  0.312521
15  0.302956
16  0.304338
17  0.277331
18  0.277123
19  0.283540
20  0.282049
21  0.312250
22  0.311165
23  0.315262
24  0.309967
25  0.305808
26  0.310246
27  0.286483
28  0.305439
29  0.303403
30  0.283366
1 2  0.533535
1 3  0.545171
1 4  0.545414
1 5  0.549461
1 6  0.572896
1 7  0.570870
1 8  0.549801
1 9  0.550397
1 10  0.569739
1 11  0.566916
1 12  0.582450
1 13  0.575120
1 14  0.576191
1 15  0.550081
1 16  0.569633
1 17  0.244809
1 18  0.543525
1 19  0.548291
1 20  0.548235
1 21  0.573719
1 22  0.572238
1 23  0.581356
1 24  0.556214
1 25  0.554512
1 26  0.576520
1 27  0.552869
1 28  0.570729
1 29  0.568294
1 30  0.549640
2 3  0.546758
2 4  0.546502
2 5  0.547353
2 6  0.555530
2 7  0.571895
2 8  0.545733
2 9  0.569894
2 10  0.568872
2 11  0.569102
2 12  0.564521
2 13  0.578713
2 14  0.576651
2 15  0.570100
2 16  0.570499
2 17  0.544438
2 18  0.250441
2 19  0.550667
2 20  0.549143
2 21  0.573123
2 22  0.578263
2 23  0.562062
2 24  0.577051
2 25  0.572958
2 26  0.557318
2 27  0.548962
2 28  0.570276
2 29  0.570221
2 30  0.549402
3 4  0.514449
3 5  0.562653
3 6  0.586893
3 7  0.585454
3 8  0.562987
3 9  0.583133
3 10  0.584053
3 11  0.576528
3 12  0.595707
3 13  0.569370
3 14  0.592085
3 15  0.575536
3 16  0.583869
3 17  0.555347
3 18  0.556694
3 19  0.273105
3 20  0.511745
3 21  0.591840
3 22  0.559193
3 23  0.594836
3 24  0.589303
3 25  0.582708
3 26  0.589778
3 27  0.566086
3 28  0.584950
3 29  0.581800
3 30  0.562967
4 5  0.562399
4 6  0.586631
4 7  0.584954
4 8  0.562732
4 9  0.582897
4 10  0.583798
4 11  0.574459
4 12  0.595451
4 13  0.569352
4 14  0.591818
4 15  0.577021
4 16  0.582797
4 17  0.556516
4 18  0.556381
4 19  0.512516
4 20  0.271799
4 21  0.591456
4 22  0.559576
4 23  0.594572
4 24  0.589290
4 25  0.583985
4 26  0.589410
4 27  0.565829
4 28  0.584676
4 29  0.579793
4 30  0.562714
5 6  0.590130
5 7  0.589082
5 8  0.518181
5 9  0.586556
5 10  0.585139
5 11  0.585063
5 12  0.562243
5 13  0.594621
5 14  0.595121
5 15  0.586006
5 16  0.587122
5 17  0.560122
5 18  0.559148
5 19  0.566590
5 20  0.565101
5 21  0.594909
5 22  0.594186
5 23  0.554409
5 24  0.592514
5 25  0.588822
5 26  0.593181
5 27  0.514041
5 28  0.586601
5 29  0.586411
5 30  0.289690
6 7  0.605993
6 8  0.590444
6 9  0.601292
6 10  0.575538
6 11  0.608900
6 12  0.621062
6 13  0.618748
6 14  0.599545
6 15  0.610127
6 16  0.609856
6 17  0.584072
6 18  0.568993
6 19  0.590726
6 20  0.589195
6 21  0.587839
6 22  0.618422
6 23  0.620264
6 24  0.615610
6 25  0.612963
6 26  0.380002
6 27  0.593345
6 28  0.574932
6 29  0.610202
6 30  0.590473
7 8  0.589407
7 9  0.576767
7 10  0.606133
7 11  0.596976
7 12  0.621814
7 13  0.615977
7 14  0.596462
7 15  0.608294
7 16  0.358705
7 17  0.580833
7 18  0.581453
7 19  0.589497
7 20  0.587213
7 21  0.595040
7 22  0.614525
7 23  0.621045
7 24  0.576202
7 25  0.611283
7 26  0.612897
7 27  0.592382
7 28  0.609840
7 29  0.598762
7 30  0.589338
8 9  0.586956
8 10  0.586581
8 11  0.585396
8 12  0.563733
8 13  0.594955
8 14  0.595575
8 15  0.586340
8 16  0.587445
8 17  0.560627
8 18  0.556204
8 19  0.566926
8 20  0.565433
8 21  0.595568
8 22  0.594524
8 23  0.552719
8 24  0.593179
8 25  0.589177
8 26  0.593144
8 27  0.289782
8 28  0.588398
8 29  0.586732
8 30  0.514430
9 10  0.600739
9 11  0.604928
9 12  0.619038
9 13  0.614828
9 14  0.599049
9 15  0.605025
9 16  0.573673
9 17  0.563751
9 18  0.580511
9 19  0.586698
9 20  0.585512
9 21  0.587461
9 22  0.614120
9 23  0.618629
9 24  0.363674
9 25  0.607027
9 26  0.612457
9 27  0.589945
9 28  0.607285
9 29  0.606504
9 30  0.586651
10 11  0.606284
10 12  0.610771
10 13  0.615966
10 14  0.593853
10 15  0.607312
10 16  0.607307
10 17  0.579975
10 18  0.576697
10 19  0.587920
10 20  0.586465
10 21  0.591982
10 22  0.615555
10 23  0.608440
10 24  0.611044
10 25  0.609845
10 26  0.572061
10 27  0.590660
10 28  0.373757
10 29  0.607833
10 30  0.586049
11 12  0.618103
11 13  0.588670
11 14  0.613457
11 15  0.570809
11 16  0.597426
11 17  0.577363
11 18  0.578538
11 19  0.584223
11 20  0.581304
11 21  0.612138
11 22  0.581415
11 23  0.617150
11 24  0.611389
11 25  0.567448
11 26  0.611258
11 27  0.588458
11 28  0.607181
11 29  0.349294
11 30  0.585367
12 13  0.627670
12 14  0.627904
12 15  0.619054
12 16  0.620402
12 17  0.592957
12 18  0.569650
12 19  0.599619
12 20  0.598134
12 21  0.624257
12 22  0.627267
12 23  0.391574
12 24  0.625457
12 25  0.621846
12 26  0.622932
12 27  0.557163
12 28  0.613377
12 29  0.619490
12 30  0.552964
13 14  0.624015
13 15  0.589509
13 16  0.613629
13 17  0.583275
13 18  0.588576
13 19  0.563734
13 20  0.562459
13 21  0.622606
13 22  0.402289
13 23  0.626827
13 24  0.620639
13 25  0.585824
13 26  0.621656
13 27  0.598035
13 28  0.617005
13 29  0.583702
13 30  0.594922
14 15  0.615312
14 16  0.587543
14 17  0.585275
14 18  0.583616
14 19  0.596053
14 20  0.594454
14 21  0.447415
14 22  0.622471
14 23  0.623898
14 24  0.601035
14 25  0.617590
14 26  0.598637
14 27  0.598932
14 28  0.585907
14 29  0.613734
14 30  0.595641
15 16  0.606656
15 17  0.560931
15 18  0.580077
15 19  0.583621
15 20  0.583702
15 21  0.614394
15 22  0.583479
15 23  0.618165
15 24  0.609993
15 25  0.354310
15 26  0.613141
15 27  0.589425
15 28  0.608063
15 29  0.566704
15 30  0.586290
16 17  0.579846
16 18  0.580098
16 19  0.587608
16 20  0.585868
16 21  0.598342
16 22  0.613754
16 23  0.618989
16 24  0.579285
16 25  0.609327
16 26  0.606920
16 27  0.590810
16 28  0.601742
16 29  0.595444
16 30  0.587670
17 18  0.554385
17 19  0.559838
17 20  0.558835
17 21  0.586947
17 22  0.585134
17 23  0.592516
17 24  0.563147
17 25  0.561507
17 26  0.586926
17 27  0.563807
17 28  0.581734
17 29  0.578656
17 30  0.560683
18 19  0.560662
18 20  0.559170
18 21  0.586859
18 22  0.588274
18 23  0.571688
18 24  0.586268
18 25  0.582918
18 26  0.564254
18 27  0.558249
18 28  0.579494
18 29  0.580437
18 30  0.556237
19 20  0.520079
19 21  0.595736
19 22  0.572156
19 23  0.598801
19 24  0.593407
19 25  0.581736
19 26  0.593782
19 27  0.570022
19 28  0.588977
19 29  0.580764
19 30  0.566905
20 21  0.594198
20 22  0.571442
20 23  0.597311
20 24  0.591920
20 25  0.581076
20 26  0.592276
20 27  0.568531
20 28  0.587477
20 29  0.578184
20 30  0.565415
21 22  0.623233
21 23  0.626202
21 24  0.602387
21 25  0.617946
21 26  0.601439
21 27  0.598444
21 28  0.597761
21 29  0.614149
21 30  0.594969
22 23  0.626422
22 24  0.620957
22 25  0.592774
22 26  0.621265
22 27  0.597648
22 28  0.616489
22 29  0.590508
22 30  0.594531
23 24  0.624439
23 25  0.621065
23 26  0.623899
23 27  0.565477
23 28  0.609970
23 29  0.618639
23 30  0.563020
24 25  0.614313
24 26  0.613729
24 27  0.596420
24 28  0.607792
24 29  0.612586
24 30  0.593206
25 26  0.615961
25 27  0.592291
25 28  0.611155
25 29  0.573495
25 30  0.589173
26 27  0.596449
26 28  0.576691
26 29  0.613008
26 30  0.593108
27 28  0.590563
27 29  0.589886
27 30  0.520991
28 29  0.608369
28 30  0.586465
29 30  0.586767
