  -1146.53975808
  -1146.90850217
0.00002890558100
2 2 2 2 2 2 2 2 2 2 2 2 2 2 2 0 0 0 0 0 0 0 0 0 0 0 0 0 0 0 
1  0.272505
2  0.271679
3  0.282354
4  0.282264
5  0.285235
6  0.313588
7  0.314031
8  0.285199
9  0.310179
10  0.311329
11  0.308296
12  0.319475
13  0.315891
14  0.318995
15  0.307703
16  0.312249
17  0.283851
18  0.281834
19  0.286260
20  0.284863
21  0.318957
22  0.315217
23  0.318624
24  0.316493
25  0.310570
26  0.316448
27  0.288342
28  0.312309
29  0.309817
30  0.285536
1 2  0.544133
1 3  0.553902
1 4  0.554333
1 5  0.557714
1 6  0.585085
1 7  0.584873
1 8  0.557690
1 9  0.561701
1 10  0.582541
1 11  0.579252
1 12  0.591886
1 13  0.585334
1 14  0.588496
1 15  0.559713
1 16  0.583565
1 17  0.255981
1 18  0.554309
1 19  0.557010
1 20  0.557092
1 21  0.586507
1 22  0.582370
1 23  0.590709
1 24  0.568546
1 25  0.565033
1 26  0.588777
1 27  0.560795
1 28  0.583531
1 29  0.580735
1 30  0.557815
2 3  0.554032
2 4  0.553939
2 5  0.553961
2 6  0.565038
2 7  0.584220
2 8  0.551882
2 9  0.580754
2 10  0.580171
2 11  0.579885
2 12  0.572142
2 13  0.587548
2 14  0.587394
2 15  0.579365
2 16  0.582798
2 17  0.555476
2 18  0.258649
2 19  0.557885
2 20  0.556434
2 21  0.584310
2 22  0.586819
2 23  0.570002
2 24  0.588077
2 25  0.582239
2 26  0.567690
2 27  0.555268
2 28  0.581642
2 29  0.581046
2 30  0.556041
3 4  0.520387
3 5  0.567587
3 6  0.595940
3 7  0.596136
3 8  0.567552
3 9  0.592452
3 10  0.593681
3 11  0.585113
3 12  0.601830
3 13  0.576253
3 14  0.601286
3 15  0.582603
3 16  0.594486
3 17  0.564470
3 18  0.564129
3 19  0.278367
3 20  0.517730
3 21  0.601301
3 22  0.566030
3 23  0.600922
3 24  0.598537
3 25  0.590089
3 26  0.598676
3 27  0.570696
3 28  0.594524
3 29  0.590851
3 30  0.567884
4 5  0.567498
4 6  0.595838
4 7  0.595763
4 8  0.567462
4 9  0.592381
4 10  0.593591
4 11  0.583084
4 12  0.601739
4 13  0.576294
4 14  0.601181
4 15  0.584356
4 16  0.593579
4 17  0.565901
4 18  0.563949
4 19  0.518563
4 20  0.277269
4 21  0.601073
4 22  0.566558
4 23  0.600816
4 24  0.598724
4 25  0.591566
4 26  0.598443
4 27  0.570603
4 28  0.594401
4 29  0.588918
4 30  0.567800
5 6  0.598561
5 7  0.599240
5 8  0.522404
5 9  0.595303
5 10  0.593960
5 11  0.593530
5 12  0.567717
5 13  0.601125
5 14  0.603692
5 15  0.592936
5 16  0.597170
5 17  0.568752
5 18  0.565997
5 19  0.571489
5 20  0.570098
5 21  0.603780
5 22  0.600409
5 23  0.559991
5 24  0.601136
5 25  0.595762
5 26  0.601537
5 27  0.518409
5 28  0.595597
5 29  0.594981
5 30  0.293998
6 7  0.619705
6 8  0.598546
6 9  0.613372
6 10  0.588732
6 11  0.621394
6 12  0.630595
6 13  0.629311
6 14  0.612242
6 15  0.621111
6 16  0.623982
6 17  0.596837
6 18  0.579421
6 19  0.599691
6 20  0.598239
6 21  0.600708
6 22  0.628771
6 23  0.629894
6 24  0.628225
6 25  0.624015
6 26  0.391654
6 27  0.601474
6 28  0.588244
6 29  0.622871
6 30  0.598889
7 8  0.599200
7 9  0.591444
7 10  0.620429
7 11  0.609927
7 12  0.633089
7 13  0.628098
7 14  0.610007
7 15  0.620987
7 16  0.373422
7 17  0.595313
7 18  0.594044
7 19  0.600161
7 20  0.597932
7 21  0.609301
7 22  0.626553
7 23  0.632389
7 24  0.590984
7 25  0.624000
7 26  0.626891
7 27  0.602194
7 28  0.624475
7 29  0.613006
7 30  0.599477
8 9  0.595347
8 10  0.595048
8 11  0.593494
8 12  0.569095
8 13  0.601090
8 14  0.603802
8 15  0.592901
8 16  0.597121
8 17  0.568947
8 18  0.562714
8 19  0.571459
8 20  0.570058
8 21  0.604080
8 22  0.600375
8 23  0.558012
8 24  0.601470
8 25  0.595753
8 26  0.601157
8 27  0.293382
8 28  0.597027
8 29  0.594916
8 30  0.518700
9 10  0.613615
9 11  0.617760
9 12  0.628871
9 13  0.625709
9 14  0.612007
9 15  0.616154
9 16  0.588356
9 17  0.576419
9 18  0.591775
9 19  0.596018
9 20  0.594916
9 21  0.600689
9 22  0.624760
9 23  0.628574
9 24  0.376013
9 25  0.618178
9 26  0.625063
9 27  0.598348
9 28  0.620636
9 29  0.619490
9 30  0.595349
10 11  0.619403
10 12  0.620328
10 13  0.627137
10 14  0.606453
10 15  0.618904
10 16  0.621913
10 17  0.593287
10 18  0.588298
10 19  0.597465
10 20  0.596113
10 21  0.605039
10 22  0.626481
10 23  0.618592
10 24  0.624291
10 25  0.621483
10 26  0.585315
10 27  0.599343
10 28  0.386498
10 29  0.621113
10 30  0.595040
11 12  0.627756
11 13  0.598537
11 14  0.626079
11 15  0.582019
11 16  0.611298
11 17  0.590123
11 18  0.589456
11 19  0.593114
11 20  0.590292
11 21  0.625152
11 22  0.591378
11 23  0.626764
11 24  0.624184
11 25  0.578579
11 26  0.623735
11 27  0.596592
11 28  0.620298
11 29  0.361063
11 30  0.593821
12 13  0.635361
12 14  0.637665
12 15  0.627170
12 16  0.631672
12 17  0.602754
12 18  0.577810
12 19  0.605680
12 20  0.604289
12 21  0.634350
12 22  0.634691
12 23  0.398408
12 24  0.635384
12 25  0.629968
12 26  0.632476
12 27  0.562501
12 28  0.623495
12 29  0.629263
12 30  0.558543
13 14  0.634792
13 15  0.598359
13 16  0.625803
13 17  0.594073
13 18  0.597585
13 19  0.570742
13 20  0.569531
13 21  0.633655
13 22  0.410531
13 23  0.634509
13 24  0.631517
13 25  0.594793
13 26  0.632190
13 27  0.604206
13 28  0.628195
13 29  0.594061
13 30  0.601407
14 15  0.626514
14 16  0.601589
14 17  0.598283
14 18  0.594787
14 19  0.605239
14 20  0.603766
14 21  0.460309
14 22  0.633061
14 23  0.633630
14 24  0.613944
14 25  0.628921
14 26  0.611172
14 27  0.607255
14 28  0.598824
14 29  0.626482
14 30  0.604276
15 16  0.619305
15 17  0.571739
15 18  0.589533
15 19  0.591038
15 20  0.591165
15 21  0.625844
15 22  0.592162
15 23  0.626258
15 24  0.621110
15 25  0.363233
15 26  0.624083
15 27  0.596029
15 28  0.619656
15 29  0.578056
15 30  0.593197
16 17  0.594205
16 18  0.592521
16 19  0.598179
16 20  0.596485
16 21  0.612471
16 22  0.625473
16 23  0.630112
16 24  0.593887
16 25  0.621964
16 26  0.620361
16 27  0.600576
16 28  0.615536
16 29  0.608357
16 30  0.597745
17 18  0.565613
17 19  0.568956
17 20  0.568114
17 21  0.599962
17 22  0.595433
17 23  0.602371
17 24  0.574938
17 25  0.571474
17 26  0.599563
17 27  0.572178
17 28  0.594976
17 29  0.591534
17 30  0.569364
18 19  0.568092
18 20  0.566692
18 21  0.598058
18 22  0.597025
18 23  0.579504
18 24  0.597362
18 25  0.592380
18 26  0.573954
18 27  0.564631
18 28  0.590967
18 29  0.591528
18 30  0.562959
19 20  0.525912
19 21  0.605132
19 22  0.578809
19 23  0.604883
19 24  0.602622
19 25  0.588854
19 26  0.602703
19 27  0.574600
19 28  0.598566
19 29  0.589424
19 30  0.571794
20 21  0.603669
20 22  0.578145
20 23  0.603486
20 24  0.601224
20 25  0.588298
20 26  0.601279
20 27  0.573203
20 28  0.597157
20 29  0.586904
20 30  0.570398
21 22  0.633964
21 23  0.636172
21 24  0.615231
21 25  0.629387
21 26  0.613937
21 27  0.606948
21 28  0.610835
21 29  0.627094
21 30  0.603740
22 23  0.633833
22 24  0.631498
22 25  0.601391
22 26  0.631464
22 27  0.603559
22 28  0.627358
22 29  0.600396
22 30  0.600753
23 24  0.634191
23 25  0.629183
23 26  0.633353
23 27  0.570830
23 28  0.619445
23 29  0.628406
23 30  0.568477
24 25  0.625443
24 26  0.625862
24 27  0.604792
24 28  0.620547
24 29  0.625489
24 30  0.601883
25 26  0.626870
25 27  0.598911
25 28  0.622738
25 29  0.584778
25 30  0.596104
26 27  0.604474
26 28  0.589845
26 29  0.625518
26 30  0.601412
27 28  0.599119
27 29  0.598159
27 30  0.525288
28 29  0.621536
28 30  0.595270
29 30  0.595352
