  -1146.53975808
  -1146.90913318
0.00000810949146
2 2 2 2 2 2 2 2 2 2 2 2 2 2 2 0 0 0 0 0 0 0 0 0 0 0 0 0 0 0 
1  0.274537
2  0.273145
3  0.283178
4  0.283171
5  0.285937
6  0.315594
7  0.316578
8  0.285775
9  0.312315
10  0.313469
11  0.310233
12  0.320574
13  0.317212
14  0.321102
15  0.309116
16  0.314733
17  0.286016
18  0.283392
19  0.287148
20  0.285798
21  0.321137
22  0.316512
23  0.319688
24  0.318616
25  0.311958
26  0.318455
27  0.288939
28  0.314363
29  0.311716
30  0.286237
1 2  0.547616
1 3  0.556704
1 4  0.557250
1 5  0.560441
1 6  0.589071
1 7  0.589440
1 8  0.560291
1 9  0.565413
1 10  0.586620
1 11  0.583213
1 12  0.595000
1 13  0.588609
1 14  0.592538
1 15  0.562805
1 16  0.588061
1 17  0.259771
1 18  0.557894
1 19  0.559864
1 20  0.560053
1 21  0.590708
1 22  0.585678
1 23  0.593784
1 24  0.572642
1 25  0.568391
1 26  0.592813
1 27  0.563408
1 28  0.587583
1 29  0.584646
1 30  0.560493
2 3  0.556319
2 4  0.556310
2 5  0.556111
2 6  0.568063
2 7  0.588147
2 8  0.553896
2 9  0.584299
2 10  0.583758
2 11  0.583269
2 12  0.574645
2 13  0.590327
2 14  0.590896
2 15  0.582234
2 16  0.586718
2 17  0.559098
2 18  0.261441
2 19  0.560218
2 20  0.558791
2 21  0.587926
2 22  0.589564
2 23  0.572554
2 24  0.591658
2 25  0.585090
2 26  0.571060
2 27  0.557340
2 28  0.585151
2 29  0.584344
2 30  0.558198
3 4  0.522217
3 5  0.569112
3 6  0.598767
3 7  0.599476
3 8  0.568950
3 9  0.595403
3 10  0.596642
3 11  0.587751
3 12  0.603751
3 13  0.578376
3 14  0.604205
3 15  0.584786
3 16  0.597787
3 17  0.567390
3 18  0.566496
3 19  0.280120
3 20  0.519628
3 21  0.604299
3 22  0.568175
3 23  0.602793
3 24  0.601495
3 25  0.592296
3 26  0.601491
3 27  0.572116
3 28  0.597355
3 29  0.593541
3 30  0.569404
4 5  0.569106
4 6  0.598749
4 7  0.599171
4 8  0.568944
4 9  0.595412
4 10  0.596636
4 11  0.585803
4 12  0.603745
4 13  0.578471
4 14  0.604179
4 15  0.586605
4 16  0.596913
4 17  0.568967
4 18  0.566371
4 19  0.520499
4 20  0.279138
4 21  0.604152
4 22  0.568784
4 23  0.602768
4 24  0.601743
4 25  0.593837
4 26  0.601316
4 27  0.572105
4 28  0.597336
4 29  0.591713
4 30  0.569408
5 6  0.601250
5 7  0.602484
5 8  0.523762
5 9  0.598134
5 10  0.596738
5 11  0.596167
5 12  0.569522
5 13  0.603148
5 14  0.606460
5 15  0.595050
5 16  0.600356
5 17  0.571559
5 18  0.568242
5 19  0.573076
5 20  0.571735
5 21  0.606663
5 22  0.602394
5 23  0.561798
5 24  0.603911
5 25  0.597832
5 26  0.604238
5 27  0.519826
5 28  0.598359
5 29  0.597580
5 30  0.295463
6 7  0.624096
6 8  0.601123
6 9  0.617272
6 10  0.592891
6 11  0.625303
6 12  0.633672
6 13  0.632614
6 14  0.616335
6 15  0.624497
6 16  0.628467
6 17  0.601002
6 18  0.582823
6 19  0.602564
6 20  0.601135
6 21  0.604819
6 22  0.632069
6 23  0.632946
6 24  0.632288
6 25  0.627377
6 26  0.395546
6 27  0.604075
6 28  0.592377
6 29  0.626732
6 30  0.601588
7 8  0.602317
7 9  0.596166
7 10  0.624908
7 11  0.614041
7 12  0.636697
7 13  0.631896
7 14  0.614341
7 15  0.624940
7 16  0.378264
7 17  0.600014
7 18  0.598115
7 19  0.603587
7 20  0.601366
7 21  0.613901
7 22  0.630406
7 23  0.635987
7 24  0.595750
7 25  0.627923
7 26  0.631421
7 27  0.605291
7 28  0.629002
7 29  0.617368
7 30  0.602719
8 9  0.598053
8 10  0.597717
8 11  0.596006
8 12  0.570853
8 13  0.602987
8 14  0.606452
8 15  0.594889
8 16  0.600131
8 17  0.571682
8 18  0.564854
8 19  0.572923
8 20  0.571565
8 21  0.606827
8 22  0.602234
8 23  0.559716
8 24  0.604160
8 25  0.597712
8 26  0.603743
8 27  0.294605
8 28  0.599633
8 29  0.597376
8 30  0.520092
9 10  0.617726
9 11  0.621828
9 12  0.632051
9 13  0.629153
9 14  0.616208
9 15  0.619647
9 16  0.593043
9 17  0.580567
9 18  0.595453
9 19  0.599034
9 20  0.597972
9 21  0.604959
9 22  0.628183
9 23  0.631747
9 24  0.380138
9 25  0.621667
9 26  0.629143
9 27  0.601068
9 28  0.624825
9 29  0.623508
9 30  0.598127
10 11  0.623445
10 12  0.623366
10 13  0.630581
10 14  0.610437
10 15  0.622447
10 16  0.626460
10 17  0.597538
10 18  0.591998
10 19  0.600451
10 20  0.599173
10 21  0.609209
10 22  0.629903
10 23  0.621776
10 24  0.628533
10 25  0.625051
10 26  0.589524
10 27  0.602057
10 28  0.390518
10 29  0.625145
10 30  0.597881
11 12  0.630788
11 13  0.601606
11 14  0.630067
11 15  0.585427
11 16  0.615620
11 17  0.594205
11 18  0.592873
11 19  0.595900
11 20  0.593157
11 21  0.629288
11 22  0.594513
11 23  0.629752
11 24  0.628235
11 25  0.581937
11 26  0.627647
11 27  0.599116
11 28  0.624288
11 29  0.364754
11 30  0.596459
12 13  0.637780
12 14  0.640838
12 15  0.629679
12 16  0.635246
12 17  0.605986
12 18  0.580477
12 19  0.607649
12 20  0.606306
12 21  0.637598
12 22  0.637085
12 23  0.400752
12 24  0.638591
12 25  0.632431
12 26  0.635574
12 27  0.564256
12 28  0.626613
12 29  0.632253
12 30  0.560387
13 14  0.638213
13 15  0.601033
13 16  0.629618
13 17  0.597558
13 18  0.600440
13 19  0.572951
13 20  0.571781
13 21  0.637140
13 22  0.413316
13 23  0.636895
13 24  0.634950
13 25  0.597478
13 26  0.635507
13 27  0.606113
13 28  0.631569
13 29  0.597202
13 30  0.603420
14 15  0.630028
14 16  0.605997
14 17  0.602551
14 18  0.598449
14 19  0.608227
14 20  0.606792
14 21  0.464848
14 22  0.636451
14 23  0.636785
14 24  0.618099
14 25  0.632406
14 26  0.615209
14 27  0.609953
14 28  0.602786
14 29  0.630491
14 30  0.607082
15 16  0.623192
15 17  0.575233
15 18  0.592500
15 19  0.593333
15 20  0.593486
15 21  0.629431
15 22  0.594808
15 23  0.628710
15 24  0.624601
15 25  0.365930
15 26  0.627491
15 27  0.598031
15 28  0.623143
15 29  0.581433
15 30  0.595291
16 17  0.598840
16 18  0.596488
16 19  0.601517
16 20  0.599851
16 21  0.616955
16 22  0.629180
16 23  0.633613
16 24  0.598576
16 25  0.625815
16 26  0.624693
16 27  0.603655
16 28  0.619734
16 29  0.612368
16 30  0.600923
17 18  0.569322
17 19  0.571944
17 20  0.571197
17 21  0.604209
17 22  0.598815
17 23  0.605588
17 24  0.578794
17 25  0.574637
17 26  0.603703
17 27  0.574933
17 28  0.599137
17 29  0.595585
17 30  0.572221
18 19  0.570536
18 20  0.569182
18 21  0.601716
18 22  0.599869
18 23  0.582078
18 24  0.601002
18 25  0.595317
18 26  0.577079
18 27  0.566753
18 28  0.594548
18 29  0.594958
18 30  0.565187
19 20  0.527835
19 21  0.608189
19 22  0.580970
19 23  0.606835
19 24  0.605634
19 25  0.591080
19 26  0.605596
19 27  0.576085
19 28  0.601509
19 29  0.592079
19 30  0.573383
20 21  0.606761
20 22  0.580340
20 23  0.605485
20 24  0.604256
20 25  0.590541
20 26  0.604215
20 27  0.574735
20 28  0.600141
20 29  0.589640
20 30  0.572034
21 22  0.637429
21 23  0.639379
21 24  0.619397
21 25  0.632945
21 26  0.617980
21 27  0.609697
21 28  0.614915
21 29  0.631109
21 30  0.606565
22 23  0.636190
22 24  0.634905
22 25  0.604030
22 26  0.634736
22 27  0.605451
22 28  0.630685
22 29  0.603410
22 30  0.602749
23 24  0.637309
23 25  0.631630
23 26  0.636398
23 27  0.572566
23 28  0.622369
23 29  0.631362
23 30  0.570253
24 25  0.628908
24 26  0.629802
24 27  0.607503
24 28  0.624576
24 29  0.629492
24 30  0.604693
25 26  0.630230
25 27  0.600894
25 28  0.626175
25 29  0.588130
25 30  0.598193
26 27  0.607071
26 28  0.593965
26 29  0.629368
26 30  0.604098
27 28  0.601712
27 29  0.600654
27 30  0.526678
28 29  0.625436
28 30  0.597973
29 30  0.597951
