  -1146.53975808
  -1146.90933062
0.00000005898505
2 2 2 2 2 2 2 2 2 2 2 2 2 2 2 0 0 0 0 0 0 0 0 0 0 0 0 0 0 0 
1  0.275318
2  0.273694
3  0.283485
4  0.283518
5  0.286223
6  0.316335
7  0.317550
8  0.286008
9  0.313127
10  0.314243
11  0.310958
12  0.320994
13  0.317682
14  0.321918
15  0.309635
16  0.315689
17  0.286859
18  0.283987
19  0.287470
20  0.286147
21  0.321959
22  0.316967
23  0.320090
24  0.319429
25  0.312458
26  0.319202
27  0.289172
28  0.315123
29  0.312431
30  0.286518
1 2  0.548942
1 3  0.557781
1 4  0.558369
1 5  0.561501
1 6  0.590568
1 7  0.591184
1 8  0.561300
1 9  0.566817
1 10  0.588150
1 11  0.584711
1 12  0.596194
1 13  0.589839
1 14  0.594105
1 15  0.563971
1 16  0.589785
1 17  0.261258
1 18  0.559270
1 19  0.560962
1 20  0.561182
1 21  0.592314
1 22  0.586916
1 23  0.594964
1 24  0.574191
1 25  0.569638
1 26  0.594335
1 27  0.564411
1 28  0.589112
1 29  0.586131
1 30  0.561532
2 3  0.557175
2 4  0.557203
2 5  0.556944
2 6  0.569190
2 7  0.589646
2 8  0.554672
2 9  0.585631
2 10  0.585073
2 11  0.584533
2 12  0.575600
2 13  0.591342
2 14  0.592240
2 15  0.583297
2 16  0.588226
2 17  0.560489
2 18  0.262518
2 19  0.561077
2 20  0.559658
2 21  0.589297
2 22  0.590563
2 23  0.573513
2 24  0.593016
2 25  0.586136
2 26  0.572315
2 27  0.558128
2 28  0.586453
2 29  0.585597
2 30  0.559025
3 4  0.522906
3 5  0.569705
3 6  0.599813
3 7  0.600743
3 8  0.569490
3 9  0.596518
3 10  0.597723
3 11  0.588738
3 12  0.604479
3 13  0.579152
3 14  0.605323
3 15  0.585597
3 16  0.599044
3 17  0.568535
3 18  0.567389
3 19  0.280772
3 20  0.520338
3 21  0.605426
3 22  0.568951
3 23  0.603489
3 24  0.602623
3 25  0.593100
3 26  0.602545
3 27  0.572656
3 28  0.598398
3 29  0.594549
3 30  0.569990
4 5  0.569739
4 6  0.599834
4 7  0.600474
4 8  0.569523
4 9  0.596560
4 10  0.597755
4 11  0.586844
4 12  0.604511
4 13  0.579274
4 14  0.605335
4 15  0.587448
4 16  0.598213
4 17  0.570154
4 18  0.567283
4 19  0.521222
4 20  0.279850
4 21  0.605319
4 22  0.569598
4 23  0.603506
4 24  0.602902
4 25  0.594675
4 26  0.602380
4 27  0.572684
4 28  0.598439
4 29  0.592774
4 30  0.570034
5 6  0.602271
5 7  0.603740
5 8  0.524314
5 9  0.599230
5 10  0.597782
5 11  0.597178
5 12  0.570238
5 13  0.603905
5 14  0.607550
5 15  0.595855
5 16  0.601601
5 17  0.572666
5 18  0.569120
5 19  0.573683
5 20  0.572370
5 21  0.607771
5 22  0.603124
5 23  0.562507
5 24  0.604997
5 25  0.598604
5 26  0.605268
5 27  0.520393
5 28  0.599407
5 29  0.598581
5 30  0.296064
6 7  0.625757
6 8  0.602096
6 9  0.618736
6 10  0.594436
6 11  0.626762
6 12  0.634823
6 13  0.633818
6 14  0.617882
6 15  0.625737
6 16  0.630160
6 17  0.602583
6 18  0.584084
6 19  0.603623
6 20  0.602198
6 21  0.606356
6 22  0.633262
6 23  0.634080
6 24  0.633809
6 25  0.628615
6 26  0.396981
6 27  0.605055
6 28  0.593911
6 29  0.628189
6 30  0.602604
7 8  0.603520
7 9  0.597985
7 10  0.626557
7 11  0.615587
7 12  0.638076
7 13  0.633313
7 14  0.615999
7 15  0.626426
7 16  0.380147
7 17  0.601820
7 18  0.599681
7 19  0.604879
7 20  0.602682
7 21  0.615632
7 22  0.631844
7 23  0.637358
7 24  0.597583
7 25  0.629387
7 26  0.633125
7 27  0.606472
7 28  0.630693
7 29  0.619017
7 30  0.603973
8 9  0.599094
8 10  0.598704
8 11  0.596963
8 12  0.571544
8 13  0.603690
8 14  0.607490
8 15  0.595639
8 16  0.601302
8 17  0.572757
8 18  0.565687
8 19  0.573478
8 20  0.572144
8 21  0.607880
8 22  0.602915
8 23  0.560383
8 24  0.605208
8 25  0.598442
8 26  0.604725
8 27  0.295102
8 28  0.600615
8 29  0.598309
8 30  0.520651
9 10  0.619261
9 11  0.623362
9 12  0.633271
9 13  0.630429
9 14  0.617817
9 15  0.620957
9 16  0.594844
9 17  0.582142
9 18  0.596856
9 19  0.600178
9 20  0.599131
9 21  0.606580
9 22  0.629450
9 23  0.632957
9 24  0.381707
9 25  0.622957
9 26  0.630669
9 27  0.602113
9 28  0.626393
9 29  0.625026
9 30  0.599206
10 11  0.624929
10 12  0.624490
10 13  0.631820
10 14  0.611929
10 15  0.623737
10 16  0.628153
10 17  0.599150
10 18  0.593367
10 19  0.601525
10 20  0.600292
10 21  0.610734
10 22  0.631128
10 23  0.622944
10 24  0.630106
10 25  0.626346
10 26  0.591087
10 27  0.603055
10 28  0.392032
10 29  0.626630
10 30  0.598940
11 12  0.631931
11 13  0.602743
11 14  0.631586
11 15  0.586708
11 16  0.617252
11 17  0.595764
11 18  0.594173
11 19  0.596934
11 20  0.594227
11 21  0.630848
11 22  0.595657
11 23  0.630861
11 24  0.629766
11 25  0.583191
11 26  0.629129
11 27  0.600064
11 28  0.625775
11 29  0.366165
11 30  0.597464
12 13  0.638669
12 14  0.642059
12 15  0.630615
12 16  0.636619
12 17  0.607234
12 18  0.581504
12 19  0.608375
12 20  0.607065
12 21  0.638843
12 22  0.637958
12 23  0.401660
12 24  0.639824
12 25  0.633342
12 26  0.636735
12 27  0.564938
12 28  0.627775
12 29  0.633380
12 30  0.561109
13 14  0.639496
13 15  0.602013
13 16  0.631051
13 17  0.598871
13 18  0.601501
13 19  0.573752
13 20  0.572607
13 21  0.638425
13 22  0.414337
13 23  0.637768
13 24  0.636234
13 25  0.598449
13 26  0.636719
13 27  0.606813
13 28  0.632798
13 29  0.598360
13 30  0.604164
14 15  0.631358
14 16  0.607692
14 17  0.604214
14 18  0.599860
14 19  0.609365
14 20  0.607955
14 21  0.466608
14 22  0.637716
14 23  0.638001
14 24  0.619699
14 25  0.633724
14 26  0.616744
14 27  0.610999
14 28  0.604293
14 29  0.632028
14 30  0.608177
15 16  0.624659
15 17  0.576541
15 18  0.593611
15 19  0.594171
15 20  0.594343
15 21  0.630773
15 22  0.595773
15 23  0.629619
15 24  0.625911
15 25  0.366934
15 26  0.628757
15 27  0.598781
15 28  0.624434
15 29  0.582703
15 30  0.596072
16 17  0.600629
16 18  0.598015
16 19  0.602783
16 20  0.601141
16 21  0.618667
16 22  0.630569
16 23  0.634956
16 24  0.600387
16 25  0.627266
16 26  0.626343
16 27  0.604843
16 28  0.621307
16 29  0.613871
16 30  0.602159
17 18  0.570754
17 19  0.573095
17 20  0.572382
17 21  0.605839
17 22  0.600089
17 23  0.606830
17 24  0.580275
17 25  0.575833
17 26  0.605281
17 27  0.576003
17 28  0.600723
17 29  0.597134
17 30  0.573338
18 19  0.571452
18 20  0.570123
18 21  0.603102
18 22  0.600916
18 23  0.583064
18 24  0.602396
18 25  0.596407
18 26  0.578261
18 27  0.567576
18 28  0.595892
18 29  0.596260
18 30  0.566057
19 20  0.528543
19 21  0.609330
19 22  0.581744
19 23  0.607560
19 24  0.606768
19 25  0.591886
19 26  0.606664
19 27  0.576639
19 28  0.602591
19 29  0.593071
19 30  0.573985
20 21  0.607921
20 22  0.581135
20 23  0.606236
20 24  0.605405
20 25  0.591373
20 26  0.605308
20 27  0.575316
20 28  0.601246
20 29  0.590676
20 30  0.572663
21 22  0.638702
21 23  0.640585
21 24  0.620982
21 25  0.634262
21 26  0.619495
21 27  0.610742
21 28  0.616442
21 29  0.632627
21 30  0.607652
22 23  0.637045
22 24  0.636168
22 25  0.604980
22 26  0.635927
22 27  0.606138
22 28  0.631890
22 29  0.604536
22 30  0.603484
23 24  0.638509
23 25  0.632529
23 26  0.637537
23 27  0.573236
23 28  0.623460
23 29  0.632475
23 30  0.570945
24 25  0.630201
24 26  0.631284
24 27  0.608543
24 28  0.626105
24 29  0.631015
24 30  0.605782
25 26  0.631458
25 27  0.601626
25 28  0.627431
25 29  0.589381
25 30  0.598973
26 27  0.608050
26 28  0.595508
26 29  0.630818
26 30  0.605117
27 28  0.602680
27 29  0.601601
27 30  0.527227
28 29  0.626886
28 30  0.598997
29 30  0.598946
