   -993.90094506
   -994.21351190
0.00018952442100
2 2 2 2 2 2 2 2 2 2 2 2 2 0 0 0 0 0 0 0 0 0 0 0 0 0 
1  0.258851
2  0.258722
3  0.296249
4  0.293687
5  0.296529
6  0.280083
7  0.293434
8  0.279645
9  0.309749
10  0.279455
11  0.279598
12  0.300243
13  0.309636
14  0.268347
15  0.268629
16  0.299191
17  0.308794
18  0.308813
19  0.293955
20  0.300523
21  0.283418
22  0.283174
23  0.293717
24  0.279996
25  0.279945
26  0.300495
1 2  0.517524
1 3  0.554296
1 4  0.550123
1 5  0.538090
1 6  0.538929
1 7  0.551309
1 8  0.538488
1 9  0.568545
1 10  0.535763
1 11  0.533999
1 12  0.556470
1 13  0.550702
1 14  0.234874
1 15  0.527477
1 16  0.551923
1 17  0.548067
1 18  0.567529
1 19  0.550810
1 20  0.559321
1 21  0.542241
1 22  0.537139
1 23  0.551895
1 24  0.538770
1 25  0.537672
1 26  0.539135
2 3  0.537756
2 4  0.551448
2 5  0.554446
2 6  0.534439
2 7  0.549840
2 8  0.535821
2 9  0.550670
2 10  0.538169
2 11  0.538316
2 12  0.556267
2 13  0.568305
2 14  0.527065
2 15  0.235024
2 16  0.551906
2 17  0.567386
2 18  0.547975
2 19  0.551994
2 20  0.539026
2 21  0.537290
2 22  0.541869
2 23  0.550478
2 24  0.537612
2 25  0.538579
2 26  0.559170
3 4  0.583130
3 5  0.583978
3 6  0.576124
3 7  0.554000
3 8  0.575719
3 9  0.603758
3 10  0.575647
3 11  0.575835
3 12  0.578399
3 13  0.605345
3 14  0.564296
3 15  0.550219
3 16  0.564924
3 17  0.604914
3 18  0.602927
3 19  0.588808
3 20  0.362826
3 21  0.579132
3 22  0.579323
3 23  0.553547
3 24  0.576084
3 25  0.575939
3 26  0.595368
4 5  0.554220
4 6  0.573751
4 7  0.583851
4 8  0.573320
4 9  0.603260
4 10  0.571004
4 11  0.572297
4 12  0.573360
4 13  0.594383
4 14  0.557169
4 15  0.560675
4 16  0.571756
4 17  0.590981
4 18  0.602301
4 19  0.352649
4 20  0.590849
4 21  0.577040
4 22  0.576637
4 23  0.586071
4 24  0.573626
4 25  0.571815
4 26  0.551939
5 6  0.576599
5 7  0.583023
5 8  0.576109
5 9  0.605738
5 10  0.575800
5 11  0.575926
5 12  0.579030
5 13  0.603930
5 14  0.550343
5 15  0.564832
5 16  0.565151
5 17  0.603214
5 18  0.605283
5 19  0.553906
5 20  0.595639
5 21  0.579875
5 22  0.579168
5 23  0.588753
5 24  0.576365
5 25  0.576285
5 26  0.362365
6 7  0.572543
6 8  0.511251
6 9  0.553777
6 10  0.559537
6 11  0.559680
6 12  0.580089
6 13  0.589719
6 14  0.548320
6 15  0.544600
6 16  0.579241
6 17  0.588818
6 18  0.542481
6 19  0.573887
6 20  0.580057
6 21  0.284013
6 22  0.563257
6 23  0.573383
6 24  0.507806
6 25  0.560026
6 26  0.580446
7 8  0.570953
7 9  0.594266
7 10  0.572879
7 11  0.573016
7 12  0.572702
7 13  0.602875
7 14  0.560162
7 15  0.557205
7 16  0.571527
7 17  0.601985
7 18  0.590798
7 19  0.586061
7 20  0.551702
7 21  0.576656
7 22  0.576558
7 23  0.352510
7 24  0.571552
7 25  0.573337
7 26  0.590589
8 9  0.552384
8 10  0.559100
8 11  0.559243
8 12  0.579548
8 13  0.589281
8 14  0.547736
8 15  0.547426
8 16  0.578441
8 17  0.588354
8 18  0.544785
8 19  0.573354
8 20  0.580096
8 21  0.506816
8 22  0.562818
8 23  0.571540
8 24  0.283672
8 25  0.559591
8 26  0.579749
9 10  0.589203
9 11  0.589347
9 12  0.609449
9 13  0.619377
9 14  0.577738
9 15  0.555023
9 16  0.605181
9 17  0.618522
9 18  0.378965
9 19  0.603671
9 20  0.606606
9 21  0.547611
9 22  0.592903
9 23  0.596124
9 24  0.542793
9 25  0.589672
9 26  0.609730
10 11  0.510559
10 12  0.579354
10 13  0.552110
10 14  0.546957
10 15  0.547902
10 16  0.578290
10 17  0.544619
10 18  0.588197
10 19  0.571546
10 20  0.579698
10 21  0.562872
10 22  0.506434
10 23  0.572917
10 24  0.559450
10 25  0.283499
10 26  0.579888
11 12  0.579605
11 13  0.553280
11 14  0.543829
11 15  0.548140
11 16  0.578761
11 17  0.542188
11 18  0.588359
11 19  0.573193
11 20  0.580014
11 21  0.563016
11 22  0.283776
11 23  0.573136
11 24  0.559592
11 25  0.507283
11 26  0.579607
12 13  0.609321
12 14  0.563021
12 15  0.563267
12 16  0.436637
12 17  0.605093
12 18  0.605118
12 19  0.564782
12 20  0.579011
12 21  0.583627
12 22  0.583380
12 23  0.564291
12 24  0.580064
12 25  0.579997
12 26  0.579323
13 14  0.554644
13 15  0.577969
13 16  0.605026
13 17  0.378424
13 18  0.618432
13 19  0.596277
13 20  0.609695
13 21  0.593036
13 22  0.547335
13 23  0.603303
13 24  0.589616
13 25  0.542722
13 26  0.606517
14 15  0.536922
14 16  0.565547
14 17  0.557404
14 18  0.577098
14 19  0.559351
14 20  0.568338
14 21  0.551759
14 22  0.546567
14 23  0.560950
14 24  0.548335
14 25  0.544267
14 26  0.547554
15 16  0.565795
15 17  0.577367
15 18  0.557775
15 19  0.561507
15 20  0.547470
15 21  0.547108
15 22  0.551800
15 23  0.559477
15 24  0.544642
15 25  0.548567
15 26  0.568456
16 17  0.606702
16 18  0.606799
16 19  0.575837
16 20  0.579882
16 21  0.582467
16 22  0.582184
16 23  0.575677
16 24  0.578758
16 25  0.578624
16 26  0.579865
17 18  0.617587
17 19  0.592906
17 20  0.608683
17 21  0.592211
17 22  0.555510
17 23  0.601996
17 24  0.588788
17 25  0.553325
17 26  0.607860
18 19  0.602237
18 20  0.607928
18 21  0.555645
18 22  0.591987
18 23  0.592638
18 24  0.553294
18 25  0.588757
18 26  0.608723
19 20  0.587200
19 21  0.577357
19 22  0.576091
19 23  0.580130
19 24  0.573915
19 25  0.571970
19 26  0.556063
20 21  0.583575
20 22  0.583680
20 23  0.556040
20 24  0.580091
20 25  0.580384
20 26  0.595862
21 22  0.566592
21 23  0.576212
21 24  0.514161
21 25  0.563362
21 26  0.583903
22 23  0.576878
22 24  0.563170
22 25  0.513923
22 26  0.583350
23 24  0.571613
23 25  0.573635
23 26  0.587003
24 25  0.559940
24 26  0.580427
25 26  0.579952
