   -993.90094506
   -994.21737686
0.00008359658430
2 2 2 2 2 2 2 2 2 2 2 2 2 0 0 0 0 0 0 0 0 0 0 0 0 0 
1  0.267590
2  0.267577
3  0.308551
4  0.306594
5  0.308563
6  0.283673
7  0.306454
8  0.283589
9  0.316757
10  0.283409
11  0.283189
12  0.311171
13  0.316670
14  0.278260
15  0.278215
16  0.310641
17  0.315036
18  0.315102
19  0.306631
20  0.313331
21  0.287117
22  0.286676
23  0.306564
24  0.283515
25  0.283319
26  0.313248
1 2  0.535099
1 3  0.575105
1 4  0.571527
1 5  0.556517
1 6  0.551257
1 7  0.572707
1 8  0.551165
1 9  0.584260
1 10  0.548158
1 11  0.546017
1 12  0.576016
1 13  0.565636
1 14  0.251054
1 15  0.545790
1 16  0.572304
1 17  0.562865
1 18  0.582516
1 19  0.572139
1 20  0.580834
1 21  0.554661
1 22  0.549384
1 23  0.573449
1 24  0.550972
1 25  0.549721
1 26  0.559525
2 3  0.556497
2 4  0.572838
2 5  0.575089
2 6  0.546482
2 7  0.571380
2 8  0.548326
2 9  0.565713
2 10  0.550972
2 11  0.550760
2 12  0.575980
2 13  0.584162
2 14  0.545824
2 15  0.251012
2 16  0.572319
2 17  0.582444
2 18  0.562948
2 19  0.573490
2 20  0.559584
2 21  0.549818
2 22  0.554209
2 23  0.572063
2 24  0.549904
2 25  0.550768
2 26  0.580740
3 4  0.607460
3 5  0.606457
3 6  0.591996
3 7  0.578649
3 8  0.591929
3 9  0.622925
3 10  0.591881
3 11  0.591723
3 12  0.601475
3 13  0.624563
3 14  0.586449
3 15  0.570904
3 16  0.588290
3 17  0.623454
3 18  0.621401
3 19  0.613698
3 20  0.385115
3 21  0.595214
3 22  0.595073
3 23  0.578204
3 24  0.591873
3 25  0.591568
3 26  0.620053
4 5  0.578769
4 6  0.590245
4 7  0.608505
4 8  0.590167
4 9  0.623007
4 10  0.587598
4 11  0.588521
4 12  0.595560
4 13  0.613233
4 14  0.579998
4 15  0.583136
4 16  0.594911
4 17  0.610131
4 18  0.621464
4 19  0.377215
4 20  0.616362
4 21  0.593575
4 22  0.593005
4 23  0.611422
4 24  0.590032
4 25  0.588147
4 26  0.577208
5 6  0.592219
5 7  0.607341
5 8  0.592072
5 9  0.624652
5 10  0.591759
5 11  0.591526
5 12  0.601563
5 13  0.622843
5 14  0.570914
5 15  0.586436
5 16  0.588272
5 17  0.621342
5 18  0.623547
5 19  0.578286
5 20  0.620161
5 21  0.595526
5 22  0.594785
5 23  0.613658
5 24  0.591783
5 25  0.591687
5 26  0.385008
6 7  0.588862
6 8  0.518953
6 9  0.564386
6 10  0.567081
6 11  0.566861
6 12  0.594537
6 13  0.600343
6 14  0.561825
6 15  0.557610
6 16  0.594256
6 17  0.598615
6 18  0.552241
6 19  0.590038
6 20  0.596520
6 21  0.291239
6 22  0.570349
6 23  0.589764
6 24  0.515297
6 25  0.566989
6 26  0.596755
7 8  0.587639
7 9  0.613205
7 10  0.589847
7 11  0.589621
7 12  0.595389
7 13  0.622783
7 14  0.583048
7 15  0.579821
7 16  0.594831
7 17  0.621248
7 18  0.610067
7 19  0.611322
7 20  0.577164
7 21  0.593306
7 22  0.592994
7 23  0.377090
7 24  0.588200
7 25  0.589696
7 26  0.616120
8 9  0.563052
8 10  0.566997
8 11  0.566777
8 12  0.594344
8 13  0.600258
8 14  0.561574
8 15  0.560816
8 16  0.593850
8 17  0.598501
8 18  0.554906
8 19  0.589896
8 20  0.596815
8 21  0.514796
8 22  0.570257
8 23  0.588226
8 24  0.291249
8 25  0.566908
8 26  0.596334
9 10  0.600165
9 11  0.599946
9 12  0.627252
9 13  0.633410
9 14  0.594624
9 15  0.571394
9 16  0.623632
9 17  0.631772
9 18  0.392730
9 19  0.623349
9 20  0.626380
9 21  0.558284
9 22  0.603381
9 23  0.615577
9 24  0.553271
9 25  0.600036
9 26  0.629374
10 11  0.518348
10 12  0.594167
10 13  0.562783
10 14  0.560682
10 15  0.561344
10 16  0.593671
10 17  0.554643
10 18  0.598389
10 19  0.588107
10 20  0.596234
10 21  0.570516
10 22  0.514265
10 23  0.589655
10 24  0.566923
10 25  0.291032
10 26  0.596551
11 12  0.594058
11 13  0.563880
11 14  0.557160
11 15  0.561293
11 16  0.593770
11 17  0.551770
11 18  0.598197
11 19  0.589350
11 20  0.596356
11 21  0.570305
11 22  0.290874
11 23  0.589491
11 24  0.566700
11 25  0.514667
11 26  0.595953
12 13  0.627163
12 14  0.583820
12 15  0.583775
12 16  0.460325
12 17  0.622468
12 18  0.622529
12 19  0.586973
12 20  0.602424
12 21  0.598222
12 22  0.597780
12 23  0.586850
12 24  0.594464
12 25  0.594267
12 26  0.602379
13 14  0.571338
13 15  0.594484
13 16  0.623533
13 17  0.392662
13 18  0.631755
13 19  0.615538
13 20  0.629363
13 21  0.603732
13 22  0.557782
13 23  0.623195
13 24  0.600140
13 25  0.553028
13 26  0.626212
14 15  0.556372
14 16  0.586638
14 17  0.572896
14 18  0.593264
14 19  0.581676
14 20  0.590744
14 21  0.565372
14 22  0.559543
14 23  0.583451
14 24  0.561760
14 25  0.557222
14 26  0.567461
15 16  0.586616
15 17  0.593150
15 18  0.572933
15 19  0.583474
15 20  0.567505
15 21  0.559923
15 22  0.564887
15 23  0.581559
15 24  0.557363
15 25  0.561520
15 26  0.590620
16 17  0.624348
16 18  0.624431
16 19  0.599159
16 20  0.603371
16 21  0.597515
16 22  0.597068
16 23  0.599164
16 24  0.593546
16 25  0.593338
16 26  0.603220
17 18  0.630101
17 19  0.610688
17 20  0.627536
17 21  0.602153
17 22  0.565018
17 23  0.620829
17 24  0.598549
17 25  0.562700
17 26  0.626744
18 19  0.620983
18 20  0.626896
18 21  0.565454
18 22  0.601778
18 23  0.610714
18 24  0.562950
18 25  0.598420
18 26  0.627532
19 20  0.611943
19 21  0.593734
19 22  0.592041
19 23  0.603514
19 24  0.590095
19 25  0.587687
19 26  0.580991
20 21  0.600157
20 22  0.599978
20 23  0.580975
20 24  0.596297
20 25  0.596520
20 26  0.620332
21 22  0.573792
21 23  0.592412
21 24  0.521754
21 25  0.570435
21 26  0.600336
22 23  0.593227
22 24  0.570190
22 25  0.521183
22 26  0.599632
23 24  0.587824
23 25  0.589831
23 26  0.611818
24 25  0.566833
24 26  0.596634
25 26  0.596018
