   -993.90094506
   -994.21898414
0.00002688483380
2 2 2 2 2 2 2 2 2 2 2 2 2 0 0 0 0 0 0 0 0 0 0 0 0 0 
1  0.271973
2  0.271969
3  0.314604
4  0.313141
5  0.314562
6  0.285455
7  0.313086
8  0.285743
9  0.320040
10  0.285562
11  0.284984
12  0.317264
13  0.319880
14  0.282906
15  0.282897
16  0.316751
17  0.318289
18  0.318438
19  0.313089
20  0.319141
21  0.288962
22  0.288520
23  0.313110
24  0.285658
25  0.285447
26  0.319115
1 2  0.543858
1 3  0.585277
1 4  0.582368
1 5  0.565569
1 6  0.557417
1 7  0.583534
1 8  0.557692
1 9  0.591899
1 10  0.554599
1 11  0.552010
1 12  0.586248
1 13  0.572963
1 14  0.258984
1 15  0.554855
1 16  0.582758
1 17  0.570531
1 18  0.590186
1 19  0.582948
1 20  0.591007
1 21  0.560869
1 22  0.555533
1 23  0.584265
1 24  0.557427
1 25  0.556179
1 26  0.569452
2 3  0.565618
2 4  0.583575
2 5  0.585243
2 6  0.552471
2 7  0.582310
2 8  0.554780
2 9  0.573112
2 10  0.557508
2 11  0.556941
2 12  0.586237
2 13  0.591738
2 14  0.554862
2 15  0.258989
2 16  0.582759
2 17  0.590026
2 18  0.570711
2 19  0.584230
2 20  0.569470
2 21  0.555977
2 22  0.560420
2 23  0.582963
2 24  0.556387
2 25  0.557210
2 26  0.590977
3 4  0.619531
3 5  0.617672
3 6  0.599821
3 7  0.591353
3 8  0.600090
3 9  0.632119
3 10  0.600067
3 11  0.599559
3 12  0.613570
3 13  0.633683
3 14  0.597114
3 15  0.581023
3 16  0.600244
3 17  0.632749
3 18  0.630756
3 19  0.626137
3 20  0.396151
3 21  0.603089
3 22  0.602940
3 23  0.590874
3 24  0.600018
3 25  0.599709
3 26  0.631778
4 5  0.591371
4 6  0.598567
4 7  0.621111
4 8  0.598859
4 9  0.632752
4 10  0.596058
4 11  0.596642
4 12  0.607366
4 13  0.622312
4 14  0.591212
4 15  0.594266
4 16  0.607118
4 17  0.619835
4 18  0.631328
4 19  0.389189
4 20  0.628517
4 21  0.601929
4 22  0.601343
4 23  0.624298
4 24  0.598703
4 25  0.596758
4 26  0.589846
5 6  0.599988
5 7  0.619421
5 8  0.600206
5 9  0.633801
5 10  0.599866
5 11  0.599309
5 12  0.613550
5 13  0.631918
5 14  0.580983
5 15  0.597064
5 16  0.600201
5 17  0.630560
5 18  0.632857
5 19  0.590833
5 20  0.631756
5 21  0.603342
5 22  0.602604
5 23  0.626120
5 24  0.599884
5 25  0.599766
5 26  0.396056
6 7  0.597053
6 8  0.523110
6 9  0.569621
6 10  0.571014
6 11  0.570436
6 12  0.602352
6 13  0.605333
6 14  0.568228
6 15  0.564057
6 16  0.602136
6 17  0.603609
6 18  0.557469
6 19  0.598241
6 20  0.604115
6 21  0.294789
6 22  0.573974
6 23  0.598043
6 24  0.519499
6 25  0.570889
6 26  0.604355
7 8  0.596184
7 9  0.622425
7 10  0.598623
7 11  0.598042
7 12  0.607289
7 13  0.632540
7 14  0.594213
7 15  0.591152
7 16  0.607081
7 17  0.631129
7 18  0.619947
7 19  0.624224
7 20  0.589824
7 21  0.601732
7 22  0.601434
7 23  0.389219
7 24  0.596925
7 25  0.598439
7 26  0.628439
8 9  0.568407
8 10  0.571304
8 11  0.570725
8 12  0.602510
8 13  0.605621
8 14  0.568300
8 15  0.567612
8 16  0.602101
8 17  0.603868
8 18  0.560432
8 19  0.598456
8 20  0.604754
8 21  0.519118
8 22  0.574251
8 23  0.596872
8 24  0.295497
8 25  0.571190
8 26  0.604271
9 10  0.605600
9 11  0.605022
9 12  0.636545
9 13  0.639894
9 14  0.602505
9 15  0.579450
9 16  0.633034
9 17  0.638314
9 18  0.399426
9 19  0.633077
9 20  0.635458
9 21  0.563513
9 22  0.608476
9 23  0.625258
9 24  0.558735
9 25  0.605416
9 26  0.638558
10 11  0.522515
10 12  0.602330
10 13  0.568065
10 14  0.567439
10 15  0.568103
10 16  0.601919
10 17  0.560078
10 18  0.603837
10 19  0.596659
10 20  0.604117
10 21  0.574513
10 22  0.518583
10 23  0.598291
10 24  0.571219
10 25  0.295264
10 26  0.604547
11 12  0.601882
11 13  0.569047
11 14  0.563581
11 15  0.567743
11 16  0.601664
11 17  0.556920
11 18  0.603287
11 19  0.597551
11 20  0.603914
11 21  0.573945
11 22  0.294437
11 23  0.597788
11 24  0.570628
11 25  0.518865
11 26  0.603616
12 13  0.636386
12 14  0.594536
12 15  0.594527
12 16  0.472200
12 17  0.631692
12 18  0.631848
12 19  0.599028
12 20  0.614168
12 21  0.606150
12 22  0.605708
12 23  0.599012
12 24  0.602686
12 25  0.602474
12 26  0.614165
13 14  0.579285
13 15  0.602336
13 16  0.632866
13 17  0.399221
13 18  0.638304
13 19  0.625057
13 20  0.638422
13 21  0.608759
13 22  0.562925
13 23  0.632937
13 24  0.605467
13 25  0.558393
13 26  0.635277
14 15  0.565698
14 16  0.597208
14 17  0.580538
14 18  0.601211
14 19  0.592667
14 20  0.601066
14 21  0.571856
14 22  0.565840
14 23  0.594457
14 24  0.568541
14 25  0.563833
14 26  0.576725
15 16  0.597205
15 17  0.601054
15 18  0.580688
15 19  0.594428
15 20  0.576745
15 21  0.566260
15 22  0.571405
15 23  0.592678
15 24  0.564030
15 25  0.568322
15 26  0.601029
16 17  0.633627
16 18  0.633777
16 19  0.611363
16 20  0.614861
16 21  0.605413
16 22  0.604970
16 23  0.611381
16 24  0.601691
16 25  0.601477
16 26  0.614818
17 18  0.636675
17 19  0.619670
17 20  0.636465
17 21  0.607251
17 22  0.570225
17 23  0.630484
17 24  0.603945
17 25  0.568016
17 26  0.635760
18 19  0.630618
18 20  0.635935
18 21  0.570760
18 22  0.606958
18 23  0.619831
18 24  0.568365
18 25  0.603883
18 26  0.636592
19 20  0.623621
19 21  0.602035
19 22  0.600184
19 23  0.615447
19 24  0.598690
19 25  0.596060
19 26  0.593345
20 21  0.607776
20 22  0.607619
20 23  0.593376
20 24  0.604178
20 25  0.604438
20 26  0.631480
21 22  0.577481
21 23  0.600648
21 24  0.526008
21 25  0.574408
21 26  0.608037
22 23  0.601614
22 24  0.574177
22 25  0.525413
22 26  0.607309
23 24  0.596294
23 25  0.598499
23 26  0.623612
24 25  0.571105
24 26  0.604625
25 26  0.603943
