   -993.90094506
   -994.21959018
0.00000009386205
2 2 2 2 2 2 2 2 2 2 2 2 2 0 0 0 0 0 0 0 0 0 0 0 0 0 
1  0.273842
2  0.273857
3  0.317056
4  0.315828
5  0.317013
6  0.286234
7  0.315796
8  0.286702
9  0.321473
10  0.286518
11  0.285752
12  0.319736
13  0.321303
14  0.284908
15  0.284908
16  0.319330
17  0.319646
18  0.319802
19  0.315676
20  0.321659
21  0.289761
22  0.289314
23  0.315703
24  0.286590
25  0.286376
26  0.321624
1 2  0.547579
1 3  0.589497
1 4  0.586896
1 5  0.569306
1 6  0.560055
1 7  0.588000
1 8  0.560510
1 9  0.595177
1 10  0.557403
1 11  0.554616
1 12  0.590507
1 13  0.576183
1 14  0.262562
1 15  0.558731
1 16  0.587172
1 17  0.573775
1 18  0.593390
1 19  0.587381
1 20  0.595382
1 21  0.563503
1 22  0.558210
1 23  0.588694
1 24  0.560145
1 25  0.558963
1 26  0.573688
2 3  0.569369
2 4  0.588048
2 5  0.589469
2 6  0.555105
2 7  0.586878
2 8  0.557605
2 9  0.576357
2 10  0.560341
2 11  0.559588
2 12  0.590521
2 13  0.595021
2 14  0.558746
2 15  0.262587
2 16  0.587187
2 17  0.593247
2 18  0.573980
2 19  0.588680
2 20  0.573727
2 21  0.558677
2 22  0.563070
2 23  0.587422
2 24  0.559193
2 25  0.559945
2 26  0.595362
3 4  0.624473
3 5  0.622261
3 6  0.603047
3 7  0.596542
3 8  0.603476
3 9  0.635974
3 10  0.603469
3 11  0.602771
3 12  0.618459
3 13  0.637495
3 14  0.601552
3 15  0.585248
3 16  0.605152
3 17  0.636535
3 18  0.634545
3 19  0.631171
3 20  0.400949
3 21  0.606346
3 22  0.606173
3 23  0.595995
3 24  0.603389
3 25  0.603025
3 26  0.636635
4 5  0.596540
4 6  0.602027
4 7  0.626203
4 8  0.602498
4 9  0.636819
4 10  0.599624
4 11  0.600032
4 12  0.612140
4 13  0.626161
4 14  0.595899
4 15  0.598940
4 16  0.612191
4 17  0.623852
4 18  0.635368
4 19  0.394262
4 20  0.633683
4 21  0.605347
4 22  0.604794
4 23  0.629456
4 24  0.602318
4 25  0.600379
4 26  0.595109
5 6  0.603209
5 7  0.624399
5 8  0.603609
5 9  0.637621
5 10  0.603249
5 11  0.602522
5 12  0.618428
5 13  0.635762
5 14  0.585197
5 15  0.601508
5 16  0.605128
5 17  0.634342
5 18  0.636649
5 19  0.595943
5 20  0.636627
5 21  0.606578
5 22  0.605854
5 23  0.631156
5 24  0.603196
5 25  0.603132
5 26  0.400839
6 7  0.600476
6 8  0.524954
6 9  0.571947
6 10  0.572747
6 11  0.571980
6 12  0.605564
6 13  0.607536
6 14  0.570991
6 15  0.566856
6 16  0.605483
6 17  0.605715
6 18  0.559700
6 19  0.601533
6 20  0.607414
6 21  0.296433
6 22  0.575548
6 23  0.601378
6 24  0.521358
6 25  0.572588
6 26  0.607638
7 8  0.599774
7 9  0.626305
7 10  0.602281
7 11  0.601513
7 12  0.612111
7 13  0.636616
7 14  0.598909
7 15  0.595869
7 16  0.612165
7 17  0.635179
7 18  0.623993
7 19  0.629397
7 20  0.595115
7 21  0.605210
7 22  0.604867
7 23  0.394295
7 24  0.600569
7 25  0.602072
7 26  0.633617
8 9  0.570806
8 10  0.573216
8 11  0.572449
8 12  0.605895
8 13  0.608002
8 14  0.571160
8 15  0.570563
8 16  0.605636
8 17  0.606152
8 18  0.562808
8 19  0.602002
8 20  0.608220
8 21  0.521034
8 22  0.576002
8 23  0.600429
8 24  0.297459
8 25  0.573078
8 26  0.607682
9 10  0.607989
9 11  0.607225
9 12  0.640406
9 13  0.642744
9 14  0.605882
9 15  0.582905
9 16  0.637016
9 17  0.641104
9 18  0.402454
9 19  0.637094
9 20  0.639394
9 21  0.565826
9 22  0.610677
9 23  0.629230
9 24  0.561158
9 25  0.607753
9 26  0.642483
10 11  0.524345
10 12  0.605711
10 13  0.570451
10 14  0.570379
10 15  0.570976
10 16  0.605451
10 17  0.562442
10 18  0.606124
10 19  0.600207
10 20  0.607531
10 21  0.576265
10 22  0.520492
10 23  0.601845
10 24  0.573108
10 25  0.297220
10 26  0.608002
11 12  0.605083
11 13  0.571351
11 14  0.566360
11 15  0.570510
11 16  0.605000
11 17  0.559131
11 18  0.605391
11 19  0.600871
11 20  0.607192
11 21  0.575512
11 22  0.296067
11 23  0.601079
11 24  0.572320
11 25  0.520707
11 26  0.606897
12 13  0.640236
12 14  0.599004
12 15  0.599004
12 16  0.477564
12 17  0.635503
12 18  0.635665
12 19  0.603798
12 20  0.619055
12 21  0.609413
12 22  0.608967
12 23  0.603822
12 24  0.606085
12 25  0.605870
12 26  0.619028
13 14  0.582724
13 15  0.605711
13 16  0.636838
13 17  0.402232
13 18  0.641090
13 19  0.629013
13 20  0.642345
13 21  0.610954
13 22  0.565222
13 23  0.636951
13 24  0.607797
13 25  0.560801
13 26  0.639194
14 15  0.569672
14 16  0.601691
14 17  0.583840
14 18  0.604554
14 19  0.597215
14 20  0.605528
14 21  0.574646
14 22  0.568598
14 23  0.598967
14 24  0.571461
14 25  0.566723
14 26  0.580658
15 16  0.601692
15 17  0.604398
15 18  0.584005
15 19  0.598941
15 20  0.580691
15 21  0.569031
15 22  0.574199
15 23  0.597240
15 24  0.566933
15 25  0.571247
15 26  0.605493
16 17  0.637520
16 18  0.637675
16 19  0.616344
16 20  0.619741
16 21  0.608760
16 22  0.608313
16 23  0.616367
16 24  0.605137
16 25  0.604924
16 26  0.619709
17 18  0.639385
17 19  0.623364
17 20  0.640253
17 21  0.609406
17 22  0.572473
17 23  0.634362
17 24  0.606234
17 25  0.570320
17 26  0.639592
18 19  0.634491
18 20  0.639783
18 21  0.573022
18 22  0.609116
18 23  0.623538
18 24  0.570680
18 25  0.606176
18 26  0.640374
19 20  0.628543
19 21  0.605418
19 22  0.603487
19 23  0.620116
19 24  0.602196
19 25  0.599514
19 26  0.598514
20 21  0.611085
20 22  0.610917
20 23  0.598564
20 24  0.607598
20 25  0.607868
20 26  0.636257
21 22  0.579071
21 23  0.603962
21 24  0.527858
21 25  0.576134
21 26  0.611329
22 23  0.604998
22 24  0.575901
22 25  0.527254
22 26  0.610604
23 24  0.599756
23 25  0.602009
23 26  0.628534
24 25  0.572963
24 26  0.608047
25 26  0.607351
