   -993.88785526
   -994.19244964
0.00074752870000
2 2 2 2 2 2 2 2 2 2 2 2 2 0 0 0 0 0 0 0 0 0 0 0 0 0 
1  0.258284
2  0.271100
3  0.284024
4  0.255835
5  0.296321
6  0.262860
7  0.298341
8  0.290191
9  0.290034
10  0.256971
11  0.245928
12  0.266203
13  0.245100
14  0.265437
15  0.273700
16  0.285725
17  0.296323
18  0.266501
19  0.267810
20  0.299622
21  0.259289
22  0.246377
23  0.292235
24  0.257800
25  0.292337
26  0.247802
1 2  0.528689
1 3  0.541243
1 4  0.514016
1 5  0.540337
1 6  0.520612
1 7  0.552306
1 8  0.521024
1 9  0.544219
1 10  0.515121
1 11  0.504114
1 12  0.523067
1 13  0.503101
1 14  0.241939
1 15  0.531886
1 16  0.542803
1 17  0.543482
1 18  0.524528
1 19  0.523029
1 20  0.551739
1 21  0.517548
1 22  0.503487
1 23  0.545416
1 24  0.515996
1 25  0.520373
1 26  0.505845
2 3  0.510861
2 4  0.526929
2 5  0.558366
2 6  0.533931
2 7  0.556638
2 8  0.560550
2 9  0.555041
2 10  0.528062
2 11  0.517025
2 12  0.537299
2 13  0.516197
2 14  0.536411
2 15  0.258617
2 16  0.508260
2 17  0.565395
2 18  0.537386
2 19  0.538812
2 20  0.548021
2 21  0.530342
2 22  0.517474
2 23  0.559610
2 24  0.528889
2 25  0.563090
2 26  0.518898
3 4  0.539857
3 5  0.572880
3 6  0.546878
3 7  0.559721
3 8  0.573862
3 9  0.570802
3 10  0.540992
3 11  0.529950
3 12  0.550224
3 13  0.529121
3 14  0.548136
3 15  0.507919
3 16  0.269326
3 17  0.577445
3 18  0.550469
3 19  0.551726
3 20  0.552841
3 21  0.543307
3 22  0.530381
3 23  0.573520
3 24  0.541824
3 25  0.576177
3 26  0.531825
4 5  0.552134
4 6  0.492151
4 7  0.554175
4 8  0.544767
4 9  0.545832
4 10  0.463767
4 11  0.501361
4 12  0.520689
4 13  0.500770
4 14  0.521161
4 15  0.529528
4 16  0.541559
4 17  0.552155
4 18  0.487095
4 19  0.522288
4 20  0.555382
4 21  0.461436
4 22  0.501884
4 23  0.547869
4 24  0.240113
4 25  0.547948
4 26  0.502425
5 6  0.559094
5 7  0.567607
5 8  0.582433
5 9  0.551054
5 10  0.553259
5 11  0.542237
5 12  0.562449
5 13  0.541398
5 14  0.551063
5 15  0.567449
5 16  0.579098
5 17  0.355417
5 18  0.562680
5 19  0.563613
5 20  0.562558
5 21  0.555603
5 22  0.542561
5 23  0.549340
5 24  0.554118
5 25  0.586079
5 26  0.544105
6 7  0.561155
6 8  0.544493
6 9  0.552272
6 10  0.491569
6 11  0.506742
6 12  0.523217
6 13  0.506288
6 14  0.527996
6 15  0.536434
6 16  0.548520
6 17  0.559098
6 18  0.310293
6 19  0.517777
6 20  0.562372
6 21  0.485692
6 22  0.509137
6 23  0.553793
6 24  0.485581
6 25  0.540394
6 26  0.509045
7 8  0.587404
7 9  0.562927
7 10  0.555309
7 11  0.544265
7 12  0.564491
7 13  0.543430
7 14  0.557834
7 15  0.551934
7 16  0.551947
7 17  0.564364
7 18  0.564739
7 19  0.566062
7 20  0.389787
7 21  0.557578
7 22  0.544622
7 23  0.556592
7 24  0.556110
7 25  0.586190
7 26  0.546096
8 9  0.568633
8 10  0.545107
8 11  0.534851
8 12  0.547447
8 13  0.532927
8 14  0.525215
8 15  0.563514
8 16  0.575808
8 17  0.583961
8 18  0.541182
8 19  0.541655
8 20  0.585240
8 21  0.547508
8 22  0.534702
8 23  0.568955
8 24  0.547745
8 25  0.330228
8 26  0.537652
9 10  0.546896
9 11  0.535898
9 12  0.555975
9 13  0.535072
9 14  0.548974
9 15  0.560059
9 16  0.572895
9 17  0.545368
9 18  0.554859
9 19  0.557782
9 20  0.558449
9 21  0.548799
9 22  0.536267
9 23  0.357971
9 24  0.547679
9 25  0.567350
9 26  0.537673
10 11  0.502689
10 12  0.522307
10 13  0.501961
10 14  0.522385
10 15  0.530638
10 16  0.542688
10 17  0.553290
10 18  0.486531
10 19  0.524582
10 20  0.556509
10 21  0.244795
10 22  0.502876
10 23  0.548718
10 24  0.461715
10 25  0.547321
10 26  0.504479
11 12  0.484487
11 13  0.449001
11 14  0.511242
11 15  0.519623
11 16  0.531652
11 17  0.542242
11 18  0.510832
11 19  0.478588
11 20  0.545473
11 21  0.504909
11 22  0.444216
11 23  0.537957
11 24  0.502250
11 25  0.537980
11 26  0.232954
12 13  0.483208
12 14  0.528150
12 15  0.539838
12 16  0.551758
12 17  0.562151
12 18  0.520019
12 19  0.310677
12 20  0.565622
12 21  0.525331
12 22  0.477244
12 23  0.558401
12 24  0.522730
12 25  0.542029
12 26  0.477259
13 14  0.509232
13 15  0.518794
13 16  0.530780
13 17  0.541321
13 18  0.511524
13 19  0.476198
13 20  0.544553
13 21  0.503886
13 22  0.237231
13 23  0.537243
13 24  0.502456
13 25  0.535776
13 26  0.446635
14 15  0.538274
14 16  0.549774
14 17  0.543762
14 18  0.531086
14 19  0.531711
14 20  0.560504
14 21  0.524577
14 22  0.511454
14 23  0.553534
14 24  0.523110
14 25  0.529092
14 26  0.513116
15 16  0.514003
15 17  0.560183
15 18  0.540158
15 19  0.541502
15 20  0.558719
15 21  0.532981
15 22  0.520076
15 23  0.559200
15 24  0.531495
15 25  0.565233
15 26  0.521499
16 17  0.574789
16 18  0.552209
16 19  0.553529
16 20  0.563465
16 21  0.545010
16 22  0.532100
16 23  0.573408
16 24  0.543521
16 25  0.577525
16 26  0.533524
17 18  0.562730
17 19  0.564052
17 20  0.570102
17 21  0.555590
17 22  0.542684
17 23  0.550839
17 24  0.554103
17 25  0.585000
17 26  0.544116
18 19  0.527461
18 20  0.566052
18 21  0.497487
18 22  0.510844
18 23  0.557768
18 24  0.498027
18 25  0.549265
18 26  0.511938
19 20  0.567337
19 21  0.525739
19 22  0.486197
19 23  0.559553
19 24  0.523786
19 25  0.551283
19 26  0.488389
20 21  0.558909
20 22  0.545986
20 23  0.567493
20 24  0.557421
20 25  0.590590
20 26  0.547414
21 22  0.505555
21 23  0.551387
21 24  0.467094
21 25  0.549209
21 26  0.506847
22 23  0.538557
22 24  0.503946
22 25  0.536128
22 26  0.451177
23 24  0.549995
23 25  0.573043
23 26  0.539947
24 25  0.548417
24 26  0.505202
25 26  0.538344
