   -993.88785526
   -994.19813417
0.00033347057400
2 2 2 2 2 2 2 2 2 2 2 2 2 0 0 0 0 0 0 0 0 0 0 0 0 0 
1  0.266783
2  0.276358
3  0.288602
4  0.267086
5  0.305673
6  0.284422
7  0.305457
8  0.302306
9  0.299461
10  0.268373
11  0.261186
12  0.282848
13  0.261430
14  0.274454
15  0.279164
16  0.290482
17  0.305313
18  0.286157
19  0.283536
20  0.306746
21  0.271390
22  0.263510
23  0.301912
24  0.270148
25  0.304749
26  0.263211
1 2  0.542224
1 3  0.553999
1 4  0.533740
1 5  0.555854
1 6  0.550578
1 7  0.567693
1 8  0.541196
1 9  0.561770
1 10  0.535019
1 11  0.527833
1 12  0.548096
1 13  0.527852
1 14  0.257408
1 15  0.545803
1 16  0.556017
1 17  0.560125
1 18  0.552665
1 19  0.547386
1 20  0.567259
1 21  0.538145
1 22  0.528970
1 23  0.563424
1 24  0.536755
1 25  0.541488
1 26  0.529761
2 3  0.521135
2 4  0.543437
2 5  0.571211
2 6  0.560743
2 7  0.568863
2 8  0.577724
2 9  0.569223
2 10  0.544719
2 11  0.537539
2 12  0.559201
2 13  0.537784
2 14  0.550648
2 15  0.268390
2 16  0.518902
2 17  0.579090
2 18  0.562245
2 19  0.559744
2 20  0.560672
2 21  0.547678
2 22  0.539861
2 23  0.574340
2 24  0.546498
2 25  0.580659
2 26  0.539554
3 4  0.555685
3 5  0.586655
3 6  0.573018
3 7  0.570468
3 8  0.590368
3 9  0.584219
3 10  0.556971
3 11  0.549783
3 12  0.571438
3 13  0.550027
3 14  0.561620
3 15  0.518510
3 16  0.278413
3 17  0.590980
3 18  0.574672
3 19  0.571915
3 20  0.563871
3 21  0.559981
3 22  0.552069
3 23  0.587531
3 24  0.558749
3 25  0.593153
3 26  0.551813
4 5  0.572733
4 6  0.521229
4 7  0.572541
4 8  0.567664
4 9  0.566494
4 10  0.486985
4 11  0.527865
4 12  0.547949
4 13  0.528374
4 14  0.541362
4 15  0.546238
4 16  0.557568
4 17  0.572394
4 18  0.514860
4 19  0.549382
4 20  0.573760
4 21  0.485577
4 22  0.530319
4 23  0.568842
4 24  0.260210
4 25  0.571554
4 26  0.529207
5 6  0.590009
5 7  0.583650
5 8  0.603727
5 9  0.569587
5 10  0.574014
5 11  0.566842
5 12  0.588438
5 13  0.567074
5 14  0.568398
5 15  0.581762
5 16  0.593170
5 17  0.371372
5 18  0.591673
5 19  0.588793
5 20  0.578812
5 21  0.577047
5 22  0.569068
5 23  0.567936
5 24  0.575816
5 25  0.607592
5 26  0.568881
6 7  0.589812
6 8  0.577378
6 9  0.583175
6 10  0.521074
6 11  0.543342
6 12  0.560340
6 13  0.544194
6 14  0.558518
6 15  0.563270
6 16  0.574774
6 17  0.589612
6 18  0.340935
6 19  0.554866
6 20  0.591050
6 21  0.514632
6 22  0.547778
6 23  0.584984
6 24  0.515321
6 25  0.573496
6 26  0.546136
7 8  0.606424
7 9  0.578022
7 10  0.573824
7 11  0.566635
7 12  0.588207
7 13  0.566872
7 14  0.573910
7 15  0.564523
7 16  0.563381
7 17  0.579987
7 18  0.591490
7 19  0.588829
7 20  0.404395
7 21  0.576777
7 22  0.568849
7 23  0.571735
7 24  0.575566
7 25  0.605873
7 26  0.568605
8 9  0.589095
8 10  0.568026
8 11  0.562073
8 12  0.575650
8 13  0.560944
8 14  0.546287
8 15  0.580971
8 16  0.592631
8 17  0.604918
8 18  0.572779
8 19  0.569908
8 20  0.604515
8 21  0.571641
8 22  0.563884
8 23  0.590107
8 24  0.572144
8 25  0.353545
8 26  0.565136
9 10  0.567687
9 11  0.560564
9 12  0.581959
9 13  0.560825
9 14  0.567325
9 15  0.574815
9 16  0.586712
9 17  0.563585
9 18  0.584198
9 19  0.582901
9 20  0.573079
9 21  0.570264
9 22  0.562890
9 23  0.376556
9 24  0.569480
9 25  0.589007
9 26  0.562393
10 11  0.529402
10 12  0.550179
10 13  0.529708
10 14  0.542794
10 15  0.547468
10 16  0.558845
10 17  0.573680
10 18  0.514446
10 19  0.551711
10 20  0.575009
10 21  0.262254
10 22  0.531499
10 23  0.569692
10 24  0.485597
10 25  0.571142
10 26  0.531339
11 12  0.514312
11 13  0.477850
11 14  0.535490
11 15  0.540331
11 16  0.551667
11 17  0.566485
11 18  0.545723
11 19  0.506805
11 20  0.567830
11 21  0.532304
11 22  0.474060
11 23  0.562880
11 24  0.530109
11 25  0.565603
11 26  0.253200
12 13  0.513408
12 14  0.553908
12 15  0.561903
12 16  0.573090
12 17  0.587780
12 18  0.556115
12 19  0.338183
12 20  0.589369
12 21  0.554008
12 22  0.507060
12 23  0.584697
12 24  0.551662
12 25  0.571272
12 26  0.506422
13 14  0.534636
13 15  0.540594
13 16  0.551878
13 17  0.566633
13 18  0.547434
13 19  0.505166
13 20  0.567980
13 21  0.532384
13 22  0.258139
13 23  0.563231
13 24  0.531210
13 25  0.564468
13 26  0.475671
14 15  0.552446
14 16  0.563292
14 17  0.559922
14 18  0.559609
14 19  0.556227
14 20  0.576234
14 21  0.545693
14 22  0.537533
14 23  0.571898
14 24  0.544503
14 25  0.549938
14 26  0.537458
15 16  0.524680
15 17  0.573248
15 18  0.565257
15 19  0.562693
15 20  0.571147
15 21  0.550538
15 22  0.542672
15 23  0.573791
15 24  0.549303
15 25  0.582791
15 26  0.542371
16 17  0.587917
16 18  0.576626
16 19  0.574007
16 20  0.574306
16 21  0.561867
16 22  0.553989
16 23  0.587361
16 24  0.560626
16 25  0.594528
16 26  0.553689
17 18  0.591367
17 19  0.588786
17 20  0.585911
17 21  0.576676
17 22  0.568808
17 23  0.569135
17 24  0.575443
17 25  0.606173
17 26  0.568512
18 19  0.561901
18 20  0.592783
18 21  0.526306
18 22  0.547578
18 23  0.587019
18 24  0.526280
18 25  0.580463
18 26  0.546697
19 20  0.590156
19 21  0.553392
19 22  0.516213
19 23  0.584776
19 24  0.551316
19 25  0.578956
19 26  0.517263
20 21  0.578127
20 22  0.570238
20 23  0.583147
20 24  0.576890
20 25  0.609961
20 26  0.569948
21 22  0.534840
21 23  0.573127
21 24  0.491805
21 25  0.573122
21 26  0.534414
22 23  0.565343
22 24  0.533466
22 25  0.565237
22 26  0.481220
23 24  0.571974
23 25  0.593859
23 26  0.565052
24 25  0.572570
24 26  0.532931
25 26  0.566007
