   -993.88785526
   -994.20099160
0.00019401941300
2 2 2 2 2 2 2 2 2 2 2 2 2 0 0 0 0 0 0 0 0 0 0 0 0 0 
1  0.271556
2  0.278964
3  0.290968
4  0.274004
5  0.309917
6  0.294561
7  0.309125
8  0.311303
9  0.304410
10  0.276135
11  0.270263
12  0.293166
13  0.271369
14  0.279477
15  0.281943
16  0.293093
17  0.309373
18  0.296494
19  0.293777
20  0.310403
21  0.278906
22  0.273499
23  0.306875
24  0.276828
25  0.313822
26  0.272456
1 2  0.549444
1 3  0.560962
1 4  0.545417
1 5  0.563841
1 6  0.565452
1 7  0.575842
1 8  0.554808
1 9  0.571451
1 10  0.547522
1 11  0.541657
1 12  0.563031
1 13  0.542479
1 14  0.266243
1 15  0.553334
1 16  0.563277
1 17  0.568564
1 18  0.567754
1 19  0.562430
1 20  0.575606
1 21  0.550424
1 22  0.543649
1 23  0.573207
1 24  0.548175
1 25  0.555486
1 26  0.543762
2 3  0.526320
2 4  0.552956
2 5  0.577481
2 6  0.573472
2 7  0.575050
2 8  0.589167
2 9  0.576383
2 10  0.555080
2 11  0.549217
2 12  0.572121
2 13  0.550322
2 14  0.558252
2 15  0.273392
2 16  0.524435
2 17  0.585614
2 18  0.575116
2 19  0.572569
2 20  0.566974
2 21  0.557770
2 22  0.552452
2 23  0.581793
2 24  0.555779
2 25  0.592282
2 26  0.551408
3 4  0.564967
3 5  0.592978
3 6  0.585521
3 7  0.576128
3 8  0.601642
3 9  0.591336
3 10  0.567098
3 11  0.561222
3 12  0.584118
3 13  0.562326
3 14  0.568920
3 15  0.523974
3 16  0.283189
3 17  0.597344
3 18  0.587356
3 19  0.584502
3 20  0.569836
3 21  0.569858
3 22  0.564405
3 23  0.594813
3 24  0.567795
3 25  0.604556
3 26  0.563422
4 5  0.583891
4 6  0.536939
4 7  0.583126
4 8  0.583228
4 9  0.578333
4 10  0.501634
4 11  0.543816
4 12  0.564883
4 13  0.545203
4 14  0.553221
4 15  0.555934
4 16  0.567096
4 17  0.583365
4 18  0.529608
4 19  0.566430
4 20  0.584328
4 21  0.499480
4 22  0.547220
4 23  0.580723
4 24  0.273388
4 25  0.587473
4 26  0.545401
5 6  0.604382
5 7  0.591469
5 8  0.616841
5 9  0.578817
5 10  0.586013
5 11  0.580152
5 12  0.602985
5 13  0.581243
5 14  0.577240
5 15  0.588569
5 16  0.599906
5 17  0.378782
5 18  0.606220
5 19  0.603263
5 20  0.586651
5 21  0.588805
5 22  0.583269
5 23  0.577169
5 24  0.586738
5 25  0.620850
5 26  0.582371
6 7  0.603593
6 8  0.595477
6 9  0.598101
6 10  0.537115
6 11  0.562318
6 12  0.580387
6 13  0.564129
6 14  0.573646
6 15  0.576125
6 16  0.587497
6 17  0.603770
6 18  0.360982
6 19  0.575261
6 20  0.604833
6 21  0.530124
6 22  0.567815
6 23  0.600033
6 24  0.529993
6 25  0.592416
6 26  0.565418
7 8  0.619010
7 9  0.586023
7 10  0.585254
7 11  0.579379
7 12  0.602181
7 13  0.580474
7 14  0.582569
7 15  0.570983
7 16  0.569592
7 17  0.587576
7 18  0.605482
7 19  0.602730
7 20  0.411421
7 21  0.587938
7 22  0.582475
7 23  0.579898
7 24  0.585908
7 25  0.618493
7 26  0.581516
8 9  0.602511
8 10  0.584116
8 11  0.579891
8 12  0.594559
8 13  0.579307
8 14  0.560380
8 15  0.592709
8 16  0.604200
8 17  0.617976
8 18  0.591949
8 19  0.589251
8 20  0.617069
8 21  0.588000
8 22  0.582761
8 23  0.603837
8 24  0.587769
8 25  0.369980
8 26  0.583296
9 10  0.580365
9 11  0.574564
9 12  0.597158
9 13  0.575693
9 14  0.577307
9 15  0.582410
9 16  0.594154
9 17  0.572567
9 18  0.599489
9 19  0.598073
9 20  0.581284
9 21  0.582663
9 22  0.577829
9 23  0.385755
9 24  0.581093
9 25  0.602899
9 26  0.576539
10 11  0.546218
10 12  0.568069
10 13  0.547360
10 14  0.555570
10 15  0.557970
10 16  0.569211
10 17  0.585501
10 18  0.530111
10 19  0.569597
10 20  0.586397
10 21  0.276620
10 22  0.549261
10 23  0.582339
10 24  0.499394
10 25  0.587896
10 26  0.548340
11 12  0.532056
11 13  0.495511
11 14  0.549565
11 15  0.552182
11 16  0.563355
11 17  0.579624
11 18  0.565053
11 19  0.523949
11 20  0.580562
11 21  0.548898
11 22  0.491630
11 23  0.576876
11 24  0.545900
11 25  0.583673
11 26  0.268152
12 13  0.531976
12 14  0.569226
12 15  0.574970
12 16  0.585958
12 17  0.602159
12 18  0.576635
12 19  0.356836
12 20  0.603340
12 21  0.571749
12 22  0.525469
12 23  0.599952
12 24  0.568551
12 25  0.590783
12 26  0.523829
13 14  0.549519
13 15  0.553311
13 16  0.564401
13 17  0.580610
13 18  0.567623
13 19  0.523373
13 20  0.581534
13 21  0.549834
13 22  0.273145
13 23  0.578122
13 24  0.547813
13 25  0.583318
13 26  0.493324
14 15  0.560084
14 16  0.570730
14 17  0.568086
14 18  0.574909
14 19  0.571362
14 20  0.584666
14 21  0.558204
14 22  0.552430
14 23  0.581872
14 24  0.556199
14 25  0.563770
14 26  0.551669
15 16  0.530297
15 17  0.579484
15 18  0.578358
15 19  0.575709
15 20  0.577451
15 21  0.560824
15 22  0.555436
15 23  0.581162
15 24  0.558756
15 25  0.594479
15 26  0.554392
16 17  0.594261
16 18  0.589570
16 19  0.586856
16 20  0.580140
16 21  0.571989
16 22  0.566586
16 23  0.594651
16 24  0.569915
16 25  0.606095
16 26  0.565543
17 18  0.605755
17 19  0.603069
17 20  0.593497
17 21  0.588243
17 22  0.582847
17 23  0.578263
17 24  0.586178
17 25  0.619175
17 26  0.581817
18 19  0.582052
18 20  0.606747
18 21  0.542124
18 22  0.567767
18 23  0.602147
18 24  0.541786
18 25  0.599004
18 26  0.566018
19 20  0.604029
19 21  0.570916
19 22  0.534677
19 23  0.599894
19 24  0.567839
19 25  0.597936
19 26  0.535019
20 21  0.589297
20 22  0.583884
20 23  0.591307
20 24  0.587225
20 25  0.622579
20 26  0.582850
21 22  0.552309
21 23  0.585552
21 24  0.506393
21 25  0.589022
21 26  0.551148
22 23  0.580273
22 24  0.550113
22 25  0.583691
22 26  0.499295
23 24  0.583595
23 25  0.607238
23 26  0.579254
24 25  0.587954
24 26  0.548790
25 26  0.583953
