   -993.88785526
   -994.20283177
0.00000005375413
2 2 2 2 2 2 2 2 2 2 2 2 2 0 0 0 0 0 0 0 0 0 0 0 0 0 
1  0.274496
2  0.280047
3  0.292038
4  0.280245
5  0.311640
6  0.303651
7  0.310716
8  0.318823
9  0.306911
10  0.282600
11  0.277641
12  0.301001
13  0.278192
14  0.282665
15  0.283068
16  0.294181
17  0.311024
18  0.305463
19  0.301579
20  0.312038
21  0.285538
22  0.280322
23  0.309437
24  0.283197
25  0.321224
26  0.279837
1 2  0.553411
1 3  0.564895
1 4  0.554560
1 5  0.568079
1 6  0.577416
1 7  0.580292
1 8  0.565186
1 9  0.576922
1 10  0.556874
1 11  0.551917
1 12  0.573694
1 13  0.552133
1 14  0.272111
1 15  0.557394
1 16  0.567280
1 17  0.573065
1 18  0.579632
1 19  0.573232
1 20  0.580191
1 21  0.559972
1 22  0.553285
1 23  0.578721
1 24  0.557391
1 25  0.565984
1 26  0.554063
2 3  0.528584
2 4  0.560266
2 5  0.580131
2 6  0.583637
2 7  0.577719
2 8  0.597663
2 9  0.579846
2 10  0.562607
2 11  0.557672
2 12  0.581037
2 13  0.558220
2 14  0.562513
2 15  0.275610
2 16  0.526775
2 17  0.588300
2 18  0.585107
2 19  0.581437
2 20  0.569739
2 21  0.565430
2 22  0.560353
2 23  0.585443
2 24  0.563227
2 25  0.600739
2 26  0.559870
3 4  0.572277
3 5  0.595741
3 6  0.595682
3 7  0.578680
3 8  0.610147
3 9  0.594831
3 10  0.574626
3 11  0.569663
3 12  0.593019
3 13  0.570211
3 14  0.573137
3 15  0.526348
3 16  0.285416
3 17  0.600066
3 18  0.597390
3 19  0.593313
3 20  0.572562
3 21  0.577557
3 22  0.572267
3 23  0.598419
3 24  0.575234
3 25  0.613006
3 26  0.571874
4 5  0.591845
4 6  0.550661
4 7  0.590954
4 8  0.596362
4 9  0.587035
4 10  0.515054
4 11  0.557374
4 12  0.578582
4 13  0.558222
4 14  0.562542
4 15  0.563298
4 16  0.574424
4 17  0.591239
4 18  0.543121
4 19  0.580384
4 20  0.592192
4 21  0.512718
4 22  0.560271
4 23  0.589512
4 24  0.285499
4 25  0.600972
4 26  0.559049
5 6  0.615187
5 7  0.594831
5 8  0.626057
5 9  0.583179
5 10  0.594183
5 11  0.589242
5 12  0.612531
5 13  0.589773
5 14  0.582004
5 15  0.591358
5 16  0.602712
5 17  0.381935
5 18  0.616895
5 19  0.612809
5 20  0.590047
5 21  0.597157
5 22  0.591785
5 23  0.581622
5 24  0.594820
5 25  0.629961
5 26  0.591474
6 7  0.614255
6 8  0.611229
6 9  0.609575
6 10  0.550916
6 11  0.578523
6 12  0.597030
6 13  0.579896
6 14  0.585891
6 15  0.586274
6 16  0.597661
6 17  0.614502
6 18  0.377871
6 19  0.592040
6 20  0.615562
6 21  0.544182
6 22  0.583630
6 23  0.611721
6 24  0.543787
6 25  0.608711
6 26  0.581824
7 8  0.628092
7 9  0.589933
7 10  0.593302
7 11  0.588340
7 12  0.611590
7 13  0.588878
7 14  0.587374
7 15  0.573731
7 16  0.572299
7 17  0.590827
7 18  0.616041
7 19  0.612113
7 20  0.414815
7 21  0.596121
7 22  0.590863
7 23  0.583956
7 24  0.593860
7 25  0.627474
7 26  0.590470
8 9  0.612299
8 10  0.597183
8 11  0.594406
8 12  0.609553
8 13  0.593188
8 14  0.571192
8 15  0.601339
8 16  0.612792
8 17  0.627144
8 18  0.608276
8 19  0.604621
8 20  0.626222
8 21  0.601867
8 22  0.596951
8 23  0.613871
8 24  0.601502
8 25  0.384240
8 26  0.598085
9 10  0.589252
9 11  0.584412
9 12  0.607452
9 13  0.584995
9 14  0.583018
9 15  0.586029
9 16  0.597715
9 17  0.576854
9 18  0.610994
9 19  0.608352
9 20  0.585337
9 21  0.591673
9 22  0.587146
9 23  0.390837
9 24  0.589952
9 25  0.612841
9 26  0.586387
10 11  0.560026
10 12  0.582189
10 13  0.560603
10 14  0.565196
10 15  0.565499
10 16  0.576755
10 17  0.593611
10 18  0.543914
10 19  0.583779
10 20  0.594463
10 21  0.289340
10 22  0.562527
10 23  0.591232
10 24  0.512591
10 25  0.601448
10 26  0.562160
11 12  0.545332
11 13  0.508879
11 14  0.560109
11 15  0.560673
11 16  0.571819
11 17  0.588651
11 18  0.581368
11 19  0.537144
11 20  0.589570
11 21  0.562878
11 22  0.505008
11 23  0.586751
11 24  0.559688
11 25  0.598340
11 26  0.281881
12 13  0.545638
12 14  0.580339
12 15  0.583920
12 16  0.594817
12 17  0.611668
12 18  0.593411
12 19  0.372086
12 20  0.612809
12 21  0.586124
12 22  0.538692
12 23  0.610325
12 24  0.582682
12 25  0.606121
12 26  0.536938
13 14  0.559386
13 15  0.561259
13 16  0.572283
13 17  0.589067
13 18  0.583317
13 19  0.536869
13 20  0.589957
13 21  0.563279
13 22  0.284466
13 23  0.587495
13 24  0.561005
13 25  0.597459
13 26  0.506417
14 15  0.564346
14 16  0.574906
14 17  0.572555
14 18  0.586961
14 19  0.582252
14 20  0.589419
14 21  0.567966
14 22  0.562321
14 23  0.587656
14 24  0.565738
14 25  0.574224
14 26  0.562160
15 16  0.532633
15 17  0.582102
15 18  0.588443
15 19  0.584634
15 20  0.580197
15 21  0.568557
15 22  0.563377
15 23  0.584736
15 24  0.566236
15 25  0.602895
15 26  0.562894
16 17  0.596964
16 18  0.599627
16 19  0.595744
16 20  0.582766
16 21  0.579699
16 22  0.574488
16 23  0.598207
16 24  0.577369
16 25  0.614511
16 26  0.574007
17 18  0.616365
17 19  0.612514
17 20  0.596813
17 21  0.596511
17 22  0.591313
17 23  0.582658
17 24  0.594192
17 25  0.628206
17 26  0.590847
18 19  0.598573
18 20  0.617326
18 21  0.555943
18 22  0.583380
18 23  0.613562
18 24  0.555414
18 25  0.614628
18 26  0.582118
19 20  0.613447
19 21  0.585097
19 22  0.548220
19 23  0.610199
19 24  0.581646
19 25  0.612834
19 26  0.548296
20 21  0.597557
20 22  0.592343
20 23  0.595370
20 24  0.595222
20 25  0.631571
20 26  0.591863
21 22  0.565727
21 23  0.594648
21 24  0.520173
21 25  0.602085
21 26  0.565124
22 23  0.589623
22 24  0.563258
22 25  0.597498
22 26  0.512759
23 24  0.592465
23 25  0.616937
23 26  0.589180
24 25  0.600962
24 26  0.562469
25 26  0.598345
