   -841.25984155
   -841.52425418
0.00018727744400
2 2 2 2 2 2 2 2 2 2 2 0 0 0 0 0 0 0 0 0 0 0 
1  0.298348
2  0.299869
3  0.302272
4  0.293401
5  0.308213
6  0.276950
7  0.274845
8  0.264870
9  0.280960
10  0.270790
11  0.263837
12  0.269285
13  0.274281
14  0.284608
15  0.269145
16  0.278365
17  0.279280
18  0.300658
19  0.299447
20  0.296630
21  0.311685
22  0.302388
1 2  0.598147
1 3  0.600488
1 4  0.590671
1 5  0.593237
1 6  0.546886
1 7  0.544917
1 8  0.542569
1 9  0.579301
1 10  0.569105
1 11  0.561247
1 12  0.566907
1 13  0.572433
1 14  0.582895
1 15  0.539470
1 16  0.538933
1 17  0.539287
1 18  0.598871
1 19  0.363748
1 20  0.593921
1 21  0.588199
1 22  0.600633
2 3  0.575561
2 4  0.556259
2 5  0.604888
2 6  0.576799
2 7  0.574686
2 8  0.564566
2 9  0.573803
2 10  0.562741
2 11  0.548138
2 12  0.556545
2 13  0.572348
2 14  0.581735
2 15  0.568434
2 16  0.578225
2 17  0.579107
2 18  0.356722
2 19  0.599161
2 20  0.554995
2 21  0.608819
2 22  0.570128
3 4  0.570787
3 5  0.609526
3 6  0.579220
3 7  0.577107
3 8  0.566989
3 9  0.561501
3 10  0.558600
3 11  0.562227
3 12  0.565192
3 13  0.553593
3 14  0.555286
3 15  0.571280
3 16  0.580477
3 17  0.581468
3 18  0.571425
3 19  0.601617
3 20  0.566333
3 21  0.609381
3 22  0.390765
4 5  0.590857
4 6  0.570317
4 7  0.568057
4 8  0.557518
4 9  0.570671
4 10  0.558127
4 11  0.553979
4 12  0.557302
4 13  0.564532
4 14  0.575602
4 15  0.562428
4 16  0.570890
4 17  0.572471
4 18  0.552411
4 19  0.591660
4 20  0.357199
4 21  0.592477
4 22  0.564773
5 6  0.582406
5 7  0.578786
5 8  0.546512
5 9  0.588861
5 10  0.578378
5 11  0.548084
5 12  0.550570
5 13  0.582095
5 14  0.592705
5 15  0.543642
5 16  0.584581
5 17  0.586902
5 18  0.606598
5 19  0.586407
5 20  0.592721
5 21  0.368936
5 22  0.606378
6 7  0.504304
6 8  0.536248
6 9  0.557907
6 10  0.547736
6 11  0.540606
6 12  0.545548
6 13  0.551227
6 14  0.561549
6 15  0.542481
6 16  0.501967
6 17  0.270673
6 18  0.577580
6 19  0.538809
6 20  0.573359
6 21  0.588006
6 22  0.579202
7 8  0.536254
7 9  0.555801
7 10  0.545626
7 11  0.538520
7 12  0.544017
7 13  0.549073
7 14  0.559452
7 15  0.542907
7 16  0.270397
7 17  0.501152
7 18  0.575498
7 19  0.536215
7 20  0.570730
7 21  0.584837
7 22  0.577035
8 9  0.545821
8 10  0.535654
8 11  0.524680
8 12  0.528814
8 13  0.539052
8 14  0.549308
8 15  0.254504
8 16  0.542286
8 17  0.540833
8 18  0.565043
8 19  0.536360
8 20  0.561398
8 21  0.543183
8 22  0.567068
9 10  0.507672
9 11  0.543765
9 12  0.548885
9 13  0.505548
9 14  0.267636
9 15  0.550013
9 16  0.559318
9 17  0.560238
9 18  0.579192
9 19  0.580338
9 20  0.575399
9 21  0.592486
9 22  0.552020
10 11  0.534053
10 12  0.539973
10 13  0.258537
10 14  0.506037
10 15  0.539877
10 16  0.549087
10 17  0.550066
10 18  0.569709
10 19  0.570032
10 20  0.564059
10 21  0.582158
10 22  0.549547
11 12  0.246379
11 13  0.538018
11 14  0.547228
11 15  0.527667
11 16  0.542067
11 17  0.542470
11 18  0.552314
11 19  0.562730
11 20  0.555637
11 21  0.548135
11 22  0.559669
12 13  0.542756
12 14  0.552518
12 15  0.534469
12 16  0.547474
12 17  0.548442
12 18  0.551853
12 19  0.567369
12 20  0.562351
12 21  0.555909
12 22  0.567418
13 14  0.513611
13 15  0.543412
13 16  0.552636
13 17  0.553556
13 18  0.565494
13 19  0.573681
13 20  0.564311
13 21  0.585246
13 22  0.561078
14 15  0.553748
14 16  0.562966
14 17  0.563884
14 18  0.577859
14 19  0.584035
14 20  0.576356
14 21  0.595802
14 22  0.564765
15 16  0.542812
15 17  0.542126
15 18  0.569651
15 19  0.546840
15 20  0.564543
15 21  0.553764
15 22  0.571344
16 17  0.509359
16 18  0.579004
16 19  0.548960
16 20  0.574768
16 21  0.585125
16 22  0.580739
17 18  0.579924
17 19  0.550401
17 20  0.575840
17 21  0.587334
17 22  0.581663
18 19  0.600020
18 20  0.558302
18 21  0.609349
18 22  0.577325
19 20  0.594760
19 21  0.597949
19 22  0.601679
20 21  0.597080
20 22  0.575669
21 22  0.612975
