   -841.25984155
   -841.52688536
0.00007087633390
2 2 2 2 2 2 2 2 2 2 2 0 0 0 0 0 0 0 0 0 0 0 
1  0.304248
2  0.309915
3  0.309780
4  0.303527
5  0.317672
6  0.280223
7  0.278095
8  0.271565
9  0.285706
10  0.276103
11  0.272521
12  0.278570
13  0.279734
14  0.289468
15  0.275798
16  0.281840
17  0.282694
18  0.310555
19  0.304792
20  0.306888
21  0.320942
22  0.309918
1 2  0.614070
1 3  0.613841
1 4  0.606531
1 5  0.607860
1 6  0.555612
1 7  0.553579
1 8  0.554592
1 9  0.589948
1 10  0.580298
1 11  0.575635
1 12  0.582019
1 13  0.583632
1 14  0.593535
1 15  0.551614
1 16  0.547943
1 17  0.548366
1 18  0.614597
1 19  0.375712
1 20  0.610039
1 21  0.602807
1 22  0.614067
2 3  0.592829
2 4  0.575912
2 5  0.624206
2 6  0.590114
2 7  0.587981
2 8  0.581291
2 9  0.587978
2 10  0.576738
2 11  0.564548
2 12  0.574903
2 13  0.587333
2 14  0.596490
2 15  0.585275
2 16  0.591747
2 17  0.592569
2 18  0.373890
2 19  0.614552
2 20  0.574945
2 21  0.627917
2 22  0.587238
3 4  0.587043
3 5  0.626316
3 6  0.590000
3 7  0.587862
3 8  0.581098
3 9  0.572699
3 10  0.571145
3 11  0.578191
3 12  0.581934
3 13  0.566624
3 14  0.566980
3 15  0.585345
3 16  0.591417
3 17  0.592363
3 18  0.588559
3 19  0.614458
3 20  0.582361
3 21  0.626273
3 22  0.406216
4 5  0.609257
4 6  0.583697
4 7  0.581402
4 8  0.574147
4 9  0.585032
4 10  0.572799
4 11  0.572399
4 12  0.576649
4 13  0.579926
4 14  0.590362
4 15  0.579166
4 16  0.584483
4 17  0.585954
4 18  0.572051
4 19  0.607195
4 20  0.376731
4 21  0.611369
4 22  0.580318
5 6  0.594730
5 7  0.590967
5 8  0.562299
5 9  0.602932
5 10  0.592927
5 11  0.565584
5 12  0.568983
5 13  0.596972
5 14  0.607010
5 15  0.559726
5 16  0.597456
5 17  0.599664
5 18  0.625769
5 19  0.600690
5 20  0.611907
5 21  0.387778
5 22  0.623241
6 7  0.511222
6 8  0.545674
6 9  0.565925
6 10  0.556320
6 11  0.552494
6 12  0.557927
6 13  0.559956
6 14  0.569680
6 15  0.552248
6 16  0.509122
6 17  0.277592
6 18  0.590733
6 19  0.547327
6 20  0.586874
6 21  0.600430
6 22  0.590028
7 8  0.545734
7 9  0.563797
7 10  0.554186
7 11  0.550421
7 12  0.556480
7 13  0.557758
7 14  0.567557
7 15  0.552687
7 16  0.277257
7 17  0.508236
7 18  0.588644
7 19  0.544704
7 20  0.584104
7 21  0.597315
7 22  0.587816
8 9  0.557253
8 10  0.547661
8 11  0.539757
8 12  0.544591
8 13  0.551135
8 14  0.560688
8 15  0.265670
8 16  0.552313
8 17  0.550893
8 18  0.581657
8 19  0.548051
8 20  0.578298
8 21  0.559088
8 22  0.581247
9 10  0.518231
9 11  0.556970
9 12  0.562905
9 13  0.516413
9 14  0.277003
9 15  0.561324
9 16  0.567541
9 17  0.568398
9 18  0.593570
9 19  0.590404
9 20  0.590203
9 21  0.606483
9 22  0.564175
10 11  0.547828
10 12  0.554547
10 13  0.268560
10 14  0.516838
10 15  0.551804
10 16  0.557861
10 17  0.558788
10 18  0.584581
10 19  0.580616
10 20  0.579441
10 21  0.596587
10 22  0.562453
11 12  0.261953
11 13  0.552115
11 14  0.560635
11 15  0.543008
11 16  0.554167
11 17  0.554464
11 18  0.569890
11 19  0.576694
11 20  0.574452
11 21  0.566094
11 22  0.575705
12 13  0.557215
12 14  0.566429
12 15  0.549927
12 16  0.560195
12 17  0.561092
12 18  0.568859
12 19  0.581824
12 20  0.581538
12 21  0.573597
12 22  0.583878
13 14  0.524377
13 15  0.555523
13 16  0.561554
13 17  0.562419
13 18  0.579580
13 19  0.584460
13 20  0.579156
13 21  0.599677
13 22  0.573853
14 15  0.565246
14 16  0.571301
14 17  0.572157
14 18  0.591987
14 19  0.594247
14 20  0.591096
14 21  0.609806
14 22  0.576420
15 16  0.552444
15 17  0.551741
15 18  0.586214
15 19  0.558293
15 20  0.581160
15 21  0.569358
15 22  0.585470
16 17  0.516514
16 18  0.592365
16 19  0.557387
16 20  0.588425
16 21  0.597364
16 22  0.591736
17 18  0.593232
17 19  0.558916
17 20  0.589491
17 21  0.599414
17 22  0.592606
18 19  0.615246
18 20  0.578041
18 21  0.628256
18 22  0.594367
19 20  0.610064
19 21  0.611856
19 22  0.614500
20 21  0.615307
20 22  0.591929
21 22  0.629534
