   -841.25984155
   -841.52793406
0.00002149851690
2 2 2 2 2 2 2 2 2 2 2 0 0 0 0 0 0 0 0 0 0 0 
1  0.307068
2  0.314267
3  0.313738
4  0.308440
5  0.322209
6  0.281940
7  0.280029
8  0.274399
9  0.288282
10  0.278869
11  0.276638
12  0.283010
13  0.282443
14  0.292017
15  0.278702
16  0.283822
17  0.284448
18  0.314662
19  0.307577
20  0.311934
21  0.325603
22  0.313555
1 2  0.621227
1 3  0.620572
1 4  0.614079
1 5  0.614761
1 6  0.560073
1 7  0.558101
1 8  0.560046
1 9  0.595342
1 10  0.585870
1 11  0.582485
1 12  0.589238
1 13  0.589095
1 14  0.598869
1 15  0.557331
1 16  0.552639
1 17  0.552878
1 18  0.621505
1 19  0.381234
1 20  0.617893
1 21  0.610132
1 22  0.620516
2 3  0.600958
2 4  0.585130
2 5  0.632981
2 6  0.596179
2 7  0.594258
2 8  0.588465
2 9  0.594539
2 10  0.583266
2 11  0.571961
2 12  0.583128
2 13  0.594222
2 14  0.603310
2 15  0.592497
2 16  0.598079
2 17  0.598656
2 18  0.381599
2 19  0.621644
2 20  0.584272
2 21  0.636859
2 22  0.595056
3 4  0.595275
3 5  0.634691
3 6  0.595674
3 7  0.593747
3 8  0.587868
3 9  0.578815
3 10  0.577689
3 11  0.585965
3 12  0.590269
3 13  0.573256
3 14  0.573373
3 15  0.592211
3 16  0.597319
3 17  0.598051
3 18  0.596506
3 19  0.621195
3 20  0.590860
3 21  0.634733
3 22  0.413496
4 5  0.618056
4 6  0.590312
4 7  0.588204
4 8  0.581707
4 9  0.592282
4 10  0.580031
4 11  0.581352
4 12  0.585993
4 13  0.587463
4 14  0.597730
4 15  0.586927
4 16  0.591296
4 17  0.592599
4 18  0.580872
4 19  0.614868
4 20  0.386003
4 21  0.620740
4 22  0.588479
5 6  0.600745
5 7  0.597070
5 8  0.569618
5 9  0.609943
5 10  0.600102
5 11  0.574053
5 12  0.577946
5 13  0.604194
5 14  0.614074
5 15  0.567210
5 16  0.603920
5 17  0.605890
5 18  0.634373
5 19  0.607811
5 20  0.621301
5 21  0.396619
5 22  0.631340
6 7  0.515108
6 8  0.549896
6 9  0.570216
6 10  0.560800
6 11  0.558300
6 12  0.564021
6 13  0.564382
6 14  0.573942
6 15  0.556766
6 16  0.513073
6 17  0.280938
6 18  0.596533
6 19  0.551845
6 20  0.593612
6 21  0.606749
6 22  0.595365
7 8  0.550320
7 9  0.568303
7 10  0.558876
7 11  0.556446
7 12  0.562819
7 13  0.562376
7 14  0.572036
7 15  0.557458
7 16  0.281037
7 17  0.512162
7 18  0.594684
7 19  0.549384
7 20  0.591031
7 21  0.603829
7 22  0.593358
8 9  0.562652
8 10  0.553256
8 11  0.546465
8 12  0.551823
8 13  0.556636
8 14  0.566015
8 15  0.270878
8 16  0.557057
8 17  0.555389
8 18  0.588571
8 19  0.553672
8 20  0.586135
8 21  0.566696
8 22  0.587701
9 10  0.523784
9 11  0.563456
9 12  0.569788
9 13  0.522016
9 14  0.281888
9 15  0.566735
9 16  0.572094
9 17  0.572726
9 18  0.600157
9 19  0.595732
9 20  0.597709
9 21  0.613700
9 22  0.570352
10 11  0.554557
10 12  0.561723
10 13  0.273640
10 14  0.522461
10 15  0.557433
10 16  0.562571
10 17  0.563304
10 18  0.591291
10 19  0.586108
10 20  0.587060
10 21  0.603984
10 22  0.568885
11 12  0.269622
11 13  0.558918
11 14  0.567231
11 15  0.549931
11 16  0.560236
11 17  0.560250
11 18  0.577724
11 19  0.583563
11 20  0.583645
11 21  0.574867
11 22  0.583427
12 13  0.564222
12 14  0.573243
12 15  0.557047
12 16  0.566593
12 17  0.567270
12 18  0.576371
12 19  0.588906
12 20  0.590950
12 21  0.582394
12 22  0.591628
13 14  0.529875
13 15  0.561128
13 16  0.566227
13 17  0.566871
13 18  0.585837
13 19  0.589940
13 20  0.586501
13 21  0.606890
13 22  0.580125
14 15  0.570693
14 16  0.575823
14 17  0.576455
14 18  0.598353
14 19  0.599582
14 20  0.598329
14 21  0.616915
14 22  0.582286
15 16  0.557127
15 17  0.556161
15 18  0.593208
15 19  0.563744
15 20  0.588869
15 21  0.576937
15 22  0.591975
16 17  0.520473
16 18  0.598442
16 19  0.561990
16 20  0.595396
16 21  0.603659
16 22  0.597348
17 18  0.599087
17 19  0.563442
17 20  0.596267
17 21  0.605578
17 22  0.597993
18 19  0.622118
18 20  0.587179
18 21  0.636884
18 22  0.601982
19 20  0.617664
19 21  0.618892
19 22  0.620883
20 21  0.624227
20 22  0.600065
21 22  0.637669
