   -841.25984155
   -841.52825069
0.00000003126206
2 2 2 2 2 2 2 2 2 2 2 0 0 0 0 0 0 0 0 0 0 0 
1  0.307979
2  0.315563
3  0.314957
4  0.310000
5  0.323802
6  0.282436
7  0.280632
8  0.275369
9  0.289166
10  0.279792
11  0.278121
12  0.284562
13  0.283410
14  0.292962
15  0.279688
16  0.284457
17  0.284971
18  0.315909
19  0.308465
20  0.313466
21  0.327116
22  0.314764
1 2  0.623418
1 3  0.622681
1 4  0.616493
1 5  0.617140
1 6  0.561509
1 7  0.559590
1 8  0.561887
1 9  0.597137
1 10  0.587701
1 11  0.584837
1 12  0.591680
1 13  0.590895
1 14  0.600701
1 15  0.559234
1 16  0.554188
1 17  0.554329
1 18  0.623651
1 19  0.383171
1 20  0.620345
1 21  0.612507
1 22  0.622637
2 3  0.603452
2 4  0.588018
2 5  0.635843
2 6  0.597967
2 7  0.596151
2 8  0.590724
2 9  0.596697
2 10  0.585323
2 11  0.574329
2 12  0.585794
2 13  0.596420
2 14  0.605549
2 15  0.594782
2 16  0.600009
2 17  0.600455
2 18  0.383972
2 19  0.623807
2 20  0.587131
2 21  0.639629
2 22  0.597514
3 4  0.597834
3 5  0.637448
3 6  0.597387
3 7  0.595566
3 8  0.590033
3 9  0.580823
3 10  0.579801
3 11  0.588588
3 12  0.593036
3 13  0.575446
3 14  0.575510
3 15  0.594391
3 16  0.599156
3 17  0.599786
3 18  0.598941
3 19  0.623304
3 20  0.593445
3 21  0.637413
3 22  0.416044
4 5  0.620964
4 6  0.592363
4 7  0.590349
4 8  0.584165
4 9  0.594607
4 10  0.582403
4 11  0.584373
4 12  0.589097
4 13  0.589989
4 14  0.600176
4 15  0.589443
4 16  0.593468
4 17  0.594686
4 18  0.583678
4 19  0.617328
4 20  0.388969
4 21  0.623745
4 22  0.591060
5 6  0.602751
5 7  0.599188
5 8  0.572140
5 9  0.612366
5 10  0.602542
5 11  0.577054
5 12  0.581068
5 13  0.606726
5 14  0.616596
5 15  0.569770
5 16  0.606141
5 17  0.607977
5 18  0.637187
5 19  0.610220
5 20  0.624332
5 21  0.399771
5 22  0.634091
6 7  0.516288
6 8  0.551333
6 9  0.571593
6 10  0.562207
6 11  0.560267
6 12  0.565998
6 13  0.565844
6 14  0.575378
6 15  0.558246
6 16  0.514296
6 17  0.282021
6 18  0.598251
6 19  0.553269
6 20  0.595644
6 21  0.608737
6 22  0.597061
7 8  0.551840
7 9  0.569783
7 10  0.560384
7 11  0.558527
7 12  0.564972
7 13  0.563912
7 14  0.573586
7 15  0.559030
7 16  0.282315
7 17  0.513374
7 18  0.596534
7 19  0.550895
7 20  0.593149
7 21  0.605936
7 22  0.595150
8 9  0.564499
8 10  0.555142
8 11  0.548854
8 12  0.554346
8 13  0.558545
8 14  0.567843
8 15  0.272734
8 16  0.558636
8 17  0.556889
8 18  0.590800
8 19  0.555510
8 20  0.588610
8 21  0.569199
8 22  0.589850
9 10  0.525688
9 11  0.565748
9 12  0.572171
9 13  0.524003
9 14  0.283748
9 15  0.568519
9 16  0.573612
9 17  0.574132
9 18  0.602278
9 19  0.597490
9 20  0.600084
9 21  0.616080
9 22  0.572456
10 11  0.556911
10 12  0.564187
10 13  0.275512
10 14  0.524453
10 15  0.559323
10 16  0.564095
10 17  0.564748
10 18  0.593414
10 19  0.587858
10 20  0.589504
10 21  0.606391
10 22  0.571043
11 12  0.272425
11 13  0.561363
11 14  0.569603
11 15  0.552407
11 16  0.562351
11 17  0.562185
11 18  0.580297
11 19  0.585911
11 20  0.586653
11 21  0.577856
11 22  0.586105
12 13  0.566690
12 14  0.575650
12 15  0.559523
12 16  0.568778
12 17  0.569338
12 18  0.578749
12 19  0.591288
12 20  0.594016
12 21  0.585369
12 22  0.594307
13 14  0.531886
13 15  0.563075
13 16  0.567813
13 17  0.568351
13 18  0.587911
13 19  0.591791
13 20  0.588893
13 21  0.609271
13 22  0.582278
14 15  0.572620
14 16  0.577395
14 17  0.577919
14 18  0.600513
14 19  0.601415
14 20  0.600684
14 21  0.619328
14 22  0.584354
15 16  0.558702
15 17  0.557642
15 18  0.595443
15 19  0.565580
15 20  0.591278
15 21  0.579417
15 22  0.594151
16 17  0.521709
16 18  0.600319
16 19  0.563489
16 20  0.597541
16 21  0.605725
16 22  0.599188
17 18  0.600854
17 19  0.564884
17 20  0.598312
17 21  0.607525
17 22  0.599720
18 19  0.624239
18 20  0.589987
18 21  0.639627
18 22  0.604423
19 20  0.620020
19 21  0.621184
19 22  0.622959
20 21  0.627029
20 22  0.602614
21 22  0.640323
