   -841.25224367
   -841.50602210
0.00067863622500
2 2 2 2 2 2 2 2 2 2 2 0 0 0 0 0 0 0 0 0 0 0 
1  0.244272
2  0.261974
3  0.279955
4  0.249415
5  0.289526
6  0.242588
7  0.263271
8  0.270009
9  0.272317
10  0.250832
11  0.257523
12  0.262669
13  0.274442
14  0.271939
15  0.290915
16  0.280485
17  0.265502
18  0.252761
19  0.244475
20  0.251383
21  0.245655
22  0.266072
1 2  0.504391
1 3  0.523282
1 4  0.493280
1 5  0.533731
1 6  0.446316
1 7  0.479675
1 8  0.514266
1 9  0.516575
1 10  0.494552
1 11  0.501736
1 12  0.506675
1 13  0.518696
1 14  0.516193
1 15  0.535015
1 16  0.524573
1 17  0.474305
1 18  0.495444
1 19  0.441637
1 20  0.495125
1 21  0.225888
1 22  0.508936
2 3  0.534638
2 4  0.482032
2 5  0.550795
2 6  0.503136
2 7  0.519529
2 8  0.531852
2 9  0.534268
2 10  0.484285
2 11  0.518946
2 12  0.524478
2 13  0.536173
2 14  0.533188
2 15  0.551920
2 16  0.529067
2 17  0.514848
2 18  0.477698
2 19  0.506346
2 20  0.475830
2 21  0.506086
2 22  0.309072
3 4  0.527596
3 5  0.556024
3 6  0.520659
3 7  0.535918
3 8  0.545698
3 9  0.549735
3 10  0.529782
3 11  0.508368
3 12  0.506949
3 13  0.553743
3 14  0.550084
3 15  0.548763
3 16  0.317435
3 17  0.530679
3 18  0.532495
3 19  0.522704
3 20  0.529824
3 21  0.525382
3 22  0.531567
4 5  0.538850
4 6  0.491789
4 7  0.511707
4 8  0.519391
4 9  0.521721
4 10  0.456008
4 11  0.506872
4 12  0.512049
4 13  0.523831
4 14  0.521157
4 15  0.539948
4 16  0.528282
4 17  0.514800
4 18  0.453020
4 19  0.493308
4 20  0.236009
4 21  0.494553
4 22  0.477548
5 6  0.532063
5 7  0.552502
5 8  0.531697
5 9  0.533767
5 10  0.540339
5 11  0.526725
5 12  0.524672
5 13  0.525189
5 14  0.524540
5 15  0.349825
5 16  0.547897
5 17  0.554951
5 18  0.542161
5 19  0.533768
5 20  0.540396
5 21  0.534940
5 22  0.554364
6 7  0.476373
6 8  0.512571
6 9  0.514887
6 10  0.493147
6 11  0.499890
6 12  0.504497
6 13  0.516904
6 14  0.514523
6 15  0.533374
6 16  0.521564
6 17  0.469324
6 18  0.494817
6 19  0.232836
6 20  0.493396
6 21  0.443288
6 22  0.508567
7 8  0.533228
7 9  0.535507
7 10  0.512570
7 11  0.519360
7 12  0.523120
7 13  0.537080
7 14  0.535031
7 15  0.554002
7 16  0.529194
7 17  0.305715
7 18  0.514447
7 19  0.470408
7 20  0.514562
7 21  0.472196
7 22  0.517019
8 9  0.495540
8 10  0.520825
8 11  0.523891
8 12  0.531692
8 13  0.492290
8 14  0.263132
8 15  0.523479
8 16  0.548862
8 17  0.535045
8 18  0.522749
8 19  0.514458
8 20  0.521185
8 21  0.515653
8 22  0.535194
9 10  0.523138
9 11  0.524258
9 12  0.531122
9 13  0.263867
9 14  0.491309
9 15  0.526057
9 16  0.552050
9 17  0.537279
9 18  0.525077
9 19  0.516695
9 20  0.523654
9 21  0.517968
9 22  0.538090
10 11  0.508284
10 12  0.513334
10 13  0.525271
10 14  0.522724
10 15  0.541523
10 16  0.531081
10 17  0.514824
10 18  0.234396
10 19  0.494881
10 20  0.452386
10 21  0.495016
10 22  0.480029
11 12  0.243511
11 13  0.528605
11 14  0.528573
11 15  0.521027
11 16  0.502501
11 17  0.520584
11 18  0.510200
11 19  0.500960
11 20  0.508834
11 21  0.502858
11 22  0.523452
12 13  0.531097
12 14  0.529703
12 15  0.531261
12 16  0.513891
12 17  0.526308
12 18  0.515266
12 19  0.506960
12 20  0.513970
12 21  0.508239
12 22  0.527622
13 14  0.498972
13 15  0.537487
13 16  0.551581
13 17  0.539867
13 18  0.527189
13 19  0.518902
13 20  0.525807
13 21  0.520081
13 22  0.540436
14 15  0.534814
14 16  0.548023
14 17  0.537400
14 18  0.524685
14 19  0.516389
14 20  0.523290
14 21  0.517566
14 22  0.537763
15 16  0.558511
15 17  0.555827
15 18  0.543644
15 19  0.535339
15 20  0.542208
15 21  0.536436
15 22  0.555788
16 17  0.538572
16 18  0.531849
16 19  0.522780
16 20  0.529931
16 21  0.524597
16 22  0.537957
17 18  0.516432
17 19  0.480223
17 20  0.515538
17 21  0.484033
17 22  0.524697
18 19  0.496896
18 20  0.458714
18 21  0.497835
18 22  0.490759
19 20  0.495640
19 21  0.448877
19 22  0.508845
20 21  0.496585
20 22  0.488269
21 22  0.509606
