   -841.25224367
   -841.51077092
0.00029954611000
2 2 2 2 2 2 2 2 2 2 2 0 0 0 0 0 0 0 0 0 0 0 
1  0.258999
2  0.281100
3  0.290756
4  0.265876
5  0.294771
6  0.259557
7  0.280349
8  0.273287
9  0.275499
10  0.265098
11  0.263618
12  0.269373
13  0.277802
14  0.275547
15  0.296517
16  0.291614
17  0.281606
18  0.267828
19  0.261630
20  0.268268
21  0.260762
22  0.283421
1 2  0.538005
1 3  0.548567
1 4  0.524717
1 5  0.553707
1 6  0.474858
1 7  0.508729
1 8  0.532255
1 9  0.534470
1 10  0.523671
1 11  0.522499
1 12  0.528173
1 13  0.536788
1 14  0.534509
1 15  0.555241
1 16  0.550370
1 17  0.502143
1 18  0.525584
1 19  0.470615
1 20  0.526993
1 21  0.249081
1 22  0.540819
2 3  0.563719
2 4  0.515114
2 5  0.574962
2 6  0.539239
2 7  0.554809
2 8  0.554229
2 9  0.556566
2 10  0.515309
2 11  0.544001
2 12  0.550255
2 13  0.558552
2 14  0.555695
2 15  0.576581
2 16  0.558227
2 17  0.550175
2 18  0.509133
2 19  0.542604
2 20  0.508328
2 21  0.540441
2 22  0.335158
3 4  0.554511
3 5  0.571367
3 6  0.547939
3 7  0.562981
3 8  0.559444
3 9  0.563379
3 10  0.554568
3 11  0.524961
3 12  0.524363
3 13  0.567795
3 14  0.564368
3 15  0.564707
3 16  0.337745
3 17  0.557899
3 18  0.558333
3 19  0.550598
3 20  0.557310
3 21  0.551249
3 22  0.559544
4 5  0.560506
4 6  0.525348
4 7  0.545126
4 8  0.539105
4 9  0.541353
4 10  0.482884
4 11  0.529422
4 12  0.535149
4 13  0.543640
4 14  0.541199
4 15  0.561886
4 16  0.555796
4 17  0.547331
4 18  0.480980
4 19  0.527173
4 20  0.258369
4 21  0.526356
4 22  0.508872
5 6  0.554279
5 7  0.574684
5 8  0.539981
5 9  0.541972
5 10  0.559823
5 11  0.537604
5 12  0.536475
5 13  0.533607
5 14  0.533226
5 15  0.361494
5 16  0.563777
5 17  0.576283
5 18  0.562497
5 19  0.556215
5 20  0.562530
5 21  0.555244
5 22  0.577062
6 7  0.507771
6 8  0.532805
6 9  0.535016
6 10  0.524510
6 11  0.522865
6 12  0.527769
6 13  0.537187
6 14  0.535101
6 15  0.555782
6 16  0.549613
6 17  0.499814
6 18  0.527067
6 19  0.254352
6 20  0.527440
6 21  0.471982
6 22  0.542832
7 8  0.553583
7 9  0.555747
7 10  0.543561
7 11  0.542335
7 12  0.546967
7 13  0.557449
7 14  0.555631
7 15  0.576700
7 16  0.557412
7 17  0.333159
7 18  0.546689
7 19  0.501319
7 20  0.548452
7 21  0.500769
7 22  0.551359
8 9  0.502153
8 10  0.538350
8 11  0.532711
8 12  0.541521
8 13  0.499210
8 14  0.270107
8 15  0.532152
8 16  0.563255
8 17  0.554464
8 18  0.541089
8 19  0.534896
8 20  0.541327
8 21  0.533991
8 22  0.555732
9 10  0.540579
9 11  0.533178
9 12  0.540935
9 13  0.270602
9 14  0.498446
9 15  0.534626
9 16  0.566311
9 17  0.556360
9 18  0.543325
9 19  0.536978
9 20  0.543741
9 21  0.536259
9 22  0.558646
10 11  0.528621
10 12  0.534326
10 13  0.542897
10 14  0.540599
10 15  0.561408
10 16  0.556418
10 17  0.545348
10 18  0.256670
10 19  0.526484
10 20  0.480715
10 21  0.524734
10 22  0.509646
11 12  0.254775
11 13  0.537978
11 14  0.538122
11 15  0.532535
11 16  0.519794
11 17  0.542998
11 18  0.531284
11 19  0.524138
11 20  0.531828
11 21  0.524080
11 22  0.546863
12 13  0.540681
12 14  0.539562
12 15  0.543249
12 16  0.531190
12 17  0.548918
12 18  0.537126
12 19  0.530612
12 20  0.537542
12 21  0.529942
12 22  0.551565
13 14  0.506218
13 15  0.546213
13 16  0.565670
13 17  0.559326
13 18  0.545608
13 19  0.539409
13 20  0.546037
13 21  0.538540
13 22  0.561143
14 15  0.543633
14 16  0.562207
14 17  0.557103
14 18  0.543338
14 19  0.537157
14 20  0.543746
14 21  0.536290
14 22  0.558702
15 16  0.574638
15 17  0.577349
15 18  0.564271
15 19  0.558071
15 20  0.564604
15 21  0.557203
15 22  0.578595
16 17  0.565080
16 18  0.557663
16 19  0.550700
16 20  0.557382
16 21  0.550665
16 22  0.565752
17 18  0.547078
17 19  0.511027
17 20  0.548248
17 21  0.512231
17 22  0.557382
18 19  0.529264
18 20  0.487105
18 21  0.528128
18 22  0.520653
19 20  0.529838
19 21  0.478049
19 22  0.543249
20 21  0.528831
20 22  0.520322
21 22  0.541764
