   -841.25224367
   -841.51329966
0.00017156742200
2 2 2 2 2 2 2 2 2 2 2 0 0 0 0 0 0 0 0 0 0 0 
1  0.268792
2  0.291961
3  0.297935
4  0.274680
5  0.297713
6  0.269896
7  0.290748
8  0.275068
9  0.277168
10  0.273563
11  0.266949
12  0.272841
13  0.279544
14  0.277410
15  0.299342
16  0.298627
17  0.291766
18  0.276307
19  0.272180
20  0.277186
21  0.270800
22  0.294175
1 2  0.558417
1 3  0.565275
1 4  0.543297
1 5  0.566428
1 6  0.492617
1 7  0.527332
1 8  0.543811
1 9  0.545911
1 10  0.541902
1 11  0.535595
1 12  0.541401
1 13  0.548323
1 14  0.546164
1 15  0.567829
1 16  0.567135
1 17  0.519843
1 18  0.543911
1 19  0.488752
1 20  0.545710
1 21  0.266097
1 22  0.561319
2 3  0.581060
2 4  0.532768
2 5  0.588598
2 6  0.560325
2 7  0.575713
2 8  0.566830
2 9  0.569087
2 10  0.532832
2 11  0.558122
2 12  0.564543
2 13  0.571149
2 14  0.568357
2 15  0.590286
2 16  0.576026
2 17  0.571096
2 18  0.525705
2 19  0.563918
2 20  0.525732
2 21  0.561223
2 22  0.354833
3 4  0.569907
3 5  0.581183
3 6  0.565038
3 7  0.580098
3 8  0.568088
3 9  0.572019
3 10  0.569963
3 11  0.535514
3 12  0.535070
3 13  0.576660
3 14  0.573344
3 15  0.574579
3 16  0.350703
3 17  0.575220
3 18  0.573923
3 19  0.568165
3 20  0.573253
3 21  0.568395
3 22  0.577562
4 5  0.572206
4 6  0.544459
4 7  0.564176
4 8  0.549667
4 9  0.551818
4 10  0.499610
4 11  0.541535
4 12  0.547436
4 13  0.554183
4 14  0.551789
4 15  0.573395
4 16  0.571522
4 17  0.566202
4 18  0.497329
4 19  0.546530
4 20  0.273976
4 21  0.545227
4 22  0.525959
5 6  0.567549
5 7  0.587973
5 8  0.544598
5 9  0.546555
5 10  0.571211
5 11  0.543683
5 12  0.542834
5 13  0.538274
5 14  0.538013
5 15  0.367083
5 16  0.573622
5 17  0.589365
5 18  0.573888
5 19  0.569671
5 20  0.574300
5 21  0.568178
5 22  0.590789
6 7  0.526887
6 8  0.544904
6 9  0.547006
6 10  0.543289
6 11  0.536468
6 12  0.541491
6 13  0.549242
6 14  0.547302
6 15  0.568907
6 16  0.566877
6 17  0.518576
6 18  0.545886
6 19  0.270626
6 20  0.546705
6 21  0.490248
6 22  0.563830
7 8  0.565755
7 9  0.567803
7 10  0.562175
7 11  0.555889
7 12  0.560827
7 13  0.569542
7 14  0.567886
7 15  0.589899
7 16  0.574880
7 17  0.351212
7 18  0.565465
7 19  0.520356
7 20  0.567684
7 21  0.519073
7 22  0.572403
8 9  0.505829
8 10  0.548585
8 11  0.537631
8 12  0.546705
8 13  0.502973
8 14  0.273641
8 15  0.536750
8 16  0.571998
8 17  0.566414
8 18  0.551346
8 19  0.547218
8 20  0.551980
8 21  0.545813
8 22  0.568242
9 10  0.550711
9 11  0.537904
9 12  0.546015
9 13  0.273963
9 14  0.502224
9 15  0.539124
9 16  0.574941
9 17  0.568143
9 18  0.553472
9 19  0.549160
9 20  0.554320
9 21  0.547963
9 22  0.571067
10 11  0.540418
10 12  0.546162
10 13  0.553103
10 14  0.550937
10 15  0.572721
10 16  0.571865
10 17  0.563839
10 18  0.271350
10 19  0.545511
10 20  0.497163
10 21  0.543304
10 22  0.525776
11 12  0.260864
11 13  0.542948
11 14  0.543252
11 15  0.538701
11 16  0.530270
11 17  0.556468
11 18  0.543055
11 19  0.537835
11 20  0.544051
11 21  0.537417
11 22  0.560916
12 13  0.545656
12 14  0.544679
12 15  0.549456
12 16  0.541620
12 17  0.562399
12 18  0.549075
12 19  0.544523
12 20  0.549912
12 21  0.543401
12 22  0.565700
13 14  0.510063
13 15  0.550708
13 16  0.574175
13 17  0.571213
13 18  0.555825
13 19  0.551695
13 20  0.556682
13 21  0.550320
13 22  0.573627
14 15  0.548169
14 16  0.570767
14 17  0.569120
14 18  0.553662
14 19  0.549557
14 20  0.554497
14 21  0.548184
14 22  0.571281
15 16  0.584256
15 17  0.590262
15 18  0.575564
15 19  0.571428
15 20  0.576306
15 21  0.570049
15 22  0.592046
16 17  0.581915
16 18  0.572847
16 19  0.567733
16 20  0.572637
16 21  0.567340
16 22  0.583041
17 18  0.565479
17 19  0.530122
17 20  0.567117
17 21  0.530676
17 22  0.577916
18 19  0.548274
18 20  0.504135
18 21  0.546616
18 22  0.537944
19 20  0.549284
19 21  0.496422
19 22  0.564418
20 21  0.547774
20 22  0.537897
21 22  0.562255
