   -841.25224367
   -841.51505432
0.00000142296782
2 2 2 2 2 2 2 2 2 2 2 0 0 0 0 0 0 0 0 0 0 0 
1  0.276890
2  0.301510
3  0.304075
4  0.281818
5  0.299640
6  0.277059
7  0.298733
8  0.276077
9  0.278052
10  0.280868
11  0.269190
12  0.275285
13  0.280457
14  0.278467
15  0.301331
16  0.304675
17  0.299732
18  0.283868
19  0.279365
20  0.284515
21  0.278883
22  0.303377
1 2  0.575804
1 3  0.579160
1 4  0.558497
1 5  0.576440
1 6  0.506558
1 7  0.541498
1 8  0.552901
1 9  0.554857
1 10  0.557227
1 11  0.545888
1 12  0.551924
1 13  0.557333
1 14  0.555308
1 15  0.577840
1 16  0.581176
1 17  0.533732
1 18  0.559620
1 19  0.502754
1 20  0.561108
1 21  0.281144
1 22  0.578566
2 3  0.596090
2 4  0.547659
2 5  0.599949
2 6  0.576890
2 7  0.592927
2 8  0.577362
2 9  0.579513
2 10  0.547528
2 11  0.569836
2 12  0.576501
2 13  0.581616
2 14  0.578962
2 15  0.601853
2 16  0.591505
2 17  0.588482
2 18  0.540554
2 19  0.580547
2 20  0.540603
2 21  0.578775
2 22  0.372296
3 4  0.582423
3 5  0.589212
3 6  0.577972
3 7  0.593809
3 8  0.575111
3 9  0.578959
3 10  0.582891
3 11  0.544024
3 12  0.543774
3 13  0.583694
3 14  0.580530
3 15  0.582744
3 16  0.362523
3 17  0.589345
3 18  0.587480
3 19  0.581390
3 20  0.586481
3 21  0.582516
3 22  0.592857
4 5  0.581192
4 6  0.558717
4 7  0.579119
4 8  0.557761
4 9  0.559820
4 10  0.514523
4 11  0.550871
4 12  0.556982
4 13  0.562223
4 14  0.559899
4 15  0.582410
4 16  0.584481
4 17  0.581218
4 18  0.511938
4 19  0.560839
4 20  0.287083
4 21  0.560430
4 22  0.540559
5 6  0.576623
5 7  0.597825
5 8  0.547533
5 9  0.549465
5 10  0.580410
5 11  0.547904
5 12  0.547290
5 13  0.541206
5 14  0.541057
5 15  0.371268
5 16  0.581646
5 17  0.599238
5 18  0.583368
5 19  0.578748
5 20  0.583461
5 21  0.578123
5 22  0.601944
6 7  0.541220
6 8  0.553053
6 9  0.555028
6 10  0.557707
6 11  0.545781
6 12  0.550938
6 13  0.557286
6 14  0.555521
6 15  0.578017
6 16  0.579984
6 17  0.532553
6 18  0.560600
6 19  0.282610
6 20  0.561183
6 21  0.504011
6 22  0.580099
7 8  0.574744
7 9  0.576660
7 10  0.577061
7 11  0.565987
7 12  0.571305
7 13  0.578418
7 14  0.576928
7 15  0.599849
7 16  0.588909
7 17  0.366561
7 18  0.580916
7 19  0.534128
7 20  0.582896
7 21  0.532981
7 22  0.589525
8 9  0.507867
8 10  0.556870
8 11  0.540830
8 12  0.550142
8 13  0.505068
8 14  0.275795
8 15  0.539830
8 16  0.579051
8 17  0.575397
8 18  0.559915
8 19  0.555403
8 20  0.560253
8 21  0.554894
8 22  0.578448
9 10  0.558900
9 11  0.541000
9 12  0.549360
9 13  0.275907
9 14  0.504349
9 15  0.542099
9 16  0.581851
9 17  0.576964
9 18  0.561914
9 19  0.557190
9 20  0.562529
9 21  0.556924
9 22  0.581160
10 11  0.549941
10 12  0.555818
10 13  0.561321
10 14  0.559296
10 15  0.581998
10 16  0.585089
10 17  0.579036
10 18  0.285445
10 19  0.559980
10 20  0.511815
10 21  0.558729
10 22  0.540091
11 12  0.265352
11 13  0.546125
11 14  0.546537
11 15  0.543019
11 16  0.538725
11 17  0.566709
11 18  0.552774
11 19  0.547130
11 20  0.553589
11 21  0.547715
11 22  0.572326
12 13  0.548991
12 14  0.548147
12 15  0.553950
12 16  0.550172
12 17  0.572706
12 18  0.559069
12 19  0.554027
12 20  0.559626
12 21  0.553851
12 22  0.577272
13 14  0.512192
13 15  0.553716
13 16  0.581037
13 17  0.580079
13 18  0.564297
13 19  0.559789
13 20  0.564893
13 21  0.559305
13 22  0.583734
14 15  0.551194
14 16  0.577735
14 17  0.578138
14 18  0.562251
14 19  0.557785
14 20  0.562828
14 21  0.557319
14 22  0.581513
15 16  0.592255
15 17  0.600161
15 18  0.585065
15 19  0.580575
15 20  0.585541
15 21  0.580101
15 22  0.603146
16 17  0.595589
16 18  0.585836
16 19  0.580618
16 20  0.585294
16 21  0.581062
16 22  0.597797
17 18  0.580594
17 19  0.544375
17 20  0.582171
17 21  0.544782
17 22  0.594825
18 19  0.562963
18 20  0.519518
18 21  0.562177
18 22  0.552438
19 20  0.563758
19 21  0.510493
19 22  0.580651
20 21  0.563144
20 22  0.552556
21 22  0.579279
