  -1146.54067721
  -1146.90680688
0.00012506991000
2 2 2 2 2 2 2 2 2 2 2 2 2 2 2 0 0 0 0 0 0 0 0 0 0 0 0 0 0 0 
1  0.274480
2  0.272019
3  0.272543
4  0.277985
5  0.280436
6  0.319530
7  0.303901
8  0.312092
9  0.304423
10  0.307796
11  0.280953
12  0.286082
13  0.311795
14  0.313579
15  0.310883
16  0.280859
17  0.279512
18  0.276652
19  0.281880
20  0.282742
21  0.313511
22  0.304873
23  0.314541
24  0.316835
25  0.311368
26  0.322863
27  0.287220
28  0.309412
29  0.282798
30  0.306406
1 2  0.546356
1 3  0.542756
1 4  0.552266
1 5  0.554664
1 6  0.569920
1 7  0.577233
1 8  0.586521
1 9  0.577768
1 10  0.579153
1 11  0.555429
1 12  0.560560
1 13  0.566217
1 14  0.586596
1 15  0.582219
1 16  0.263986
1 17  0.553417
1 18  0.545740
1 19  0.556172
1 20  0.556452
1 21  0.573081
1 22  0.578753
1 23  0.588986
1 24  0.589951
1 25  0.581685
1 26  0.570732
1 27  0.561649
1 28  0.577930
1 29  0.557229
1 30  0.580657
2 3  0.544560
2 4  0.550003
2 5  0.552453
2 6  0.591502
2 7  0.572562
2 8  0.567030
2 9  0.576440
2 10  0.579256
2 11  0.549347
2 12  0.552690
2 13  0.582654
2 14  0.562376
2 15  0.581282
2 16  0.552284
2 17  0.253897
2 18  0.548613
2 19  0.553898
2 20  0.554760
2 21  0.584774
2 22  0.576866
2 23  0.565746
2 24  0.567001
2 25  0.583235
2 26  0.594829
2 27  0.554537
2 28  0.575310
2 29  0.553849
2 30  0.575790
3 4  0.546505
3 5  0.546822
3 6  0.564330
3 7  0.576439
3 8  0.584634
3 9  0.555739
3 10  0.579476
3 11  0.553491
3 12  0.558619
3 13  0.584127
3 14  0.586103
3 15  0.583233
3 16  0.547703
3 17  0.551931
3 18  0.267991
3 19  0.553344
3 20  0.551975
3 21  0.585576
3 22  0.548962
3 23  0.587027
3 24  0.589073
3 25  0.583760
3 26  0.561374
3 27  0.559762
3 28  0.581771
3 29  0.555340
3 30  0.578799
4 5  0.511432
4 6  0.592573
4 7  0.581870
4 8  0.590076
4 9  0.554061
4 10  0.585521
4 11  0.558937
4 12  0.564066
4 13  0.589746
4 14  0.591559
4 15  0.588855
4 16  0.558666
4 17  0.557495
4 18  0.553419
4 19  0.277246
4 20  0.508482
4 21  0.591486
4 22  0.544948
4 23  0.592510
4 24  0.594817
4 25  0.588468
4 26  0.599130
4 27  0.565202
4 28  0.587176
4 29  0.560776
4 30  0.584339
5 6  0.596752
5 7  0.584331
5 8  0.592528
5 9  0.556201
5 10  0.588166
5 11  0.561389
5 12  0.566518
5 13  0.592203
5 14  0.594012
5 15  0.591316
5 16  0.560386
5 17  0.559945
5 18  0.553273
5 19  0.509307
5 20  0.277744
5 21  0.593884
5 22  0.547879
5 23  0.594976
5 24  0.597255
5 25  0.591592
5 26  0.602518
5 27  0.567655
5 28  0.589734
5 29  0.563232
5 30  0.586842
6 7  0.622465
6 8  0.631565
6 9  0.609523
6 10  0.614655
6 11  0.600474
6 12  0.605611
6 13  0.627905
6 14  0.632571
6 15  0.629504
6 16  0.574104
6 17  0.599021
6 18  0.561580
6 19  0.599318
6 20  0.601537
6 21  0.630445
6 22  0.602357
6 23  0.633985
6 24  0.636200
6 25  0.618638
6 26  0.391003
6 27  0.606705
6 28  0.624711
6 29  0.602226
6 30  0.625647
7 8  0.605849
7 9  0.608270
7 10  0.604211
7 11  0.583221
7 12  0.589233
7 13  0.605270
7 14  0.580840
7 15  0.598789
7 16  0.584535
7 17  0.580317
7 18  0.580463
7 19  0.585717
7 20  0.586637
7 21  0.615270
7 22  0.608550
7 23  0.610816
7 24  0.581284
7 25  0.612402
7 26  0.626479
7 27  0.590673
7 28  0.590999
7 29  0.584963
7 30  0.356381
8 9  0.616511
8 10  0.619201
8 11  0.557775
8 12  0.559897
8 13  0.623182
8 14  0.624114
8 15  0.621889
8 16  0.592931
8 17  0.572028
8 18  0.588716
8 19  0.593953
8 20  0.594831
8 21  0.625542
8 22  0.616897
8 23  0.388613
8 24  0.625592
8 25  0.622814
8 26  0.634858
8 27  0.550829
8 28  0.617750
8 29  0.550977
8 30  0.609813
9 10  0.610949
9 11  0.585374
9 12  0.590503
9 13  0.616119
9 14  0.617995
9 15  0.615130
9 16  0.584455
9 17  0.583862
9 18  0.552764
9 19  0.548724
9 20  0.548683
9 21  0.617740
9 22  0.376718
9 23  0.618867
9 24  0.621104
9 25  0.614611
9 26  0.604408
9 27  0.591640
9 28  0.613700
9 29  0.587204
9 30  0.610522
10 11  0.588651
10 12  0.593866
10 13  0.582423
10 14  0.616558
10 15  0.596744
10 16  0.584068
10 17  0.587109
10 18  0.584287
10 19  0.588799
10 20  0.590290
10 21  0.581790
10 22  0.611486
10 23  0.621731
10 24  0.622467
10 25  0.376295
10 26  0.618363
10 27  0.594924
10 28  0.589051
10 29  0.590257
10 30  0.611434
11 12  0.518747
11 13  0.592712
11 14  0.593948
11 15  0.591347
11 16  0.561687
11 17  0.559034
11 18  0.557605
11 19  0.562823
11 20  0.563691
11 21  0.594103
11 22  0.585812
11 23  0.550258
11 24  0.597610
11 25  0.591940
11 26  0.603670
11 27  0.515379
11 28  0.590174
11 29  0.289394
11 30  0.585738
12 13  0.597854
12 14  0.599295
12 15  0.596803
12 16  0.566809
12 17  0.560300
12 18  0.562731
12 19  0.567958
12 20  0.568822
12 21  0.599359
12 22  0.590954
12 23  0.555004
12 24  0.602249
12 25  0.597377
12 26  0.608881
12 27  0.293327
12 28  0.595349
12 29  0.514113
12 30  0.592116
13 14  0.617483
13 15  0.603325
13 16  0.577222
13 17  0.590565
13 18  0.588006
13 19  0.593664
13 20  0.594486
13 21  0.376702
13 22  0.616548
13 23  0.626283
13 24  0.625789
13 25  0.584028
13 26  0.631426
13 27  0.598906
13 28  0.596425
13 29  0.594382
13 30  0.615990
14 15  0.602879
14 16  0.593027
14 17  0.569935
14 18  0.590076
14 19  0.595457
14 20  0.596316
14 21  0.624444
14 22  0.618387
14 23  0.623908
14 24  0.377786
14 25  0.622873
14 26  0.636201
14 27  0.600345
14 28  0.595629
14 29  0.596279
14 30  0.581300
15 16  0.586090
15 17  0.584409
15 18  0.587364
15 19  0.592533
15 20  0.593506
15 21  0.600033
15 22  0.615606
15 23  0.621867
15 24  0.599506
15 25  0.593263
15 26  0.629440
15 27  0.598028
15 28  0.423734
15 29  0.593391
15 30  0.595558
16 17  0.560146
16 18  0.553171
16 19  0.562519
16 20  0.563424
16 21  0.571984
16 22  0.584208
16 23  0.595314
16 24  0.595868
16 25  0.588869
16 26  0.578144
16 27  0.568079
16 28  0.586707
16 29  0.563654
16 30  0.585789
17 18  0.556163
17 19  0.561391
17 20  0.562252
17 21  0.591707
17 22  0.584383
17 23  0.573796
17 24  0.571559
17 25  0.590112
17 26  0.602303
17 27  0.561296
17 28  0.586881
17 29  0.557896
17 30  0.582546
18 19  0.553287
18 20  0.552608
18 21  0.590013
18 22  0.559148
18 23  0.591192
18 24  0.593465
18 25  0.586600
18 26  0.571449
18 27  0.563869
18 28  0.585858
18 29  0.559449
18 30  0.583051
19 20  0.516693
19 21  0.595355
19 22  0.557816
19 23  0.596419
19 24  0.598705
19 25  0.592898
19 26  0.599162
19 27  0.569099
19 28  0.591272
19 29  0.564678
19 30  0.588263
20 21  0.596231
20 22  0.559328
20 23  0.597282
20 24  0.599572
20 25  0.593997
20 26  0.601260
20 27  0.569961
20 28  0.592148
20 29  0.565540
20 30  0.589138
21 22  0.618276
21 23  0.627159
21 24  0.621875
21 25  0.585639
21 26  0.633097
21 27  0.600713
21 28  0.603919
21 29  0.596252
21 30  0.608267
22 23  0.619407
22 24  0.621692
22 25  0.614600
22 26  0.613546
22 27  0.592092
22 28  0.614093
22 29  0.587671
22 30  0.611215
23 24  0.629879
23 25  0.625068
23 26  0.637315
23 27  0.564619
23 28  0.622690
23 29  0.561786
23 30  0.610047
24 25  0.622370
24 26  0.638993
24 27  0.603756
24 28  0.605414
24 29  0.599050
24 30  0.584383
25 26  0.620879
25 27  0.598569
25 28  0.600111
25 29  0.594056
25 30  0.609960
26 27  0.610081
26 28  0.631199
26 29  0.605649
26 30  0.628160
27 28  0.596411
27 29  0.521171
27 30  0.592448
28 29  0.591624
28 30  0.599709
29 30  0.587051
