  -1146.54067721
  -1146.90874129
0.00005006030380
2 2 2 2 2 2 2 2 2 2 2 2 2 2 2 0 0 0 0 0 0 0 0 0 0 0 0 0 0 0 
1  0.279544
2  0.276371
3  0.275559
4  0.280043
5  0.282233
6  0.324809
7  0.311208
8  0.315569
9  0.307447
10  0.314889
11  0.283193
12  0.288043
13  0.318560
14  0.319944
15  0.317841
16  0.286306
17  0.284365
18  0.279673
19  0.283986
20  0.284576
21  0.319954
22  0.307833
23  0.318107
24  0.323097
25  0.318565
26  0.328251
27  0.289219
28  0.315714
29  0.285096
30  0.313515
1 2  0.555688
1 3  0.550599
1 4  0.559359
1 5  0.561494
1 6  0.580043
1 7  0.589327
1 8  0.595037
1 9  0.585769
1 10  0.591229
1 11  0.562734
1 12  0.567584
1 13  0.576727
1 14  0.597769
1 15  0.593988
1 16  0.273534
1 17  0.563217
1 18  0.553748
1 19  0.563314
1 20  0.563269
1 21  0.584194
1 22  0.586744
1 23  0.597603
1 24  0.601200
1 25  0.593987
1 26  0.581287
1 27  0.568674
1 28  0.589343
1 29  0.564571
1 30  0.592786
2 3  0.551927
2 4  0.556414
2 5  0.558603
2 6  0.601112
2 7  0.584117
2 8  0.574589
2 9  0.583817
2 10  0.590545
2 11  0.555790
2 12  0.558783
2 13  0.593593
2 14  0.572119
2 15  0.592351
2 16  0.561934
2 17  0.262250
2 18  0.555950
2 19  0.560355
2 20  0.560946
2 21  0.595512
2 22  0.584164
2 23  0.573727
2 24  0.577302
2 25  0.594744
2 26  0.604554
2 27  0.560825
2 28  0.585859
2 29  0.560454
2 30  0.587236
3 4  0.551384
3 5  0.551292
3 6  0.572627
3 7  0.586757
3 8  0.591126
3 9  0.561590
3 10  0.589417
3 11  0.558747
3 12  0.563595
3 13  0.593905
3 14  0.595468
3 15  0.593175
3 16  0.556122
3 17  0.559746
3 18  0.273492
3 19  0.558392
3 20  0.556734
3 21  0.595004
3 22  0.554955
3 23  0.593590
3 24  0.598313
3 25  0.593927
3 26  0.569952
3 27  0.564774
3 28  0.591082
3 29  0.560655
3 30  0.588879
4 5  0.515549
4 6  0.599498
4 7  0.591224
4 8  0.595610
4 9  0.558910
4 10  0.594614
4 11  0.563236
4 12  0.568085
4 13  0.598558
4 14  0.599974
4 15  0.597865
4 16  0.566139
4 17  0.564406
4 18  0.558437
4 19  0.281284
4 20  0.512649
4 21  0.599989
4 22  0.549941
4 23  0.598125
4 24  0.603136
4 25  0.597672
4 26  0.606492
4 27  0.569259
4 28  0.595503
4 29  0.565126
4 30  0.593485
5 6  0.603590
5 7  0.593431
5 8  0.597801
5 9  0.560950
5 10  0.597039
5 11  0.565427
5 12  0.570276
5 13  0.600759
5 14  0.602172
5 15  0.600071
5 16  0.567569
5 17  0.566593
5 18  0.557978
5 19  0.513499
5 20  0.281245
5 21  0.602097
5 22  0.552667
5 23  0.600340
5 24  0.605307
5 25  0.600567
5 26  0.609653
5 27  0.571452
5 28  0.597820
5 29  0.567327
5 30  0.595748
6 7  0.634879
6 8  0.640297
6 9  0.617380
6 10  0.626222
6 11  0.607989
6 12  0.612849
6 13  0.639794
6 14  0.644074
6 15  0.641631
6 16  0.584896
6 17  0.609134
6 18  0.569981
6 19  0.606646
6 20  0.608582
6 21  0.642132
6 22  0.610411
6 23  0.642809
6 24  0.647717
6 25  0.630982
6 26  0.401351
6 27  0.613959
6 28  0.636263
6 29  0.609744
6 30  0.638012
7 8  0.615852
7 9  0.618592
7 10  0.617939
7 11  0.592585
7 12  0.598356
7 13  0.618189
7 14  0.594579
7 15  0.612681
7 16  0.597239
7 17  0.592432
7 18  0.590753
7 19  0.595101
7 20  0.595778
7 21  0.628711
7 22  0.618775
7 23  0.621422
7 24  0.595056
7 25  0.626732
7 26  0.639161
7 27  0.599908
7 28  0.604428
7 29  0.594504
7 30  0.368983
8 9  0.623010
8 10  0.629639
8 11  0.563462
8 12  0.565442
8 13  0.633258
8 14  0.633862
8 15  0.632235
8 16  0.601841
8 17  0.580389
8 18  0.595200
8 19  0.599524
8 20  0.600141
8 21  0.635443
8 22  0.623303
8 23  0.395674
8 24  0.635358
8 25  0.633469
8 26  0.643708
8 27  0.556375
8 28  0.627502
8 29  0.556784
8 30  0.620174
9 10  0.620870
9 11  0.590638
9 12  0.595488
9 13  0.625891
9 14  0.627380
9 15  0.625068
9 16  0.592878
9 17  0.591717
9 18  0.558817
9 19  0.553760
9 20  0.553497
9 21  0.627191
9 22  0.382659
9 23  0.625421
9 24  0.630365
9 25  0.624811
9 26  0.612689
9 27  0.596664
9 28  0.623021
9 29  0.592517
9 30  0.620594
10 11  0.597964
10 12  0.602912
10 13  0.596221
10 14  0.629514
10 15  0.610083
10 16  0.596625
10 17  0.599012
10 18  0.594351
10 19  0.597923
10 20  0.599200
10 21  0.595354
10 22  0.621523
10 23  0.632396
10 24  0.635658
10 25  0.389733
10 26  0.630669
10 27  0.604008
10 28  0.602114
10 29  0.599594
10 30  0.625535
11 12  0.523187
11 13  0.601696
11 14  0.602468
11 15  0.600441
11 16  0.569350
11 17  0.566089
11 18  0.562866
11 19  0.567163
11 20  0.567764
11 21  0.602740
11 22  0.591001
11 23  0.556111
11 24  0.606083
11 25  0.601291
11 26  0.611235
11 27  0.519910
11 28  0.598692
11 29  0.293785
11 30  0.595049
12 13  0.606580
12 14  0.607600
12 15  0.605695
12 16  0.574180
12 17  0.567081
12 18  0.567709
12 19  0.572025
12 20  0.572617
12 21  0.607747
12 22  0.595874
12 23  0.560613
12 24  0.610475
12 25  0.606499
12 26  0.616202
12 27  0.297129
12 28  0.603607
12 29  0.518658
12 30  0.601133
13 14  0.629988
13 15  0.616885
13 16  0.588891
13 17  0.602123
13 18  0.597778
13 19  0.602534
13 20  0.603060
13 21  0.389027
13 22  0.626239
13 23  0.636605
13 24  0.638733
13 25  0.598125
13 26  0.643534
13 27  0.607612
13 28  0.609436
13 29  0.603418
13 30  0.629550
14 15  0.615400
14 16  0.604750
14 17  0.580852
14 18  0.599411
14 19  0.603925
14 20  0.604512
14 21  0.637143
14 22  0.627694
14 23  0.633839
14 24  0.389048
14 25  0.636238
14 26  0.647940
14 27  0.608715
14 28  0.607939
14 29  0.604923
14 30  0.594978
15 16  0.598497
15 17  0.595973
15 18  0.597352
15 19  0.601562
15 20  0.602281
15 21  0.613341
15 22  0.625519
15 23  0.632378
15 24  0.612397
15 25  0.606960
15 26  0.641705
15 27  0.606985
15 28  0.436611
15 29  0.602620
15 30  0.609354
16 17  0.570348
16 18  0.561425
16 19  0.570045
16 20  0.570691
16 21  0.582600
16 22  0.592481
16 23  0.604297
16 24  0.607336
16 25  0.601429
16 26  0.588625
16 27  0.575525
16 28  0.598185
16 29  0.571399
16 30  0.598096
17 18  0.564036
17 19  0.568349
17 20  0.568939
17 21  0.602754
17 22  0.592196
17 23  0.581936
17 24  0.581371
17 25  0.601995
17 26  0.612520
17 27  0.567971
17 28  0.597772
17 29  0.564885
17 30  0.594357
18 19  0.558215
18 20  0.557211
18 21  0.599467
18 22  0.564894
18 23  0.597778
18 24  0.602744
18 25  0.596596
18 26  0.579948
18 27  0.568889
18 28  0.595148
18 29  0.564767
18 30  0.593176
19 20  0.520880
19 21  0.603890
19 22  0.562709
19 23  0.602089
19 24  0.607061
19 25  0.602122
19 26  0.606276
19 27  0.573205
19 28  0.599671
19 29  0.569081
19 30  0.597458
20 21  0.604501
20 22  0.564125
20 23  0.602681
20 24  0.607662
20 25  0.602997
20 26  0.608226
20 27  0.573795
20 28  0.600279
20 29  0.569672
20 30  0.598069
21 22  0.627656
21 23  0.636996
21 24  0.634057
21 25  0.599281
21 26  0.644731
21 27  0.609154
21 28  0.616572
21 29  0.604974
21 30  0.620810
22 23  0.625931
22 24  0.630912
22 25  0.624495
22 26  0.621484
22 27  0.597051
22 28  0.623317
22 29  0.592928
22 30  0.621272
23 24  0.639603
23 25  0.635698
23 26  0.646242
23 27  0.570302
23 28  0.632485
23 29  0.567570
23 30  0.619910
24 25  0.635304
24 26  0.650512
24 27  0.611981
24 28  0.617489
24 29  0.607550
24 30  0.597849
25 26  0.632508
25 27  0.607748
25 28  0.612975
25 29  0.603515
25 30  0.623606
26 27  0.617465
26 28  0.642740
26 29  0.613327
26 30  0.640470
27 28  0.604673
27 29  0.525721
27 30  0.601380
28 29  0.600140
28 30  0.612909
29 30  0.596246
