  -1146.54067721
  -1146.90930867
0.00000837757930
2 2 2 2 2 2 2 2 2 2 2 2 2 2 2 0 0 0 0 0 0 0 0 0 0 0 0 0 0 0 
1  0.281213
2  0.277873
3  0.276430
4  0.280558
5  0.282655
6  0.326459
7  0.313520
8  0.316741
9  0.308282
10  0.317194
11  0.283922
12  0.288664
13  0.320688
14  0.322017
15  0.320070
16  0.288079
17  0.286050
18  0.280547
19  0.284543
20  0.285022
21  0.321994
22  0.308654
23  0.319317
24  0.325149
25  0.320806
26  0.329856
27  0.289866
28  0.317781
29  0.285872
30  0.315793
1 2  0.558811
1 3  0.553088
1 4  0.561539
1 5  0.563575
1 6  0.583304
1 7  0.593220
1 8  0.597863
1 9  0.588243
1 10  0.595180
1 11  0.565131
1 12  0.569874
1 13  0.580081
1 14  0.601409
1 15  0.597819
1 16  0.276794
1 17  0.566460
1 18  0.556304
1 19  0.565538
1 20  0.565325
1 21  0.587788
1 22  0.589217
1 23  0.600477
1 24  0.604894
1 25  0.597899
1 26  0.584601
1 27  0.570959
1 28  0.593099
1 29  0.566996
1 30  0.596728
2 3  0.554299
2 4  0.558430
2 5  0.560526
2 6  0.604245
2 7  0.587894
2 8  0.577219
2 9  0.586153
2 10  0.594266
2 11  0.557998
2 12  0.560883
2 13  0.597137
2 14  0.575360
2 15  0.595987
2 16  0.565112
2 17  0.265247
2 18  0.558301
2 19  0.562414
2 20  0.562894
2 21  0.599027
2 22  0.586476
2 23  0.576476
2 24  0.580769
2 25  0.598465
2 26  0.607655
2 27  0.562990
2 28  0.589401
2 29  0.562722
2 30  0.591008
3 4  0.552724
3 5  0.552562
3 6  0.575145
3 7  0.589937
3 8  0.593170
3 9  0.563269
3 10  0.592540
3 11  0.560346
3 12  0.565087
3 13  0.596897
3 14  0.598409
3 15  0.596253
3 16  0.558777
3 17  0.562267
3 18  0.275169
3 19  0.559798
3 20  0.558059
3 21  0.597926
3 22  0.556640
3 23  0.595659
3 24  0.601174
3 25  0.597018
3 26  0.572467
3 27  0.566289
3 28  0.594001
3 29  0.562302
3 30  0.592014
4 5  0.516560
4 6  0.601595
4 7  0.594040
4 8  0.597297
4 9  0.560240
4 10  0.597413
4 11  0.564479
4 12  0.569222
4 13  0.601196
4 14  0.602557
4 15  0.600604
4 16  0.568423
4 17  0.566607
4 18  0.559812
4 19  0.282409
4 20  0.513690
4 21  0.602542
4 22  0.551301
4 23  0.599841
4 24  0.605703
4 25  0.600416
4 26  0.608606
4 27  0.570417
4 28  0.598074
4 29  0.566408
4 30  0.596256
5 6  0.605592
5 7  0.596155
5 8  0.599395
5 9  0.562236
5 10  0.599761
5 11  0.566576
5 12  0.571319
5 13  0.603305
5 14  0.604664
5 15  0.602719
5 16  0.569705
5 17  0.568694
5 18  0.559273
5 19  0.514563
5 20  0.282181
5 21  0.604536
5 22  0.553949
5 23  0.601972
5 24  0.607777
5 25  0.603231
5 26  0.611662
5 27  0.572518
5 28  0.600302
5 29  0.568521
5 30  0.598448
6 7  0.638754
6 8  0.643106
6 9  0.619770
6 10  0.629907
6 11  0.610362
6 12  0.615117
6 13  0.643533
6 14  0.647740
6 15  0.645462
6 16  0.588346
6 17  0.612459
6 18  0.572519
6 19  0.608848
6 20  0.610654
6 21  0.645807
6 22  0.612837
6 23  0.645659
6 24  0.651407
6 25  0.634824
6 26  0.404701
6 27  0.616241
6 28  0.639952
6 29  0.612140
6 30  0.641917
7 8  0.619085
7 9  0.621737
7 10  0.622343
7 11  0.595579
7 12  0.601247
7 13  0.622251
7 14  0.599027
7 15  0.617103
7 16  0.601305
7 17  0.596408
7 18  0.593929
7 19  0.597955
7 20  0.598537
7 21  0.632952
7 22  0.621866
7 23  0.624855
7 24  0.599470
7 25  0.631263
7 26  0.643050
7 27  0.602834
7 28  0.608751
7 29  0.597585
7 30  0.373182
8 9  0.625016
8 10  0.633053
8 11  0.565389
8 12  0.567322
8 13  0.636493
8 14  0.637078
8 15  0.635587
8 16  0.604782
8 17  0.583265
8 18  0.597234
8 19  0.601241
8 20  0.601758
8 21  0.638655
8 22  0.625270
8 23  0.398200
8 24  0.638574
8 25  0.636852
8 26  0.646470
8 27  0.558271
8 28  0.630757
8 29  0.558778
8 30  0.623542
9 10  0.623952
9 11  0.592200
9 12  0.596943
9 13  0.628839
9 14  0.630288
9 15  0.628110
9 16  0.595468
9 17  0.594219
9 18  0.560540
9 19  0.555160
9 20  0.554798
9 21  0.630056
9 22  0.384461
9 23  0.627433
9 24  0.633241
9 25  0.627893
9 26  0.615105
9 27  0.598144
9 28  0.625924
9 29  0.594117
9 30  0.623651
10 11  0.600981
10 12  0.605830
10 13  0.600703
10 14  0.633691
10 15  0.614365
10 16  0.600707
10 17  0.602982
10 18  0.597505
10 19  0.600766
10 20  0.601954
10 21  0.599790
10 22  0.624657
10 23  0.635886
10 24  0.639930
10 25  0.394164
10 26  0.634537
10 27  0.606946
10 28  0.606325
10 29  0.602637
10 30  0.630111
11 12  0.524628
11 13  0.604544
11 14  0.605245
11 15  0.603338
11 16  0.571821
11 17  0.568489
11 18  0.564468
11 19  0.568439
11 20  0.568934
11 21  0.605491
11 22  0.592543
11 23  0.558103
11 24  0.608856
11 25  0.604216
11 26  0.613534
11 27  0.521406
11 28  0.601486
11 29  0.295339
11 30  0.598057
12 13  0.609327
12 14  0.610290
12 15  0.608521
12 16  0.576536
12 17  0.569402
12 18  0.569203
12 19  0.573201
12 20  0.573683
12 21  0.610354
12 22  0.597316
12 23  0.562518
12 24  0.613151
12 25  0.609354
12 26  0.618420
12 27  0.298440
12 28  0.606285
12 29  0.520180
12 30  0.604010
13 14  0.634037
13 15  0.621217
13 16  0.592626
13 17  0.605893
13 18  0.600780
13 19  0.605217
13 20  0.605617
13 21  0.393048
13 22  0.629173
13 23  0.639937
13 24  0.642893
13 25  0.602595
13 26  0.647243
13 27  0.610344
13 28  0.613603
13 29  0.606295
13 30  0.633840
14 15  0.619434
14 16  0.608556
14 17  0.584532
14 18  0.602303
14 19  0.606555
14 20  0.607032
14 21  0.641251
14 22  0.630580
14 23  0.637123
14 24  0.392842
14 25  0.640489
14 26  0.651600
14 27  0.611432
14 28  0.611905
14 29  0.607764
14 30  0.599404
15 16  0.602522
15 17  0.599785
15 18  0.600439
15 19  0.604334
15 20  0.604953
15 21  0.617588
15 22  0.628569
15 23  0.635817
15 24  0.616553
15 25  0.611263
15 26  0.645500
15 27  0.609852
15 28  0.441072
15 29  0.605618
15 30  0.613784
16 17  0.573754
16 18  0.564026
16 19  0.572373
16 20  0.572904
16 21  0.585947
16 22  0.595032
16 23  0.607264
16 24  0.611059
16 25  0.605424
16 26  0.591932
16 27  0.577944
16 28  0.601952
16 29  0.573948
16 30  0.602058
17 18  0.566594
17 19  0.570591
17 20  0.571070
17 21  0.606387
17 22  0.594702
17 23  0.584778
17 24  0.584674
17 25  0.605859
17 26  0.615788
17 27  0.570276
17 28  0.601416
17 29  0.567321
17 30  0.598277
18 19  0.559604
18 20  0.558511
18 21  0.602382
18 22  0.566562
18 23  0.599862
18 24  0.605667
18 25  0.599627
18 26  0.582443
18 27  0.570408
18 28  0.598070
18 29  0.566415
18 30  0.596325
19 20  0.521955
19 21  0.606482
19 22  0.564068
19 23  0.603856
19 24  0.609663
19 25  0.604893
19 26  0.608362
19 27  0.574408
19 28  0.602292
19 29  0.570414
19 30  0.600284
20 21  0.606985
20 22  0.565428
20 23  0.604337
20 24  0.610158
20 25  0.605674
20 26  0.610201
20 27  0.574888
20 28  0.602789
20 29  0.570894
20 30  0.600787
21 22  0.630506
21 23  0.640186
21 24  0.638021
21 25  0.603600
21 26  0.648347
21 27  0.611837
21 28  0.620663
21 29  0.607779
21 30  0.624762
22 23  0.627961
22 24  0.633784
22 25  0.627496
22 26  0.623825
22 27  0.598517
22 28  0.626186
22 29  0.594523
22 30  0.624370
23 24  0.642829
23 25  0.639069
23 26  0.649045
23 27  0.572253
23 28  0.635731
23 29  0.569559
23 30  0.623132
24 25  0.639404
24 26  0.654121
24 27  0.614673
24 28  0.621435
24 29  0.610352
24 30  0.602247
25 26  0.636092
25 27  0.610624
25 28  0.617051
25 29  0.606515
25 30  0.627940
26 27  0.619711
26 28  0.646356
26 29  0.615704
26 30  0.644257
27 28  0.607366
27 29  0.527239
27 30  0.604233
28 29  0.602930
28 30  0.617173
29 30  0.599231
