   -993.87907487
   -994.19827768
0.00022501393900
2 2 2 2 2 2 2 2 2 2 2 2 2 0 0 0 0 0 0 0 0 0 0 0 0 0 
1  0.315931
2  0.305430
3  0.283681
4  0.326158
5  0.323134
6  0.278821
7  0.332025
8  0.309720
9  0.324978
10  0.285052
11  0.296980
12  0.267877
13  0.306035
14  0.310463
15  0.276193
16  0.302616
17  0.290013
18  0.317123
19  0.325817
20  0.312361
21  0.304828
22  0.328410
23  0.330818
24  0.329334
25  0.280359
26  0.284932
1 2  0.602217
1 3  0.599560
1 4  0.638074
1 5  0.615831
1 6  0.594594
1 7  0.613559
1 8  0.625401
1 9  0.632752
1 10  0.599479
1 11  0.612181
1 12  0.581831
1 13  0.617336
1 14  0.618750
1 15  0.586456
1 16  0.617819
1 17  0.604543
1 18  0.417022
1 19  0.638199
1 20  0.626414
1 21  0.597799
1 22  0.622113
1 23  0.614175
1 24  0.641821
1 25  0.596262
1 26  0.600795
2 3  0.589100
2 4  0.612698
2 5  0.626492
2 6  0.584184
2 7  0.618383
2 8  0.614765
2 9  0.619576
2 10  0.588141
2 11  0.600743
2 12  0.573192
2 13  0.607244
2 14  0.611527
2 15  0.580369
2 16  0.601823
2 17  0.590761
2 18  0.598454
2 19  0.616410
2 20  0.616791
2 21  0.414742
2 22  0.628761
2 23  0.614626
2 24  0.612249
2 25  0.585666
2 26  0.590358
3 4  0.609836
3 5  0.606514
3 6  0.513818
3 7  0.615659
3 8  0.554400
3 9  0.608654
3 10  0.568732
3 11  0.580660
3 12  0.546753
3 13  0.588952
3 14  0.593795
3 15  0.554525
3 16  0.586286
3 17  0.573677
3 18  0.600566
3 19  0.609469
3 20  0.549519
3 21  0.588499
3 22  0.611388
3 23  0.614431
3 24  0.613001
3 25  0.508676
3 26  0.290098
4 5  0.648180
4 6  0.604968
4 7  0.648649
4 8  0.635760
4 9  0.609680
4 10  0.606094
4 11  0.596301
4 12  0.593916
4 13  0.630323
4 14  0.635685
4 15  0.602323
4 16  0.603816
4 17  0.608288
4 18  0.640044
4 19  0.613865
4 20  0.638290
4 21  0.608499
4 22  0.654173
4 23  0.653571
4 24  0.404346
4 25  0.606410
4 26  0.611068
5 6  0.601643
5 7  0.646174
5 8  0.630948
5 9  0.645975
5 10  0.607891
5 11  0.619926
5 12  0.566972
5 13  0.590759
5 14  0.598826
5 15  0.577130
5 16  0.625693
5 17  0.612838
5 18  0.619413
5 19  0.648407
5 20  0.631857
5 21  0.623283
5 22  0.378885
5 23  0.650344
5 24  0.652135
5 25  0.603398
5 26  0.607610
6 7  0.610729
6 8  0.552501
6 9  0.603791
6 10  0.563872
6 11  0.575799
6 12  0.543449
6 13  0.583336
6 14  0.587567
6 15  0.553521
6 16  0.581399
6 17  0.568802
6 18  0.595933
6 19  0.604540
6 20  0.544580
6 21  0.583528
6 22  0.606991
6 23  0.609101
6 24  0.608049
6 25  0.286332
6 26  0.510811
7 8  0.640431
7 9  0.639337
7 10  0.614697
7 11  0.627020
7 12  0.598753
7 13  0.619100
7 14  0.633400
7 15  0.607866
7 16  0.634270
7 17  0.621494
7 18  0.615858
7 19  0.652868
7 20  0.643273
7 21  0.614788
7 22  0.656323
7 23  0.417757
7 24  0.657549
7 25  0.611974
7 26  0.616907
8 9  0.634564
8 10  0.594765
8 11  0.606690
8 12  0.561332
8 13  0.604897
8 14  0.610938
8 15  0.567852
8 16  0.612298
8 17  0.599730
8 18  0.624995
8 19  0.635483
8 20  0.382294
8 21  0.613337
8 22  0.635360
8 23  0.639376
8 24  0.638810
8 25  0.545314
8 26  0.545162
9 10  0.588127
9 11  0.613895
9 12  0.592581
9 13  0.628830
9 14  0.635161
9 15  0.601040
9 16  0.622213
9 17  0.601076
9 18  0.638204
9 19  0.397042
9 20  0.637300
9 21  0.614901
9 22  0.652886
9 23  0.650634
9 24  0.615917
9 25  0.605268
9 26  0.609891
10 11  0.537021
10 12  0.552902
10 13  0.590860
10 14  0.595492
10 15  0.561155
10 16  0.543284
10 17  0.274184
10 18  0.600915
10 19  0.597236
10 20  0.597412
10 21  0.584970
10 22  0.613237
10 23  0.615235
10 24  0.607135
10 25  0.565397
10 26  0.569978
11 12  0.564844
11 13  0.602703
11 14  0.607301
11 15  0.573166
11 16  0.286602
11 17  0.542593
11 18  0.613472
11 19  0.618079
11 20  0.609301
11 21  0.595664
11 22  0.625362
11 23  0.627509
11 24  0.602790
11 25  0.577309
11 26  0.581903
12 13  0.570060
12 14  0.576068
12 15  0.245252
12 16  0.570482
12 17  0.557798
12 18  0.579499
12 19  0.593590
12 20  0.560835
12 21  0.571591
12 22  0.574822
12 23  0.598482
12 24  0.597182
12 25  0.547251
12 26  0.547894
13 14  0.349696
13 15  0.579368
13 16  0.608540
13 17  0.596030
13 18  0.615818
13 19  0.631574
13 20  0.610302
13 21  0.606370
13 22  0.599282
13 23  0.628077
13 24  0.634547
13 25  0.584480
13 26  0.590529
14 15  0.582548
14 16  0.612678
14 17  0.600146
14 18  0.622911
14 19  0.633788
14 20  0.611200
14 21  0.610869
14 22  0.597486
14 23  0.621368
14 24  0.637553
14 25  0.588856
14 26  0.594283
15 16  0.578784
15 17  0.566158
15 18  0.590838
15 19  0.601649
15 20  0.569120
15 21  0.580849
15 22  0.577934
15 23  0.605714
15 24  0.605343
15 25  0.552603
15 26  0.556345
16 17  0.545443
16 18  0.618748
16 19  0.620623
16 20  0.614960
16 21  0.605310
16 22  0.630758
16 23  0.631292
16 24  0.603931
16 25  0.582973
16 26  0.587547
17 18  0.605258
17 19  0.592414
17 20  0.602361
17 21  0.592297
17 22  0.618033
17 23  0.618195
17 24  0.614091
17 25  0.570371
17 26  0.574944
18 19  0.634664
18 20  0.629233
18 21  0.603831
18 22  0.622536
18 23  0.612398
18 24  0.641824
18 25  0.597334
18 26  0.602002
19 20  0.638014
19 21  0.619778
19 22  0.651907
19 23  0.637831
19 24  0.611581
19 25  0.606166
19 26  0.610746
20 21  0.616726
20 22  0.638800
20 23  0.641676
20 24  0.641526
20 25  0.556190
20 26  0.559187
21 22  0.630811
21 23  0.616340
21 24  0.615500
21 25  0.585114
21 26  0.589740
22 23  0.650692
22 24  0.656316
22 25  0.608422
22 26  0.613069
23 24  0.650425
23 25  0.610998
23 26  0.615683
24 25  0.609678
24 26  0.614262
25 26  0.516201
