   -993.87907487
   -994.20279320
0.00010919856500
2 2 2 2 2 2 2 2 2 2 2 2 2 0 0 0 0 0 0 0 0 0 0 0 0 0 
1  0.330266
2  0.317390
3  0.287469
4  0.338806
5  0.337245
6  0.282734
7  0.351719
8  0.317086
9  0.339729
10  0.293233
11  0.303029
12  0.277413
13  0.322439
14  0.326698
15  0.286023
16  0.309291
17  0.299019
18  0.330790
19  0.340881
20  0.319450
21  0.316186
22  0.343023
23  0.349795
24  0.342043
25  0.284386
26  0.288539
1 2  0.627304
1 3  0.617653
1 4  0.664319
1 5  0.642003
1 6  0.612780
1 7  0.646794
1 8  0.647059
1 9  0.661112
1 10  0.621334
1 11  0.632248
1 12  0.605263
1 13  0.647675
1 14  0.649326
1 15  0.610743
1 16  0.638695
1 17  0.627800
1 18  0.443923
1 19  0.667468
1 20  0.647962
1 21  0.621451
1 22  0.650878
1 23  0.647434
1 24  0.668652
1 25  0.614614
1 26  0.618704
2 3  0.604839
2 4  0.635200
2 5  0.652319
2 6  0.600013
2 7  0.649864
2 8  0.634007
2 9  0.646230
2 10  0.608191
2 11  0.618444
2 12  0.594658
2 13  0.635242
2 14  0.639611
2 15  0.602069
2 16  0.620417
2 17  0.611647
2 18  0.622940
2 19  0.643516
2 20  0.635574
2 21  0.437599
2 22  0.655464
2 23  0.645581
2 24  0.635219
2 25  0.601584
2 26  0.605923
3 4  0.626273
3 5  0.624378
3 6  0.521939
3 7  0.639133
3 8  0.565259
3 9  0.627193
3 10  0.580700
3 11  0.590497
3 12  0.559533
3 13  0.609061
3 14  0.613772
3 15  0.567956
3 16  0.596732
3 17  0.586453
3 18  0.618026
3 19  0.628288
3 20  0.560566
3 21  0.603647
3 22  0.629748
3 23  0.637152
3 24  0.629472
3 25  0.516924
3 26  0.297132
4 5  0.674284
4 6  0.621521
4 7  0.679602
4 8  0.655670
4 9  0.636422
4 10  0.626503
4 11  0.613273
4 12  0.615990
4 13  0.658556
4 14  0.664422
4 15  0.624778
4 16  0.622914
4 17  0.629989
4 18  0.666083
4 19  0.641772
4 20  0.657986
4 21  0.631169
4 22  0.681328
4 23  0.684991
4 24  0.429305
4 25  0.623035
4 26  0.627312
5 6  0.619558
5 7  0.679031
5 8  0.652192
5 9  0.674122
5 10  0.629902
5 11  0.639899
5 12  0.588054
5 13  0.620442
5 14  0.629321
5 15  0.600100
5 16  0.646463
5 17  0.635915
5 18  0.646361
5 19  0.677428
5 20  0.652994
5 21  0.648765
5 22  0.405998
5 23  0.683176
5 24  0.678853
5 25  0.621524
5 26  0.625313
6 7  0.634279
6 8  0.563543
6 9  0.622453
6 10  0.575965
6 11  0.585761
6 12  0.556560
6 13  0.603450
6 14  0.607653
6 15  0.567128
6 16  0.591947
6 17  0.581695
6 18  0.613506
6 19  0.623457
6 20  0.555690
6 21  0.598772
6 22  0.625466
6 23  0.631923
6 24  0.624587
6 25  0.293972
6 26  0.518739
7 8  0.667131
7 9  0.670558
7 10  0.641676
7 11  0.652154
7 12  0.627699
7 13  0.650759
7 14  0.667741
7 15  0.637293
7 16  0.660462
7 17  0.649978
7 18  0.649464
7 19  0.686532
7 20  0.670170
7 21  0.646137
7 22  0.690147
7 23  0.452345
7 24  0.689699
7 25  0.635660
7 26  0.640165
8 9  0.656587
8 10  0.610295
8 11  0.620087
8 12  0.577596
8 13  0.627373
8 14  0.634132
8 15  0.584894
8 16  0.626320
8 17  0.616103
8 18  0.646134
8 19  0.657922
8 20  0.397223
8 21  0.632035
8 22  0.657195
8 23  0.665760
8 24  0.658846
8 25  0.556621
8 26  0.556032
9 10  0.608225
9 11  0.634087
9 12  0.616733
9 13  0.659051
9 14  0.666009
9 15  0.625605
9 16  0.643299
9 17  0.623595
9 18  0.666483
9 19  0.424144
9 20  0.659150
9 21  0.641119
9 22  0.682035
9 23  0.683562
9 24  0.643558
9 25  0.624022
9 26  0.628232
10 11  0.551757
10 12  0.570584
10 13  0.615200
10 14  0.619894
10 15  0.579126
10 16  0.558927
10 17  0.290270
10 18  0.622603
10 19  0.619533
10 20  0.612681
10 21  0.604633
10 22  0.635899
10 23  0.642257
10 24  0.628164
10 25  0.577587
10 26  0.581754
11 12  0.580405
11 13  0.624939
11 14  0.629553
11 15  0.589046
11 16  0.299818
11 17  0.558406
11 18  0.633147
11 19  0.639082
11 20  0.622430
11 21  0.613068
11 22  0.646005
11 23  0.652395
11 24  0.620892
11 25  0.587364
11 26  0.591552
12 13  0.595507
12 14  0.601758
12 15  0.262724
12 16  0.586684
12 17  0.576293
12 18  0.602731
12 19  0.618114
12 20  0.577475
12 21  0.592469
12 22  0.597892
12 23  0.626884
12 24  0.619426
12 25  0.560764
12 26  0.561008
13 14  0.380203
13 15  0.605487
13 16  0.631542
13 17  0.621424
13 18  0.645949
13 19  0.662888
13 20  0.633427
13 21  0.634085
13 22  0.629932
13 23  0.662129
13 24  0.663434
13 25  0.604869
13 26  0.610492
14 15  0.608301
14 16  0.635332
14 17  0.625112
14 18  0.652533
14 19  0.663948
14 20  0.633207
14 21  0.637982
14 22  0.627539
14 23  0.651969
14 24  0.665720
14 25  0.608758
14 26  0.613980
15 16  0.595263
15 17  0.584960
15 18  0.613908
15 19  0.626406
15 20  0.585205
15 21  0.601997
15 22  0.599941
15 23  0.634288
15 24  0.627775
15 25  0.566149
15 26  0.569312
16 17  0.561556
16 18  0.638800
16 19  0.641588
16 20  0.628702
16 21  0.623013
16 22  0.651852
16 23  0.656358
16 24  0.621247
16 25  0.593672
16 26  0.597828
17 18  0.627331
17 19  0.613136
17 20  0.618438
17 21  0.612502
17 22  0.641372
17 23  0.645113
17 24  0.635391
17 25  0.583403
17 26  0.587557
18 19  0.662349
18 20  0.649970
18 21  0.628086
18 22  0.648330
18 23  0.644166
18 24  0.667552
18 25  0.614955
18 26  0.619244
19 20  0.660047
19 21  0.646263
19 22  0.680757
19 23  0.668722
19 24  0.638845
19 25  0.625247
19 26  0.629416
20 21  0.635060
20 22  0.660360
20 23  0.667333
20 24  0.661215
20 25  0.567121
20 26  0.569931
21 22  0.656492
21 23  0.646407
21 24  0.637904
21 25  0.600431
21 26  0.604694
22 23  0.683018
22 24  0.683016
22 25  0.627022
22 26  0.631307
23 24  0.680827
23 25  0.633915
23 26  0.638249
24 25  0.626398
24 26  0.630578
25 26  0.524155
