   -993.87907487
   -994.20481860
0.00003519274130
2 2 2 2 2 2 2 2 2 2 2 2 2 0 0 0 0 0 0 0 0 0 0 0 0 0 
1  0.337791
2  0.324222
3  0.289484
4  0.345492
5  0.345502
6  0.285122
7  0.361541
8  0.320848
9  0.347306
10  0.297594
11  0.307033
12  0.282720
13  0.332125
14  0.336605
15  0.291912
16  0.313553
17  0.303699
18  0.338012
19  0.348153
20  0.323662
21  0.322565
22  0.350958
23  0.359242
24  0.348651
25  0.286918
26  0.290548
1 2  0.640970
1 3  0.627191
1 4  0.678200
1 5  0.656527
1 6  0.622649
1 7  0.664324
1 8  0.658335
1 9  0.675588
1 10  0.632913
1 11  0.643563
1 12  0.617711
1 13  0.664725
1 14  0.666802
1 15  0.624012
1 16  0.650419
1 17  0.639978
1 18  0.457687
1 19  0.682221
1 20  0.659714
1 21  0.634937
1 22  0.666043
1 23  0.664702
1 24  0.682640
1 25  0.624674
1 26  0.628232
2 3  0.613677
2 4  0.647592
2 5  0.667310
2 6  0.609194
2 7  0.666470
2 8  0.644508
2 9  0.660638
2 10  0.619252
2 11  0.629089
2 12  0.606765
2 13  0.651351
2 14  0.656359
2 15  0.614727
2 16  0.631327
2 17  0.623272
2 18  0.636488
2 19  0.657633
2 20  0.646686
2 21  0.449859
2 22  0.670066
2 23  0.661988
2 24  0.648117
2 25  0.610948
2 26  0.614760
3 4  0.634974
3 5  0.634621
3 6  0.526611
3 7  0.650959
3 8  0.571230
3 9  0.636787
3 10  0.587077
3 11  0.596516
3 12  0.566678
3 13  0.620635
3 14  0.625649
3 15  0.575796
3 16  0.602987
3 17  0.593131
3 18  0.627253
3 19  0.637549
3 20  0.567020
3 21  0.612040
3 22  0.639687
3 23  0.648593
3 24  0.638083
3 25  0.521809
3 26  0.301032
4 5  0.688810
4 6  0.630584
4 7  0.695221
4 8  0.666020
4 9  0.650663
4 10  0.637422
4 11  0.622977
4 12  0.627885
4 13  0.674351
4 14  0.680932
4 15  0.637343
4 16  0.633683
4 17  0.641463
4 18  0.679834
4 19  0.656024
4 20  0.668870
4 21  0.643807
4 22  0.695862
4 23  0.701021
4 24  0.442218
4 25  0.632224
4 26  0.635989
5 6  0.630139
5 7  0.696446
5 8  0.664036
5 9  0.689463
5 10  0.642342
5 11  0.652018
5 12  0.599806
5 13  0.638020
5 14  0.647729
5 15  0.613615
5 16  0.658967
5 17  0.648744
5 18  0.661550
5 19  0.692892
5 20  0.665429
5 21  0.663341
5 22  0.421720
5 23  0.700817
5 24  0.693631
5 25  0.632284
5 26  0.635571
6 7  0.646413
6 8  0.569669
6 9  0.632411
6 10  0.582713
6 11  0.592151
6 12  0.564099
6 13  0.615343
6 14  0.619886
6 15  0.575365
6 16  0.598552
6 17  0.588738
6 18  0.623110
6 19  0.633071
6 20  0.562468
6 21  0.607529
6 22  0.635760
6 23  0.643719
6 24  0.633554
6 25  0.298800
6 26  0.523473
7 8  0.680403
7 9  0.686062
7 10  0.655323
7 11  0.665584
7 12  0.642648
7 13  0.667486
7 14  0.686524
7 15  0.652991
7 16  0.674469
7 17  0.664375
7 18  0.666894
7 19  0.703062
7 20  0.684130
7 21  0.662436
7 22  0.707834
7 23  0.470514
7 24  0.705984
7 25  0.647924
7 26  0.651969
8 9  0.667832
8 10  0.618398
8 11  0.627831
8 12  0.586462
8 13  0.639922
8 14  0.647746
8 15  0.594655
8 16  0.634324
8 17  0.624545
8 18  0.657154
8 19  0.668947
8 20  0.405428
8 21  0.642217
8 22  0.668921
8 23  0.678920
8 24  0.669206
8 25  0.562967
8 26  0.561997
9 10  0.618634
9 11  0.645378
9 12  0.629486
9 13  0.675565
9 14  0.683387
9 15  0.639006
9 16  0.655207
9 17  0.635240
9 18  0.681197
9 19  0.438222
9 20  0.670927
9 21  0.655184
9 22  0.697449
9 23  0.700023
9 24  0.658077
9 25  0.634091
9 26  0.637799
10 11  0.560395
10 12  0.580218
10 13  0.629059
10 14  0.634151
10 15  0.589324
10 16  0.568056
10 17  0.298838
10 18  0.634124
10 19  0.630714
10 20  0.621254
10 21  0.615441
10 22  0.648116
10 23  0.655983
10 24  0.639235
10 25  0.584466
10 26  0.588113
11 12  0.589692
11 13  0.638421
11 14  0.643376
11 15  0.598932
11 16  0.307872
11 17  0.567594
11 18  0.644246
11 19  0.650412
11 20  0.630623
11 21  0.623408
11 22  0.657925
11 23  0.665772
11 24  0.631442
11 25  0.593861
11 26  0.597544
12 13  0.610302
12 14  0.616910
12 15  0.273064
12 16  0.596245
12 17  0.586212
12 18  0.615125
12 19  0.630638
12 20  0.587091
12 21  0.604106
12 22  0.610672
12 23  0.641630
12 24  0.631327
12 25  0.568561
12 26  0.568326
13 14  0.398223
13 15  0.621015
13 16  0.645437
13 17  0.635778
13 18  0.662986
13 19  0.679762
13 20  0.647160
13 21  0.650109
13 22  0.647882
13 23  0.680346
13 24  0.679660
13 25  0.617047
13 26  0.622136
14 15  0.623831
14 16  0.649264
14 17  0.639489
14 18  0.669558
14 19  0.680443
14 20  0.646208
14 21  0.653784
14 22  0.645055
14 23  0.668712
14 24  0.681670
14 25  0.620958
14 26  0.625714
15 16  0.605385
15 17  0.595473
15 18  0.626591
15 19  0.639401
15 20  0.594941
15 21  0.614227
15 22  0.611821
15 23  0.649458
15 24  0.640178
15 25  0.574388
15 26  0.577052
16 17  0.570813
16 18  0.650110
16 19  0.652841
16 20  0.637142
16 21  0.633431
16 22  0.663896
16 23  0.669609
16 24  0.630969
16 25  0.600463
16 26  0.604099
17 18  0.638914
17 19  0.623473
17 20  0.627299
17 21  0.623441
17 22  0.653741
17 23  0.658711
17 24  0.646535
17 25  0.590614
17 26  0.594247
18 19  0.676270
18 20  0.661389
18 21  0.641038
18 22  0.662289
18 23  0.660931
18 24  0.681014
18 25  0.624658
18 26  0.628465
19 20  0.671410
19 21  0.660025
19 22  0.695436
19 23  0.683683
19 24  0.652688
19 25  0.635045
19 26  0.638697
20 21  0.645565
20 22  0.672271
20 23  0.680647
20 24  0.671919
20 25  0.573895
20 26  0.576447
21 22  0.670625
21 23  0.662187
21 24  0.649906
21 25  0.609298
21 26  0.613067
22 23  0.699830
22 24  0.697199
22 25  0.637413
22 26  0.641236
23 24  0.696091
23 25  0.645831
23 26  0.649674
24 25  0.635520
24 26  0.639191
25 26  0.528967
