   -993.87907487
   -994.20556721
0.00000014659544
2 2 2 2 2 2 2 2 2 2 2 2 2 0 0 0 0 0 0 0 0 0 0 0 0 0 
1  0.340813
2  0.326906
3  0.290411
4  0.348204
5  0.348995
6  0.286246
7  0.365292
8  0.322579
9  0.350167
10  0.299479
11  0.308975
12  0.285140
13  0.335929
14  0.340448
15  0.294451
16  0.315549
17  0.305695
18  0.340985
19  0.350986
20  0.325418
21  0.325111
22  0.354394
23  0.362868
24  0.351321
25  0.288076
26  0.291473
1 2  0.646315
1 3  0.631131
1 4  0.683707
1 5  0.662481
1 6  0.626752
1 7  0.671217
1 8  0.663065
1 9  0.681304
1 10  0.637657
1 11  0.648455
1 12  0.622990
1 13  0.671515
1 14  0.673704
1 15  0.629511
1 16  0.655389
1 17  0.644949
1 18  0.463599
1 19  0.688106
1 20  0.664504
1 21  0.640166
1 22  0.672368
1 23  0.671531
1 24  0.688234
1 25  0.628849
1 26  0.632171
2 3  0.617276
2 4  0.652505
2 5  0.673412
2 6  0.612967
2 7  0.672934
2 8  0.648866
2 9  0.666210
2 10  0.623781
2 11  0.633631
2 12  0.611854
2 13  0.657713
2 14  0.662930
2 15  0.619926
2 16  0.636005
2 17  0.628003
2 18  0.641904
2 19  0.663176
2 20  0.651072
2 21  0.455055
2 22  0.676117
2 23  0.668366
2 24  0.653227
2 25  0.614767
2 26  0.618369
3 4  0.638607
3 5  0.639028
3 6  0.528801
3 7  0.655619
3 8  0.574041
3 9  0.640575
3 10  0.589889
3 11  0.599382
3 12  0.569985
3 13  0.625324
3 14  0.630388
3 15  0.579280
3 16  0.605891
3 17  0.595999
3 18  0.631139
3 19  0.641259
3 20  0.569859
3 21  0.615510
3 22  0.644047
3 23  0.653126
3 24  0.641674
3 25  0.524090
3 26  0.302976
4 5  0.694776
4 6  0.634412
4 7  0.701459
4 8  0.670402
4 9  0.656291
4 10  0.641968
4 11  0.627307
4 12  0.632947
4 13  0.680639
4 14  0.687444
4 15  0.642574
4 16  0.638403
4 17  0.646209
4 18  0.685409
4 19  0.661762
4 20  0.673297
4 21  0.648876
4 22  0.701960
4 23  0.707356
4 24  0.447724
4 25  0.636039
4 26  0.639617
5 6  0.634721
5 7  0.703549
5 8  0.669190
5 9  0.695618
5 10  0.647545
5 11  0.657314
5 12  0.604892
5 13  0.645282
5 14  0.655240
5 15  0.619404
5 16  0.664431
5 17  0.654186
5 18  0.667791
5 19  0.699170
5 20  0.670679
5 21  0.669334
5 22  0.428562
5 23  0.707938
5 24  0.699744
5 25  0.636920
5 26  0.639987
6 7  0.651254
6 8  0.572595
6 9  0.636388
6 10  0.585723
6 11  0.595213
6 12  0.567618
6 13  0.620208
6 14  0.624858
6 15  0.579019
6 16  0.601607
6 17  0.591809
6 18  0.627204
6 19  0.636984
6 20  0.565475
6 21  0.611184
6 22  0.640303
6 23  0.648468
6 24  0.637295
6 25  0.301169
6 26  0.525713
7 8  0.685748
7 9  0.691870
7 10  0.660754
7 11  0.671135
7 12  0.648780
7 13  0.673826
7 14  0.693650
7 15  0.659265
7 16  0.680171
7 17  0.670084
7 18  0.673815
7 19  0.709376
7 20  0.689642
7 21  0.668800
7 22  0.715004
7 23  0.477573
7 24  0.712401
7 25  0.652849
7 26  0.656617
8 9  0.672352
8 10  0.621999
8 11  0.631483
8 12  0.590544
8 13  0.645088
8 14  0.653277
8 15  0.598966
8 16  0.638020
8 17  0.628272
8 18  0.661890
8 19  0.673518
8 20  0.409244
8 21  0.646453
8 22  0.674072
8 23  0.684280
8 24  0.673560
8 25  0.565960
8 26  0.564800
9 10  0.622914
9 11  0.650096
9 12  0.634681
9 13  0.681926
9 14  0.690041
9 15  0.644362
9 16  0.660074
9 17  0.639978
9 18  0.687049
9 19  0.443803
9 20  0.675554
9 21  0.660647
9 22  0.703707
9 23  0.706250
9 24  0.663800
9 25  0.638081
9 26  0.641544
10 11  0.564316
10 12  0.584470
10 13  0.634622
10 14  0.639870
10 15  0.593667
10 16  0.572181
10 17  0.302685
10 18  0.638915
10 19  0.635360
10 20  0.624892
10 21  0.619935
10 22  0.653393
10 23  0.661461
10 24  0.643825
10 25  0.587481
10 26  0.590886
11 12  0.594028
11 13  0.644008
11 14  0.649096
11 15  0.603405
11 16  0.311810
11 17  0.571769
11 18  0.649118
11 19  0.655201
11 20  0.634294
11 21  0.627908
11 22  0.663279
11 23  0.671293
11 24  0.636073
11 25  0.596903
11 26  0.600390
12 13  0.616438
12 14  0.623146
12 15  0.277737
12 16  0.600652
12 17  0.590542
12 18  0.620478
12 19  0.635843
12 20  0.591329
12 21  0.609040
12 22  0.616349
12 23  0.647661
12 24  0.636405
12 25  0.572129
12 26  0.571706
13 14  0.405589
13 15  0.627335
13 16  0.651177
13 17  0.641566
13 18  0.669788
13 19  0.686358
13 20  0.652662
13 21  0.656499
13 22  0.655272
13 23  0.687366
13 24  0.686100
13 25  0.622014
13 26  0.626825
14 15  0.630122
14 16  0.654960
14 17  0.645181
14 18  0.676332
14 19  0.686818
14 20  0.651415
14 21  0.660047
14 22  0.652306
14 23  0.674960
14 24  0.687919
14 25  0.625869
14 26  0.630404
15 16  0.609893
15 17  0.599953
15 18  0.631914
15 19  0.644704
15 20  0.599143
15 21  0.619302
15 22  0.616969
15 23  0.655578
15 24  0.645300
15 25  0.578060
15 26  0.580486
16 17  0.574911
16 18  0.655029
16 19  0.657578
16 20  0.640874
16 21  0.637876
16 22  0.669188
16 23  0.675087
16 24  0.635280
16 25  0.603612
16 26  0.607013
17 18  0.643706
17 19  0.627819
17 20  0.631035
17 21  0.627957
17 22  0.659007
17 23  0.664118
17 24  0.651145
17 25  0.593768
17 26  0.597167
18 19  0.681902
18 20  0.666102
18 21  0.646257
18 22  0.668172
18 23  0.667630
18 24  0.686430
18 25  0.628747
18 26  0.632354
19 20  0.675923
19 21  0.665455
19 22  0.701481
19 23  0.689397
19 24  0.658228
19 25  0.639025
19 26  0.642451
20 21  0.649798
20 22  0.677383
20 23  0.685883
20 24  0.676280
20 25  0.576861
20 26  0.579316
21 22  0.676502
21 23  0.668391
21 24  0.654734
21 25  0.612968
21 26  0.616524
22 23  0.706747
22 24  0.703111
22 25  0.641984
22 26  0.645588
23 24  0.702198
23 25  0.650579
23 26  0.654203
24 25  0.639336
24 26  0.642773
25 26  0.531187
