   -993.89110434
   -994.19825712
0.00057063560400
2 2 2 2 2 2 2 2 2 2 2 2 2 0 0 0 0 0 0 0 0 0 0 0 0 0 
1  0.270176
2  0.274456
3  0.258811
4  0.272118
5  0.269886
6  0.286928
7  0.282394
8  0.261275
9  0.260412
10  0.290155
11  0.291029
12  0.276795
13  0.274571
14  0.274419
15  0.275844
16  0.263901
17  0.273799
18  0.272393
19  0.292062
20  0.285192
21  0.287719
22  0.276521
23  0.264372
24  0.291597
25  0.262606
26  0.280052
1 2  0.499627
1 3  0.528966
1 4  0.542292
1 5  0.540061
1 6  0.556867
1 7  0.552402
1 8  0.531436
1 9  0.530580
1 10  0.560325
1 11  0.542078
1 12  0.541494
1 13  0.538909
1 14  0.255772
1 15  0.496181
1 16  0.533826
1 17  0.543943
1 18  0.542568
1 19  0.562184
1 20  0.555356
1 21  0.557466
1 22  0.544299
1 23  0.534459
1 24  0.531261
1 25  0.532742
1 26  0.549300
2 3  0.533257
2 4  0.546572
2 5  0.544341
2 6  0.561280
2 7  0.556569
2 8  0.535677
2 9  0.534860
2 10  0.564607
2 11  0.543379
2 12  0.544756
2 13  0.545486
2 14  0.496358
2 15  0.258389
2 16  0.538325
2 17  0.548253
2 18  0.546849
2 19  0.566504
2 20  0.558941
2 21  0.562154
2 22  0.549843
2 23  0.538494
2 24  0.535510
2 25  0.537004
2 26  0.551526
3 4  0.525271
3 5  0.524901
3 6  0.514774
3 7  0.540679
3 8  0.520023
3 9  0.519122
3 10  0.528388
3 11  0.549694
3 12  0.535495
3 13  0.532502
3 14  0.532942
3 15  0.534568
3 16  0.248094
3 17  0.529469
3 18  0.530316
3 19  0.523036
3 20  0.543878
3 21  0.509257
3 22  0.533036
3 23  0.523101
3 24  0.549926
3 25  0.521382
3 26  0.538843
4 5  0.495508
4 6  0.556272
4 7  0.554469
4 8  0.533382
4 9  0.532517
4 10  0.534941
4 11  0.563140
4 12  0.548910
4 13  0.546608
4 14  0.546506
4 15  0.547959
4 16  0.532203
4 17  0.262571
4 18  0.491790
4 19  0.527863
4 20  0.557138
4 21  0.559015
4 22  0.548298
4 23  0.536485
4 24  0.563587
4 25  0.534672
4 26  0.552134
5 6  0.552107
5 7  0.552081
5 8  0.531138
5 9  0.530250
5 10  0.532912
5 11  0.560909
5 12  0.546676
5 13  0.544391
5 14  0.544296
5 15  0.545730
5 16  0.532800
5 17  0.492378
5 18  0.263315
5 19  0.525212
5 20  0.554330
5 21  0.555852
5 22  0.546215
5 23  0.534222
5 24  0.561378
5 25  0.532248
5 26  0.549865
6 7  0.560788
6 8  0.547024
6 9  0.545091
6 10  0.562551
6 11  0.577355
6 12  0.562920
6 13  0.555136
6 14  0.560879
6 15  0.562758
6 16  0.513071
6 17  0.560006
6 18  0.557253
6 19  0.555453
6 20  0.560831
6 21  0.326242
6 22  0.555509
6 23  0.551063
6 24  0.575309
6 25  0.547367
6 26  0.565767
7 8  0.509943
7 9  0.507464
7 10  0.571846
7 11  0.572520
7 12  0.553326
7 13  0.556374
7 14  0.556797
7 15  0.557720
7 16  0.546183
7 17  0.556033
7 18  0.553985
7 19  0.573104
7 20  0.336640
7 21  0.559194
7 22  0.557582
7 23  0.503521
7 24  0.570700
7 25  0.500351
7 26  0.554951
8 9  0.477499
8 10  0.551386
8 11  0.551908
8 12  0.536802
8 13  0.535521
8 14  0.535552
8 15  0.536771
8 16  0.525130
8 17  0.535072
8 18  0.533611
8 19  0.553211
8 20  0.503248
8 21  0.548669
8 22  0.537769
8 23  0.257715
8 24  0.552441
8 25  0.474106
8 26  0.539587
9 10  0.550405
9 11  0.551283
9 12  0.536734
9 13  0.534830
9 14  0.534778
9 15  0.536193
9 16  0.524277
9 17  0.534162
9 18  0.532507
9 19  0.551931
9 20  0.501854
9 21  0.545928
9 22  0.536758
9 23  0.474758
9 24  0.551996
9 25  0.260774
9 26  0.540275
10 11  0.581155
10 12  0.566917
10 13  0.564577
10 14  0.564504
10 15  0.565954
10 16  0.526436
10 17  0.525926
10 18  0.526747
10 19  0.351940
10 20  0.573882
10 21  0.554329
10 22  0.566426
10 23  0.554446
10 24  0.581740
10 25  0.552237
10 26  0.570120
11 12  0.543716
11 13  0.541835
11 14  0.537237
11 15  0.534499
11 16  0.554435
11 17  0.564712
11 18  0.563389
11 19  0.583058
11 20  0.572918
11 21  0.576018
11 22  0.535439
11 23  0.554834
11 24  0.371879
11 25  0.553615
11 26  0.541409
12 13  0.515422
12 14  0.550073
12 15  0.550333
12 16  0.540671
12 17  0.550564
12 18  0.549158
12 19  0.568818
12 20  0.555478
12 21  0.563542
12 22  0.513526
12 23  0.539130
12 24  0.535961
12 25  0.539132
12 26  0.312372
13 14  0.546160
13 15  0.549245
13 16  0.536164
13 17  0.547931
13 18  0.546887
13 19  0.566407
13 20  0.557702
13 21  0.553836
13 22  0.310343
13 23  0.538908
13 24  0.536937
13 25  0.537084
13 26  0.512119
14 15  0.503955
14 16  0.538274
14 17  0.548216
14 18  0.546811
14 19  0.566467
14 20  0.559421
14 21  0.561797
14 22  0.544643
14 23  0.538769
14 24  0.545419
14 25  0.537015
14 26  0.548378
15 16  0.539727
15 17  0.549641
15 18  0.548237
15 19  0.567899
15 20  0.560642
15 21  0.563384
15 22  0.547015
15 23  0.540141
15 24  0.546301
15 25  0.538421
15 26  0.549128
16 17  0.531589
16 18  0.531241
16 19  0.533179
16 20  0.548188
16 21  0.520598
16 22  0.539187
16 23  0.528215
16 24  0.555276
16 25  0.526371
16 26  0.543793
17 18  0.499070
17 19  0.539010
17 20  0.558882
17 21  0.557760
17 22  0.550243
17 23  0.538156
17 24  0.565389
17 25  0.536380
17 26  0.553846
18 19  0.536898
18 20  0.557285
18 21  0.555255
18 22  0.548869
18 23  0.536739
18 24  0.563984
18 25  0.534935
18 26  0.552439
19 20  0.576245
19 21  0.566092
19 22  0.568297
19 23  0.556352
19 24  0.583597
19 25  0.554434
19 26  0.572046
20 21  0.563063
20 22  0.561139
20 23  0.515706
20 24  0.575762
20 25  0.513481
20 26  0.557856
21 22  0.557094
21 23  0.550485
21 24  0.578432
21 25  0.547963
21 26  0.567018
22 23  0.540578
22 24  0.545243
22 25  0.538961
22 26  0.519369
23 24  0.555572
23 25  0.481849
23 26  0.542530
24 25  0.553974
24 26  0.548021
25 26  0.541770
