   -993.89110434
   -994.20164634
0.00018759787500
2 2 2 2 2 2 2 2 2 2 2 2 2 0 0 0 0 0 0 0 0 0 0 0 0 0 
1  0.274794
2  0.279105
3  0.264671
4  0.275461
5  0.273193
6  0.296415
7  0.294729
8  0.270982
9  0.271750
10  0.295280
11  0.299109
12  0.286535
13  0.285667
14  0.279345
15  0.280515
16  0.270466
17  0.277372
18  0.275962
19  0.297242
20  0.297229
21  0.298284
22  0.286579
23  0.274281
24  0.299077
25  0.273787
26  0.289781
1 2  0.509154
1 3  0.539426
1 4  0.550250
1 5  0.547983
1 6  0.570828
1 7  0.569301
1 8  0.545755
1 9  0.546538
1 10  0.570066
1 11  0.554531
1 12  0.554965
1 13  0.553939
1 14  0.265078
1 15  0.506096
1 16  0.544942
1 17  0.552121
1 18  0.550755
1 19  0.571937
1 20  0.572005
1 21  0.572497
1 22  0.558787
1 23  0.548973
1 24  0.543413
1 25  0.548504
1 26  0.563404
2 3  0.543767
2 4  0.554563
2 5  0.552295
2 6  0.575340
2 7  0.573421
2 8  0.549993
2 9  0.550831
2 10  0.574377
2 11  0.555657
2 12  0.558806
2 13  0.560439
2 14  0.506504
2 15  0.267497
2 16  0.549522
2 17  0.556475
2 18  0.555062
2 19  0.576299
2 20  0.575646
2 21  0.577363
2 22  0.564359
2 23  0.552942
2 24  0.547405
2 25  0.552784
2 26  0.565822
3 4  0.534073
3 5  0.533470
3 6  0.529949
3 7  0.558809
3 8  0.535595
3 9  0.536315
3 10  0.538825
3 11  0.563564
3 12  0.551079
3 13  0.549204
3 14  0.543658
3 15  0.545083
3 16  0.259017
3 17  0.538813
3 18  0.539583
3 19  0.533767
3 20  0.561752
3 21  0.525779
3 22  0.548806
3 23  0.538873
3 24  0.563278
3 25  0.538419
3 26  0.554430
4 5  0.502316
4 6  0.568724
4 7  0.570138
4 8  0.546431
4 9  0.547189
4 10  0.543125
4 11  0.574559
4 12  0.561991
4 13  0.561018
4 14  0.554754
4 15  0.555973
4 16  0.542017
4 17  0.269779
4 18  0.499028
4 19  0.536071
4 20  0.572541
4 21  0.572856
4 22  0.561547
4 23  0.549735
4 24  0.574344
4 25  0.549203
4 26  0.565200
5 6  0.564535
5 7  0.567703
5 8  0.544137
5 9  0.544870
5 10  0.541083
5 11  0.572296
5 12  0.559722
5 13  0.558782
5 14  0.552530
5 15  0.553703
5 16  0.542501
5 17  0.499576
5 18  0.270323
5 19  0.533437
5 20  0.569551
5 21  0.569718
5 22  0.559602
5 23  0.547423
5 24  0.572141
5 25  0.546675
5 26  0.562917
6 7  0.582033
6 8  0.566055
6 9  0.565644
6 10  0.576500
6 11  0.594800
6 12  0.582055
6 13  0.574674
6 14  0.575063
6 15  0.576909
6 16  0.529043
6 17  0.572932
6 18  0.570186
6 19  0.569672
6 20  0.582146
6 21  0.346377
6 22  0.574762
6 23  0.570449
6 24  0.592102
6 25  0.568050
6 26  0.584872
7 8  0.530106
7 9  0.529598
7 10  0.589186
7 11  0.592789
7 12  0.574290
7 13  0.579719
7 14  0.574060
7 15  0.574653
7 16  0.565045
7 17  0.571894
7 18  0.569745
7 19  0.590636
7 20  0.358410
7 21  0.581933
7 22  0.579949
7 23  0.523929
7 24  0.590455
7 25  0.521770
7 26  0.576232
8 9  0.496636
8 10  0.566176
8 11  0.569607
8 12  0.555952
8 13  0.556310
8 14  0.550167
8 15  0.551046
8 16  0.541350
8 17  0.548348
8 18  0.546899
8 19  0.568087
8 20  0.523160
8 21  0.568936
8 22  0.557534
8 23  0.272357
8 24  0.569612
8 25  0.493559
8 26  0.559021
9 10  0.566823
9 11  0.570660
9 12  0.557590
9 13  0.557284
9 14  0.550961
9 15  0.552136
9 16  0.542169
9 17  0.549055
9 18  0.547376
9 19  0.568358
9 20  0.523808
9 21  0.567839
9 22  0.558231
9 23  0.493826
9 24  0.570811
9 25  0.274037
9 26  0.561276
10 11  0.594329
10 12  0.581770
10 13  0.580723
10 14  0.574548
10 15  0.575729
10 16  0.537915
10 17  0.534382
10 18  0.535224
10 19  0.363196
10 20  0.591141
10 21  0.569441
10 22  0.581615
10 23  0.569486
10 24  0.594352
10 25  0.568490
10 26  0.584997
11 12  0.560854
11 13  0.559566
11 14  0.550151
11 15  0.547043
11 16  0.568981
11 17  0.576313
11 18  0.575005
11 19  0.596324
11 20  0.593118
11 21  0.594034
11 22  0.552346
11 23  0.572797
11 24  0.388070
11 25  0.572868
11 26  0.558359
12 13  0.536451
12 14  0.564505
12 15  0.564631
12 16  0.556973
12 17  0.563900
12 18  0.562470
12 19  0.583717
12 20  0.576658
12 21  0.583508
12 22  0.532849
12 23  0.558878
12 24  0.552669
12 25  0.560014
12 26  0.329875
13 14  0.562032
13 15  0.564778
13 16  0.553205
13 17  0.562348
13 18  0.561486
13 19  0.582561
13 20  0.580796
13 21  0.574420
13 22  0.330403
13 23  0.559899
13 24  0.554239
13 25  0.559381
13 26  0.532790
14 15  0.513935
14 16  0.549743
14 17  0.556713
14 18  0.555305
14 19  0.576567
14 20  0.576282
14 21  0.577104
14 22  0.558888
14 23  0.553600
14 24  0.557361
14 25  0.553126
14 26  0.562318
15 16  0.550960
15 17  0.557883
15 18  0.556475
15 19  0.577747
15 20  0.577236
15 21  0.578501
15 22  0.560996
15 23  0.554693
15 24  0.557911
15 25  0.554259
15 26  0.562963
16 17  0.541199
16 18  0.540902
16 19  0.544566
16 20  0.566687
16 21  0.537292
16 22  0.555485
16 23  0.544705
16 24  0.569219
16 25  0.544113
16 26  0.560043
17 18  0.506496
17 19  0.547426
17 20  0.574490
17 21  0.571432
17 22  0.563861
17 23  0.551635
17 24  0.576438
17 25  0.551120
17 26  0.567147
18 19  0.545230
18 20  0.572897
18 21  0.568809
18 22  0.562487
18 23  0.550200
18 24  0.575032
18 25  0.549660
18 26  0.565737
19 20  0.593383
19 21  0.581338
19 22  0.583436
19 23  0.571399
19 24  0.596212
19 25  0.570764
19 26  0.586949
20 21  0.585068
20 22  0.583137
20 23  0.535660
20 24  0.595222
20 25  0.535146
20 26  0.578606
21 22  0.576585
21 23  0.570733
21 24  0.596322
21 25  0.569366
21 26  0.587197
22 23  0.560519
22 24  0.561815
22 25  0.560212
22 26  0.538917
23 24  0.572867
23 25  0.501184
23 26  0.561950
24 25  0.572608
24 26  0.564603
25 26  0.562335
