   -993.89110434
   -994.20339987
0.00012006078000
2 2 2 2 2 2 2 2 2 2 2 2 2 0 0 0 0 0 0 0 0 0 0 0 0 0 
1  0.277442
2  0.281636
3  0.268535
4  0.277287
5  0.274978
6  0.304356
7  0.301622
8  0.276862
9  0.277403
10  0.298062
11  0.303571
12  0.292134
13  0.293186
14  0.282373
15  0.283257
16  0.274201
17  0.279191
18  0.277770
19  0.299907
20  0.304078
21  0.305234
22  0.294416
23  0.280061
24  0.303876
25  0.279562
26  0.295482
1 2  0.514637
1 3  0.545905
1 4  0.554721
1 5  0.552415
1 6  0.581283
1 7  0.578784
1 8  0.554278
1 9  0.554838
1 10  0.575492
1 11  0.561521
1 12  0.562846
1 13  0.563620
1 14  0.270407
1 15  0.511865
1 16  0.551208
1 17  0.556562
1 18  0.555211
1 19  0.577219
1 20  0.581496
1 21  0.582045
1 22  0.569201
1 23  0.557380
1 24  0.550910
1 25  0.556915
1 26  0.571655
2 3  0.550154
2 4  0.558918
2 5  0.556609
2 6  0.585738
2 7  0.582780
2 8  0.558388
2 9  0.559003
2 10  0.579690
2 11  0.562455
2 12  0.566515
2 13  0.570171
2 14  0.512489
2 15  0.272476
2 16  0.555765
2 17  0.560823
2 18  0.559400
2 19  0.581473
2 20  0.585002
2 21  0.586838
2 22  0.574629
2 23  0.561231
2 24  0.554793
2 25  0.561078
2 26  0.573953
3 4  0.539457
3 5  0.538898
3 6  0.541658
3 7  0.569513
3 8  0.545330
3 9  0.545811
3 10  0.545275
3 11  0.571820
3 12  0.560500
3 13  0.560317
3 14  0.550369
3 15  0.551640
3 16  0.265862
3 17  0.544381
3 18  0.545181
3 19  0.540375
3 20  0.572433
3 21  0.536729
3 22  0.560342
3 23  0.548496
3 24  0.571750
3 25  0.548049
3 26  0.563986
4 5  0.506160
4 6  0.578281
4 7  0.578851
4 8  0.554134
4 9  0.554658
4 10  0.547688
4 11  0.580842
4 12  0.569413
4 13  0.570320
4 14  0.559561
4 15  0.560534
4 16  0.547500
4 17  0.273367
4 18  0.502927
4 19  0.540560
4 20  0.581201
4 21  0.581581
4 22  0.571112
4 23  0.557337
4 24  0.580888
4 25  0.556796
4 26  0.572723
5 6  0.573947
5 7  0.576347
5 8  0.551789
5 9  0.552281
5 10  0.545570
5 11  0.578540
5 12  0.567106
5 13  0.568061
5 14  0.557331
5 15  0.558232
5 16  0.547952
5 17  0.503420
5 18  0.273848
5 19  0.537858
5 20  0.578156
5 21  0.578421
5 22  0.569224
5 23  0.554993
5 24  0.578655
5 25  0.554207
5 26  0.570399
6 7  0.596373
6 8  0.579718
6 9  0.579016
6 10  0.587080
6 11  0.607005
6 12  0.595411
6 13  0.588593
6 14  0.585957
6 15  0.587574
6 16  0.540896
6 17  0.582635
6 18  0.579898
6 19  0.580352
6 20  0.596801
6 21  0.360121
6 22  0.589446
6 23  0.584060
6 24  0.604638
6 25  0.581651
6 26  0.598374
7 8  0.542136
7 9  0.541849
7 10  0.598758
7 11  0.604020
7 12  0.586017
7 13  0.593994
7 14  0.583974
7 15  0.584269
7 16  0.575632
7 17  0.580579
7 18  0.578423
7 19  0.600196
7 20  0.370549
7 21  0.595619
7 22  0.594596
7 23  0.535636
7 24  0.602156
7 25  0.533947
7 26  0.588674
8 9  0.507133
8 10  0.574829
8 11  0.579863
8 12  0.567235
8 13  0.569676
8 14  0.559042
8 15  0.559622
8 16  0.550944
8 17  0.556044
8 18  0.554576
8 19  0.576643
8 20  0.534846
8 21  0.581683
8 22  0.571238
8 23  0.281708
8 24  0.580283
8 25  0.504108
8 26  0.570545
9 10  0.575226
9 11  0.580739
9 12  0.568725
9 13  0.570442
9 14  0.559610
9 15  0.560510
9 16  0.551545
9 17  0.556520
9 18  0.554782
9 19  0.576656
9 20  0.535738
9 21  0.580373
9 22  0.571711
9 23  0.504200
9 24  0.581250
9 25  0.282667
9 26  0.572580
10 11  0.601546
10 12  0.590144
10 13  0.590937
10 14  0.580330
10 15  0.581232
10 16  0.544391
10 17  0.538939
10 18  0.539788
10 19  0.368483
10 20  0.600797
10 21  0.579122
10 22  0.592164
10 23  0.578042
10 24  0.601929
10 25  0.577034
10 26  0.593481
11 12  0.570769
11 13  0.570943
11 14  0.557655
11 15  0.554279
11 16  0.577100
11 17  0.582551
11 18  0.581254
11 19  0.603455
11 20  0.604448
11 21  0.605433
11 22  0.564339
11 23  0.583025
11 24  0.396888
11 25  0.583092
11 26  0.568477
12 13  0.549569
12 14  0.573017
12 15  0.572863
12 16  0.566295
12 17  0.571321
12 18  0.569858
12 19  0.591969
12 20  0.588796
12 21  0.595999
12 22  0.546316
12 23  0.570221
12 24  0.563067
12 25  0.571326
12 26  0.339974
13 14  0.572395
13 15  0.574924
13 16  0.564494
13 17  0.571666
13 18  0.570816
13 19  0.592664
13 20  0.595153
13 21  0.588386
13 22  0.344213
13 23  0.573180
13 24  0.566096
13 25  0.572660
13 26  0.545962
14 15  0.520031
14 16  0.556465
14 17  0.561555
14 18  0.560137
14 19  0.582258
14 20  0.586090
14 21  0.586945
14 22  0.569243
14 23  0.562401
14 24  0.564954
14 25  0.561925
14 26  0.570665
15 16  0.557426
15 17  0.562442
15 18  0.561023
15 19  0.583153
15 20  0.586736
15 21  0.588102
15 22  0.571091
15 23  0.563201
15 24  0.565316
15 25  0.562770
15 26  0.571007
16 17  0.546497
16 18  0.546220
16 19  0.550854
16 20  0.577198
16 21  0.547853
16 22  0.566853
16 23  0.554208
16 24  0.577656
16 25  0.553603
16 26  0.569425
17 18  0.510360
17 19  0.551842
17 20  0.583145
17 21  0.579975
17 22  0.573534
17 23  0.559231
17 24  0.583042
17 25  0.558698
17 26  0.574657
18 19  0.549558
18 20  0.581512
18 21  0.577262
18 22  0.572116
18 23  0.557769
18 24  0.581636
18 25  0.557220
18 26  0.573248
19 20  0.602810
19 21  0.590848
19 22  0.593767
19 23  0.579832
19 24  0.603656
19 25  0.579187
19 26  0.595313
20 21  0.598532
20 22  0.597684
20 23  0.547565
20 24  0.606751
20 25  0.547263
20 26  0.590399
21 22  0.589931
21 23  0.583306
21 24  0.607875
21 25  0.581865
21 26  0.599702
22 23  0.574113
22 24  0.573901
22 25  0.573814
22 26  0.552509
23 24  0.583375
23 25  0.511811
23 26  0.573246
24 25  0.583145
24 26  0.574910
25 26  0.573660
