   -993.89110434
   -994.20437210
0.00000162357414
2 2 2 2 2 2 2 2 2 2 2 2 2 0 0 0 0 0 0 0 0 0 0 0 0 0 
1  0.279088
2  0.283198
3  0.271302
4  0.278274
5  0.275918
6  0.309944
7  0.306630
8  0.281022
9  0.281494
10  0.299868
11  0.306491
12  0.296118
13  0.298499
14  0.284151
15  0.284870
16  0.277090
17  0.280156
18  0.278705
19  0.301678
20  0.308925
21  0.310566
22  0.299739
23  0.284478
24  0.306843
25  0.283710
26  0.299474
1 2  0.518028
1 3  0.550284
1 4  0.557342
1 5  0.554989
1 6  0.588381
1 7  0.585363
1 8  0.560078
1 9  0.560571
1 10  0.578936
1 11  0.566091
1 12  0.568341
1 13  0.570373
1 14  0.273831
1 15  0.515400
1 16  0.555598
1 17  0.559156
1 18  0.557790
1 19  0.580601
1 20  0.587982
1 21  0.588987
1 22  0.576161
1 23  0.563435
1 24  0.555622
1 25  0.562672
1 26  0.577252
2 3  0.554473
2 4  0.561457
2 5  0.559104
2 6  0.592808
2 7  0.589277
2 8  0.564087
2 9  0.564639
2 10  0.583055
2 11  0.566911
2 12  0.571940
2 13  0.576888
2 14  0.516125
2 15  0.275693
2 16  0.560185
2 17  0.563346
2 18  0.561892
2 19  0.584754
2 20  0.591372
2 21  0.593722
2 22  0.581468
2 23  0.567163
2 24  0.559417
2 25  0.566782
2 26  0.579499
3 4  0.543155
3 5  0.542535
3 6  0.549883
3 7  0.577257
3 8  0.552246
3 9  0.552655
3 10  0.549890
3 11  0.577424
3 12  0.567204
3 13  0.568117
3 14  0.554787
3 15  0.555980
3 16  0.271125
3 17  0.548123
3 18  0.548868
3 19  0.545045
3 20  0.580016
3 21  0.544920
3 22  0.568261
3 23  0.555658
3 24  0.577456
3 25  0.554952
3 26  0.570730
4 5  0.508241
4 6  0.584765
4 7  0.584838
4 8  0.559280
4 9  0.559728
4 10  0.550583
4 11  0.584742
4 12  0.574379
4 13  0.576576
4 14  0.562267
4 15  0.563135
4 16  0.551381
4 17  0.275510
4 18  0.505029
4 19  0.543401
4 20  0.587037
4 21  0.587871
4 22  0.577320
4 23  0.562736
4 24  0.584825
4 25  0.561929
4 26  0.577708
5 6  0.580349
5 7  0.582278
5 8  0.556868
5 9  0.557288
5 10  0.548345
5 11  0.582396
5 12  0.572026
5 13  0.574294
5 14  0.560039
5 15  0.560781
5 16  0.551760
5 17  0.505497
5 18  0.275854
5 19  0.540642
5 20  0.583934
5 21  0.584699
5 22  0.575487
5 23  0.560349
5 24  0.582536
5 25  0.559257
5 26  0.575325
6 7  0.606703
6 8  0.589289
6 9  0.588533
6 10  0.594483
6 11  0.615373
6 12  0.604827
6 13  0.598009
6 14  0.593294
6 15  0.594767
6 16  0.549422
6 17  0.589164
6 18  0.586423
6 19  0.587798
6 20  0.607188
6 21  0.370632
6 22  0.599799
6 23  0.593996
6 24  0.613128
6 25  0.591360
6 26  0.607833
7 8  0.550771
7 9  0.550695
7 10  0.605516
7 11  0.611830
7 12  0.594160
7 13  0.604225
7 14  0.590755
7 15  0.590865
7 16  0.583495
7 17  0.586555
7 18  0.584367
7 19  0.607017
7 20  0.380355
7 21  0.605926
7 22  0.604912
7 23  0.544355
7 24  0.610107
7 25  0.542571
7 26  0.597264
8 9  0.514562
8 10  0.580765
8 11  0.586878
8 12  0.575237
8 13  0.579114
8 14  0.564971
8 15  0.565353
8 16  0.557964
8 17  0.561164
8 18  0.559665
8 19  0.582565
8 20  0.543346
8 21  0.591105
8 22  0.580707
8 23  0.289539
8 24  0.587407
8 25  0.511750
8 26  0.578706
9 10  0.581094
9 11  0.587717
9 12  0.576685
9 13  0.579825
9 14  0.565440
9 15  0.566206
9 16  0.558516
9 17  0.561572
9 18  0.559772
9 19  0.582509
9 20  0.544413
9 21  0.589788
9 22  0.581121
9 23  0.511745
9 24  0.588298
9 25  0.289455
9 26  0.580621
10 11  0.606253
10 12  0.595923
10 13  0.597927
10 14  0.583883
10 15  0.584569
10 16  0.549222
10 17  0.541772
10 18  0.542581
10 19  0.372362
10 20  0.607485
10 21  0.586359
10 22  0.599225
10 23  0.584257
10 24  0.606699
10 25  0.582958
10 26  0.599281
11 12  0.577660
11 13  0.579003
11 14  0.562426
11 15  0.558906
11 16  0.582832
11 17  0.586423
11 18  0.585085
11 19  0.608148
11 20  0.612177
11 21  0.613628
11 22  0.572580
11 23  0.590363
11 24  0.402868
11 25  0.590149
11 26  0.575410
12 13  0.558993
12 14  0.578738
12 15  0.578444
12 16  0.573147
12 17  0.576269
12 18  0.574770
12 19  0.597724
12 20  0.597219
12 21  0.605217
12 22  0.555756
12 23  0.578621
12 24  0.570058
12 25  0.579410
12 26  0.347519
13 14  0.579462
13 15  0.581792
13 16  0.572593
13 17  0.577853
13 18  0.577072
13 19  0.599660
13 20  0.605319
13 21  0.598497
13 22  0.354131
13 23  0.582891
13 24  0.574350
13 25  0.582113
13 26  0.555469
14 15  0.523621
14 16  0.561089
14 17  0.564293
14 18  0.562843
14 19  0.585796
14 20  0.592648
14 21  0.593910
14 22  0.576142
14 23  0.568592
14 24  0.569655
14 25  0.567847
14 26  0.576303
15 16  0.561910
15 17  0.565016
15 18  0.563565
15 19  0.586536
15 20  0.593112
15 21  0.594946
15 22  0.577821
15 23  0.569212
15 24  0.569910
15 25  0.568510
15 26  0.576492
16 17  0.550313
16 18  0.550000
16 19  0.555571
16 20  0.584887
16 21  0.555926
16 22  0.574743
16 23  0.561501
16 24  0.583406
16 25  0.560615
16 26  0.576246
17 18  0.512439
17 19  0.554686
17 20  0.588950
17 21  0.586184
17 22  0.579812
17 23  0.564611
17 24  0.586964
17 25  0.563797
17 26  0.579600
18 19  0.552277
18 20  0.587273
18 21  0.583403
18 22  0.578357
18 23  0.563104
18 24  0.585535
18 25  0.562273
18 26  0.578174
19 20  0.609381
19 21  0.597983
19 22  0.600704
19 23  0.585985
19 24  0.608360
19 25  0.585077
19 26  0.601065
20 21  0.608490
20 22  0.607766
20 23  0.556283
20 24  0.614448
20 25  0.556021
20 26  0.598367
21 22  0.599149
21 23  0.592885
21 24  0.615994
21 25  0.591168
21 26  0.608899
22 23  0.583830
22 24  0.582027
22 25  0.583270
22 26  0.561944
23 24  0.590702
23 25  0.519506
23 26  0.581490
24 25  0.590219
24 26  0.581842
25 26  0.581661
