   -993.90760489
   -994.21878042
0.00018123870100
2 2 2 2 2 2 2 2 2 2 2 2 2 0 0 0 0 0 0 0 0 0 0 0 0 0 
1  0.267718
2  0.263406
3  0.265866
4  0.272523
5  0.278293
6  0.294192
7  0.299680
8  0.294658
9  0.292737
10  0.274457
11  0.294193
12  0.299338
13  0.281468
14  0.273800
15  0.270080
16  0.270002
17  0.275531
18  0.280643
19  0.298329
20  0.295514
21  0.301455
22  0.296669
23  0.297201
24  0.283436
25  0.294587
26  0.276589
1 2  0.530837
1 3  0.529377
1 4  0.540191
1 5  0.545881
1 6  0.539813
1 7  0.567068
1 8  0.560964
1 9  0.555104
1 10  0.542115
1 11  0.559326
1 12  0.547764
1 13  0.549178
1 14  0.252901
1 15  0.537665
1 16  0.532662
1 17  0.542975
1 18  0.547649
1 19  0.539786
1 20  0.562813
1 21  0.568384
1 22  0.562050
1 23  0.537390
1 24  0.551086
1 25  0.559775
1 26  0.543947
2 3  0.529257
2 4  0.535921
2 5  0.541695
2 6  0.557190
2 7  0.546083
2 8  0.558034
2 9  0.552798
2 10  0.534353
2 11  0.538631
2 12  0.560780
2 13  0.539645
2 14  0.537062
2 15  0.240581
2 16  0.533304
2 17  0.538826
2 18  0.544032
2 19  0.556666
2 20  0.558610
2 21  0.544279
2 22  0.536550
2 23  0.559986
2 24  0.542117
2 25  0.555716
2 26  0.538995
3 4  0.534500
3 5  0.538443
3 6  0.533091
3 7  0.565534
3 8  0.540713
3 9  0.558327
3 10  0.540318
3 11  0.559944
3 12  0.564701
3 13  0.547327
3 14  0.534638
3 15  0.535836
3 16  0.254765
3 17  0.540601
3 18  0.542919
3 19  0.563780
3 20  0.535122
3 21  0.567181
3 22  0.562417
3 23  0.528889
3 24  0.549301
3 25  0.559926
3 26  0.542441
4 5  0.503320
4 6  0.562720
4 7  0.572199
4 8  0.539927
4 9  0.565173
4 10  0.546980
4 11  0.566602
4 12  0.571655
4 13  0.553990
4 14  0.546002
4 15  0.542519
4 16  0.541580
4 17  0.268589
4 18  0.500159
4 19  0.570430
4 20  0.531171
4 21  0.573958
4 22  0.568949
4 23  0.568187
4 24  0.555955
4 25  0.566986
4 26  0.549110
5 6  0.570423
5 7  0.577969
5 8  0.543096
5 9  0.571009
5 10  0.552750
5 11  0.572465
5 12  0.577599
5 13  0.559761
5 14  0.551346
5 15  0.548361
5 16  0.544511
5 17  0.500606
5 18  0.272136
5 19  0.576434
5 20  0.534526
5 21  0.579748
5 22  0.574923
5 23  0.574633
5 24  0.561728
5 25  0.572871
5 26  0.554880
6 7  0.593676
6 8  0.577190
6 9  0.582353
6 10  0.568640
6 11  0.584949
6 12  0.587556
6 13  0.575649
6 14  0.540584
6 15  0.563688
6 16  0.529634
6 17  0.568034
6 18  0.574084
6 19  0.581156
6 20  0.570326
6 21  0.595637
6 22  0.588264
6 23  0.354634
6 24  0.577577
6 25  0.587565
6 26  0.570673
7 8  0.594331
7 9  0.585683
7 10  0.541841
7 11  0.592237
7 12  0.597110
7 13  0.544706
7 14  0.572668
7 15  0.549333
7 16  0.569522
7 17  0.575187
7 18  0.580322
7 19  0.593779
7 20  0.595046
7 21  0.367986
7 22  0.591052
7 23  0.596861
7 24  0.536767
7 25  0.589757
7 26  0.534803
8 9  0.587230
8 10  0.569114
8 11  0.588522
8 12  0.593032
8 13  0.576123
8 14  0.567868
8 15  0.564382
8 16  0.538492
8 17  0.533742
8 18  0.535331
8 19  0.592585
8 20  0.360342
8 21  0.595946
8 22  0.590575
8 23  0.571823
8 24  0.578089
8 25  0.588635
8 26  0.571247
9 10  0.566228
9 11  0.551562
9 12  0.562686
9 13  0.573745
9 14  0.563693
9 15  0.560096
9 16  0.562309
9 17  0.568072
9 18  0.573375
9 19  0.555868
9 20  0.587544
9 21  0.589372
9 22  0.547397
9 23  0.588931
9 24  0.575858
9 25  0.343185
9 26  0.567935
10 11  0.567668
10 12  0.573107
10 13  0.507645
10 14  0.547923
10 15  0.543477
10 16  0.544440
10 17  0.549984
10 18  0.555096
10 19  0.572258
10 20  0.569971
10 21  0.534471
10 22  0.570989
10 23  0.571460
10 24  0.504071
10 25  0.567789
10 26  0.276660
11 12  0.565704
11 13  0.575241
11 14  0.565564
11 15  0.540304
11 16  0.564083
11 17  0.569471
11 18  0.574815
11 19  0.557322
11 20  0.589183
11 21  0.590322
11 22  0.366415
11 23  0.589397
11 24  0.577087
11 25  0.548686
11 26  0.570636
12 13  0.580593
12 14  0.545625
12 15  0.563731
12 16  0.568817
12 17  0.574377
12 18  0.579836
12 19  0.388004
12 20  0.594448
12 21  0.596733
12 22  0.561869
12 23  0.584239
12 24  0.582673
12 25  0.557262
12 26  0.575470
13 14  0.555218
13 15  0.546764
13 16  0.551469
13 17  0.556991
13 18  0.562107
13 19  0.579653
13 20  0.576973
13 21  0.538298
13 22  0.577429
13 23  0.578550
13 24  0.282352
13 25  0.575673
13 26  0.504285
14 15  0.543373
14 16  0.539479
14 17  0.549274
14 18  0.554355
14 19  0.551491
14 20  0.567438
14 21  0.574736
14 22  0.567165
14 23  0.547230
14 24  0.557215
14 25  0.563079
14 26  0.550314
15 16  0.540060
15 17  0.545602
15 18  0.550716
15 19  0.566020
15 20  0.565552
15 21  0.552081
15 22  0.546408
15 23  0.566731
15 24  0.548077
15 25  0.561136
15 26  0.542057
16 17  0.540254
16 18  0.544209
16 19  0.567723
16 20  0.544302
16 21  0.571443
16 22  0.566500
16 23  0.540141
16 24  0.553433
16 25  0.564304
16 26  0.546587
17 18  0.507873
17 19  0.573617
17 20  0.543229
17 21  0.576983
17 22  0.572069
17 23  0.568338
17 24  0.558966
17 25  0.569971
17 26  0.552119
18 19  0.578881
18 20  0.546320
18 21  0.582094
18 22  0.577261
18 23  0.575165
18 24  0.564078
18 25  0.575172
18 26  0.557231
19 20  0.592722
19 21  0.597401
19 22  0.568419
19 23  0.589967
19 24  0.581511
19 25  0.563410
19 26  0.574156
20 21  0.596956
20 22  0.591804
20 23  0.581447
20 24  0.578948
20 25  0.589727
20 26  0.572101
21 22  0.596436
21 23  0.598372
21 24  0.549374
21 25  0.588494
21 26  0.545749
22 23  0.590027
22 24  0.579571
22 25  0.555313
22 26  0.572124
23 24  0.580620
23 25  0.585704
23 26  0.573778
24 25  0.577479
24 26  0.510894
25 26  0.569908
