   -993.90760489
   -994.22192064
0.00006255517370
2 2 2 2 2 2 2 2 2 2 2 2 2 0 0 0 0 0 0 0 0 0 0 0 0 0 
1  0.275183
2  0.270248
3  0.272287
4  0.275934
5  0.281572
6  0.303238
7  0.306242
8  0.300588
9  0.301883
10  0.278397
11  0.302968
12  0.308060
13  0.285065
14  0.281580
15  0.277391
16  0.276500
17  0.279194
18  0.284055
19  0.306576
20  0.301066
21  0.307961
22  0.305277
23  0.306136
24  0.287174
25  0.304179
26  0.280535
1 2  0.545031
1 3  0.542851
1 4  0.551040
1 5  0.556584
1 6  0.555946
1 7  0.580963
1 8  0.574082
1 9  0.571467
1 10  0.553485
1 11  0.575140
1 12  0.562835
1 13  0.560226
1 14  0.266447
1 15  0.552404
1 16  0.546634
1 17  0.554046
1 18  0.558434
1 19  0.554762
1 20  0.575774
1 21  0.582399
1 22  0.577966
1 23  0.553813
1 24  0.562251
1 25  0.576794
1 26  0.555272
2 3  0.542515
2 4  0.546169
2 5  0.551815
2 6  0.572933
2 7  0.558898
2 8  0.570802
2 9  0.568613
2 10  0.544733
2 11  0.552783
2 12  0.576072
2 13  0.549643
2 14  0.551673
2 15  0.253511
2 16  0.546676
2 17  0.549307
2 18  0.554281
2 19  0.571373
2 20  0.570941
2 21  0.557491
2 22  0.551432
2 23  0.575722
2 24  0.552665
2 25  0.572063
2 26  0.549690
3 4  0.543809
3 5  0.547671
3 6  0.547997
3 7  0.578519
3 8  0.552589
3 9  0.573873
3 10  0.550678
3 11  0.575109
3 12  0.579756
3 13  0.557344
3 14  0.548719
3 15  0.549553
3 16  0.265840
3 17  0.550514
3 18  0.552717
3 19  0.578395
3 20  0.546887
3 21  0.580051
3 22  0.577424
3 23  0.544074
3 24  0.559459
3 25  0.575852
3 26  0.552786
4 5  0.510433
4 6  0.574832
4 7  0.582172
4 8  0.548825
4 9  0.577687
4 10  0.554330
4 11  0.578762
4 12  0.583740
4 13  0.560998
4 14  0.557192
4 15  0.553190
4 16  0.551369
4 17  0.275657
4 18  0.507368
4 19  0.581991
4 20  0.540035
4 21  0.583863
4 22  0.580880
4 23  0.580551
4 24  0.563100
4 25  0.579919
4 26  0.556467
5 6  0.582400
5 7  0.587811
5 8  0.551742
5 9  0.583416
5 10  0.559968
5 11  0.584498
5 12  0.589588
5 13  0.566637
5 14  0.562233
5 15  0.558950
5 16  0.554181
5 17  0.507979
5 18  0.278987
5 19  0.587941
5 20  0.543258
5 21  0.589532
5 22  0.586815
5 23  0.586779
5 24  0.568742
5 25  0.585740
5 26  0.562103
6 7  0.609226
6 8  0.591437
6 9  0.599549
6 10  0.581626
6 11  0.602418
6 12  0.604894
6 13  0.588292
6 14  0.557579
6 15  0.579883
6 16  0.544939
6 17  0.580681
6 18  0.586410
6 19  0.598315
6 20  0.584284
6 21  0.611176
6 22  0.605894
6 23  0.372516
6 24  0.590273
6 25  0.605897
6 26  0.583637
7 8  0.606822
7 9  0.600184
7 10  0.551971
7 11  0.607331
7 12  0.612236
7 13  0.554641
7 14  0.586950
7 15  0.563113
7 16  0.582600
7 17  0.585411
7 18  0.590296
7 19  0.608626
7 20  0.607167
7 21  0.381332
7 22  0.606192
7 23  0.612359
7 24  0.546980
7 25  0.605190
7 26  0.545166
8 9  0.602239
8 10  0.578982
8 11  0.603246
8 12  0.607486
8 13  0.585649
8 14  0.581562
8 15  0.577537
8 16  0.550657
8 17  0.543062
8 18  0.544298
8 19  0.606820
8 20  0.372336
8 21  0.608334
8 22  0.605133
8 23  0.586065
8 24  0.587753
8 25  0.604029
8 26  0.581120
9 10  0.579051
9 11  0.569276
9 12  0.580318
9 13  0.586413
9 14  0.580460
9 15  0.576339
9 16  0.577785
9 17  0.580915
9 18  0.585930
9 19  0.573226
9 20  0.602307
9 21  0.604499
9 22  0.565084
9 23  0.606729
9 24  0.588598
9 25  0.360320
9 26  0.581002
10 11  0.580260
10 12  0.585658
10 13  0.515411
10 14  0.559485
10 15  0.554543
10 16  0.554868
10 17  0.557583
10 18  0.562447
10 19  0.584442
10 20  0.579459
10 21  0.544708
10 22  0.583483
10 23  0.584263
10 24  0.512099
10 25  0.581214
10 26  0.284259
11 12  0.581888
11 13  0.587559
11 14  0.581963
11 15  0.555993
11 16  0.579339
11 17  0.581821
11 18  0.586979
11 19  0.572901
11 20  0.603317
11 21  0.605600
11 22  0.383246
11 23  0.606997
11 24  0.589593
11 25  0.566831
11 26  0.583317
12 13  0.592849
12 14  0.561680
12 15  0.579651
12 16  0.584073
12 17  0.586697
12 18  0.591891
12 19  0.405497
12 20  0.608743
12 21  0.612004
12 22  0.577782
12 23  0.601597
12 24  0.595114
12 25  0.575294
12 26  0.588040
13 14  0.566542
13 15  0.557544
13 16  0.561562
13 17  0.564244
13 18  0.569115
13 19  0.591496
13 20  0.586105
13 21  0.548150
13 22  0.589681
13 23  0.590993
13 24  0.289417
13 25  0.588779
13 26  0.512185
14 15  0.558373
14 16  0.553314
14 17  0.560673
14 18  0.565531
14 19  0.566393
14 20  0.580389
14 21  0.588888
14 22  0.583243
14 23  0.563541
14 24  0.568716
14 25  0.580022
14 26  0.561999
15 16  0.553865
15 17  0.556567
15 18  0.561438
15 19  0.581305
15 20  0.578403
15 21  0.565332
15 22  0.560745
15 23  0.582819
15 24  0.558624
15 25  0.577811
15 26  0.552778
16 17  0.549848
16 18  0.553708
16 19  0.582378
16 20  0.555915
16 21  0.584453
16 22  0.581571
16 23  0.554908
16 24  0.563671
16 25  0.580401
16 26  0.557033
17 18  0.515250
17 19  0.585463
17 20  0.552088
17 21  0.587149
17 22  0.584294
17 23  0.580478
17 24  0.566368
17 25  0.583191
17 26  0.559729
18 19  0.590550
18 20  0.555005
18 21  0.592012
18 22  0.589269
18 23  0.587060
18 24  0.571229
18 25  0.588171
18 26  0.564590
19 20  0.606363
19 21  0.612060
19 22  0.584176
19 23  0.606848
19 24  0.593405
19 25  0.581106
19 26  0.586210
20 21  0.609015
20 22  0.605923
20 23  0.595228
20 24  0.588238
20 25  0.604829
20 26  0.581599
21 22  0.611317
21 23  0.613671
21 24  0.559252
21 25  0.603386
21 26  0.555807
22 23  0.607125
22 24  0.591943
22 25  0.573354
22 26  0.584502
23 24  0.593303
23 25  0.603197
23 26  0.586656
24 25  0.590643
24 26  0.518967
25 26  0.583212
