   -993.90760489
   -994.22317623
0.00002048783520
2 2 2 2 2 2 2 2 2 2 2 2 2 0 0 0 0 0 0 0 0 0 0 0 0 0 
1  0.279006
2  0.273726
3  0.275231
4  0.277945
5  0.283398
6  0.308053
7  0.309374
8  0.303535
9  0.307202
10  0.280414
11  0.307689
12  0.313113
13  0.286845
14  0.285616
15  0.281102
16  0.279586
17  0.281250
18  0.285897
19  0.311250
20  0.303979
21  0.311130
22  0.309979
23  0.310902
24  0.289003
25  0.309299
26  0.282625
1 2  0.552260
1 3  0.549381
1 4  0.556857
1 5  0.562210
1 6  0.564408
1 7  0.587833
1 8  0.580678
1 9  0.580277
1 10  0.559300
1 11  0.583503
1 12  0.571239
1 13  0.565819
1 14  0.273645
1 15  0.559900
1 16  0.553461
1 17  0.559893
1 18  0.563987
1 19  0.563181
1 20  0.582456
1 21  0.589345
1 22  0.586408
1 23  0.562515
1 24  0.567893
1 25  0.585673
1 26  0.561116
2 3  0.548926
2 4  0.551646
2 5  0.557111
2 6  0.581129
2 7  0.565257
2 8  0.577209
2 9  0.577294
2 10  0.550049
2 11  0.560305
2 12  0.584461
2 13  0.554694
2 14  0.559132
2 15  0.260020
2 16  0.553219
2 17  0.554782
2 18  0.559593
2 19  0.579458
2 20  0.577235
2 21  0.564160
2 22  0.559406
2 23  0.583933
2 24  0.557899
2 25  0.580646
2 26  0.555198
3 4  0.548516
3 5  0.552121
3 6  0.555696
3 7  0.584594
3 8  0.558291
3 9  0.582111
3 10  0.555636
3 11  0.582761
3 12  0.587677
3 13  0.562067
3 14  0.555655
3 15  0.556203
3 16  0.271300
3 17  0.555429
3 18  0.557414
3 19  0.585984
3 20  0.552741
3 21  0.586114
3 22  0.585055
3 23  0.551791
3 24  0.564232
3 25  0.583824
3 26  0.557797
4 5  0.514495
4 6  0.581332
4 7  0.587312
4 8  0.553594
4 9  0.584970
4 10  0.558358
4 11  0.585440
4 12  0.590781
4 13  0.564789
4 14  0.563201
4 15  0.558873
4 16  0.556391
4 17  0.279512
4 18  0.511464
4 19  0.588662
4 20  0.544933
4 21  0.589043
4 22  0.587541
4 23  0.587251
4 24  0.566930
4 25  0.587041
4 26  0.560562
5 6  0.588865
5 7  0.592768
5 8  0.556386
5 9  0.590547
5 10  0.563811
5 11  0.591025
5 12  0.596461
5 13  0.570242
5 14  0.568015
5 15  0.564485
5 16  0.558969
5 17  0.512108
5 18  0.282467
5 19  0.594409
5 20  0.547985
5 21  0.594526
5 22  0.593334
5 23  0.593315
5 24  0.572393
5 25  0.592683
5 26  0.566013
6 7  0.617089
6 8  0.598885
6 9  0.609006
6 10  0.588455
6 11  0.611564
6 12  0.614509
6 13  0.594888
6 14  0.566489
6 15  0.588361
6 16  0.552822
6 17  0.587501
6 18  0.593014
6 19  0.607738
6 20  0.591822
6 21  0.619159
6 22  0.615363
6 23  0.381517
6 24  0.596900
6 25  0.615668
6 26  0.590495
7 8  0.612899
7 9  0.607854
7 10  0.557085
7 11  0.615104
7 12  0.620224
7 13  0.559611
7 14  0.594102
7 15  0.569948
7 16  0.588767
7 17  0.590590
7 18  0.595270
7 19  0.616455
7 20  0.613173
7 21  0.387424
7 22  0.614057
7 23  0.620251
7 24  0.551961
7 25  0.613172
7 26  0.550413
8 9  0.610451
8 10  0.583946
8 11  0.610854
8 12  0.615365
8 13  0.590375
8 14  0.588490
8 15  0.584114
8 16  0.556662
8 17  0.547954
8 18  0.548998
8 19  0.614448
8 20  0.377990
8 21  0.614391
8 22  0.612753
8 23  0.593621
8 24  0.592522
8 25  0.612085
8 26  0.586158
9 10  0.586242
9 11  0.579323
9 12  0.590655
9 13  0.593409
9 14  0.589705
9 15  0.585303
9 16  0.586083
9 17  0.588275
9 18  0.593087
9 19  0.583220
9 20  0.610503
9 21  0.612704
9 22  0.575217
9 23  0.616631
9 24  0.595663
9 25  0.369577
9 26  0.588359
10 11  0.586876
10 12  0.592590
10 13  0.519438
10 14  0.565460
10 15  0.560220
10 16  0.559959
10 17  0.561650
10 18  0.566302
10 19  0.591098
10 20  0.584390
10 21  0.549910
10 22  0.590176
10 23  0.591014
10 24  0.516213
10 25  0.588308
10 26  0.288193
11 12  0.590968
11 13  0.594046
11 14  0.590614
11 15  0.564213
11 16  0.587123
11 17  0.588567
11 18  0.593546
11 19  0.581845
11 20  0.610946
11 21  0.613489
11 22  0.391961
11 23  0.616458
11 24  0.596143
11 25  0.576643
11 26  0.590104
12 13  0.599645
12 14  0.570682
12 15  0.588235
12 16  0.592165
12 17  0.593782
12 18  0.598766
12 19  0.414540
12 20  0.616713
12 21  0.620216
12 22  0.587018
12 23  0.611327
12 24  0.601977
12 25  0.585451
12 26  0.595151
13 14  0.572336
13 15  0.562988
13 16  0.566429
13 17  0.568067
13 18  0.572731
13 19  0.597933
13 20  0.590789
13 21  0.553125
13 22  0.596144
13 23  0.597516
13 24  0.292845
13 25  0.595621
13 26  0.516298
14 15  0.566069
14 16  0.560184
14 17  0.566752
14 18  0.571404
14 19  0.574538
14 20  0.587119
14 21  0.596015
14 22  0.591713
14 23  0.572212
14 24  0.574569
14 25  0.588908
14 26  0.568094
15 16  0.560649
15 17  0.562316
15 18  0.566980
15 19  0.589506
15 20  0.585003
15 21  0.571998
15 22  0.568414
15 23  0.591164
15 24  0.563956
15 25  0.586499
15 26  0.558350
16 17  0.554766
16 18  0.558391
16 19  0.590035
16 20  0.561706
16 21  0.590707
16 22  0.589347
16 23  0.562598
16 24  0.568584
16 25  0.588572
16 26  0.562206
17 18  0.519370
17 19  0.592161
17 20  0.556925
17 21  0.592370
17 22  0.590993
17 23  0.586986
17 24  0.570253
17 25  0.590319
17 26  0.563875
18 19  0.597060
18 20  0.559716
18 21  0.597022
18 22  0.595784
18 23  0.593456
18 24  0.574900
18 25  0.595121
18 26  0.568521
19 20  0.613782
19 21  0.619696
19 22  0.593111
19 23  0.616128
19 24  0.599870
19 25  0.590961
19 26  0.592854
20 21  0.615095
20 22  0.613476
20 23  0.602562
20 24  0.592980
20 25  0.612801
20 26  0.586602
21 22  0.619118
21 23  0.621494
21 24  0.564269
21 25  0.610939
21 26  0.560983
22 23  0.616244
22 24  0.598415
22 25  0.583172
22 26  0.591169
23 24  0.599898
23 25  0.612399
23 26  0.593508
24 25  0.597482
24 26  0.523123
25 26  0.590297
