   -993.90760489
   -994.22359090
0.00000004641119
2 2 2 2 2 2 2 2 2 2 2 2 2 0 0 0 0 0 0 0 0 0 0 0 0 0 
1  0.280606
2  0.275105
3  0.276223
4  0.278568
5  0.283923
6  0.309714
7  0.310498
8  0.304470
9  0.308960
10  0.281169
11  0.309390
12  0.314884
13  0.287516
14  0.287275
15  0.282553
16  0.280592
17  0.281911
18  0.286453
19  0.312909
20  0.304889
21  0.312257
22  0.311655
23  0.312508
24  0.289689
25  0.311079
26  0.283400
1 2  0.555180
1 3  0.551909
1 4  0.559078
1 5  0.564325
1 6  0.567617
1 7  0.590521
1 8  0.583142
1 9  0.583564
1 10  0.561637
1 11  0.586701
1 12  0.574399
1 13  0.568076
1 14  0.276735
1 15  0.562929
1 16  0.556080
1 17  0.562155
1 18  0.566070
1 19  0.566358
1 20  0.584942
1 21  0.592062
1 22  0.589624
1 23  0.565760
1 24  0.570163
1 25  0.589048
1 26  0.563413
2 3  0.551291
2 4  0.553635
2 5  0.559007
2 6  0.584109
2 7  0.567717
2 8  0.579517
2 9  0.580408
2 10  0.552149
2 11  0.563097
2 12  0.587541
2 13  0.556716
2 14  0.562145
2 15  0.262620
2 16  0.555599
2 17  0.556768
2 18  0.561528
2 19  0.582451
2 20  0.579495
2 21  0.566685
2 22  0.562358
2 23  0.586885
2 24  0.559978
2 25  0.583795
2 26  0.557339
3 4  0.550077
3 5  0.553610
3 6  0.558306
3 7  0.586711
3 8  0.560188
3 9  0.584851
3 10  0.557379
3 11  0.585445
3 12  0.590413
3 13  0.563724
3 14  0.558318
3 15  0.558647
3 16  0.273224
3 17  0.557058
3 18  0.558973
3 19  0.588615
3 20  0.554632
3 21  0.588192
3 22  0.587718
3 23  0.554374
3 24  0.565909
3 25  0.586519
3 26  0.559545
4 5  0.515730
4 6  0.583556
4 7  0.589057
4 8  0.555134
4 9  0.587322
4 10  0.559736
4 11  0.587737
4 12  0.593172
4 13  0.566082
4 14  0.565482
4 15  0.560894
4 16  0.558003
4 17  0.280831
4 18  0.512733
4 19  0.590947
4 20  0.546487
4 21  0.590789
4 22  0.589827
4 23  0.589469
4 24  0.568228
4 25  0.589445
4 26  0.561954
5 6  0.590990
5 7  0.594417
5 8  0.557867
5 9  0.592830
5 10  0.565091
5 11  0.593235
5 12  0.598754
5 13  0.571437
5 14  0.570123
5 15  0.566461
5 16  0.560499
5 17  0.513390
5 18  0.283618
5 19  0.596577
5 20  0.549461
5 21  0.596178
5 22  0.595537
5 23  0.595432
5 24  0.573602
5 25  0.594985
5 26  0.567305
6 7  0.619837
6 8  0.601382
6 9  0.612179
6 10  0.590867
6 11  0.614798
6 12  0.617852
6 13  0.597219
6 14  0.569813
6 15  0.591436
6 16  0.555469
6 17  0.589818
6 18  0.595205
6 19  0.611020
6 20  0.594339
6 21  0.621944
6 22  0.618699
6 23  0.384861
6 24  0.599194
6 25  0.619027
6 26  0.592907
7 8  0.614956
7 9  0.610464
7 10  0.558965
7 11  0.617902
7 12  0.623056
7 13  0.561462
7 14  0.596850
7 15  0.572527
7 16  0.590861
7 17  0.592369
7 18  0.596951
7 19  0.619259
7 20  0.615186
7 21  0.389784
7 22  0.616847
7 23  0.622979
7 24  0.553816
7 25  0.615962
7 26  0.552339
8 9  0.613125
8 10  0.585633
8 11  0.613476
8 12  0.618010
8 13  0.591978
8 14  0.591057
8 15  0.586453
8 16  0.558609
8 17  0.549560
8 18  0.550507
8 19  0.617042
8 20  0.379953
8 21  0.616440
8 22  0.615355
8 23  0.596121
8 24  0.594137
8 25  0.614804
8 26  0.587866
9 10  0.588712
9 11  0.582837
9 12  0.594191
9 13  0.595790
9 14  0.593101
9 15  0.588498
9 16  0.588771
9 17  0.590697
9 18  0.595399
9 19  0.586645
9 20  0.613179
9 21  0.615463
9 22  0.578716
9 23  0.619908
9 24  0.598056
9 25  0.372862
9 26  0.590894
10 11  0.589292
10 12  0.595051
10 13  0.520954
10 14  0.567797
10 15  0.562408
10 16  0.561709
10 17  0.563054
10 18  0.567607
10 19  0.593496
10 20  0.586056
10 21  0.551821
10 22  0.592595
10 23  0.593350
10 24  0.517766
10 25  0.590854
10 26  0.289751
11 12  0.594153
11 13  0.596410
11 14  0.593911
11 15  0.567275
11 16  0.589823
11 17  0.590923
11 18  0.595804
11 19  0.584980
11 20  0.613541
11 21  0.616312
11 22  0.395235
11 23  0.619768
11 24  0.598523
11 25  0.580185
11 26  0.592567
12 13  0.602064
12 14  0.574056
12 15  0.591395
12 16  0.594923
12 17  0.596202
12 18  0.601081
12 19  0.418039
12 20  0.619395
12 21  0.623119
12 22  0.590263
12 23  0.614676
12 24  0.604424
12 25  0.588987
12 26  0.597683
13 14  0.574652
13 15  0.565118
13 16  0.568105
13 17  0.569374
13 18  0.573952
13 19  0.600252
13 20  0.592363
13 21  0.554973
13 22  0.598486
13 23  0.599751
13 24  0.294247
13 25  0.598031
13 26  0.517859
14 15  0.569128
14 16  0.562785
14 17  0.569067
14 18  0.573611
14 19  0.577634
14 20  0.589597
14 21  0.598762
14 22  0.594933
14 23  0.575432
14 24  0.576895
14 25  0.592279
14 26  0.570504
15 16  0.563096
15 17  0.564412
15 18  0.568975
15 19  0.592537
15 20  0.587358
15 21  0.574535
15 22  0.571251
15 23  0.594161
15 24  0.566062
15 25  0.589687
15 26  0.560529
16 17  0.556390
16 18  0.559928
16 19  0.592669
16 20  0.563596
16 21  0.592840
16 22  0.592016
16 23  0.565154
16 24  0.570272
16 25  0.591342
16 26  0.563985
17 18  0.520673
17 19  0.594481
17 20  0.558483
17 21  0.594154
17 22  0.593303
17 23  0.589172
17 24  0.571599
17 25  0.592727
17 26  0.565311
18 19  0.599270
18 20  0.561213
18 21  0.598703
18 22  0.598001
18 23  0.595549
18 24  0.576141
18 25  0.597453
18 26  0.569852
19 20  0.616293
19 21  0.622425
19 22  0.596226
19 23  0.619316
19 24  0.602191
19 25  0.594443
19 26  0.595233
20 21  0.617132
20 22  0.616040
20 23  0.604981
20 24  0.594573
20 25  0.615466
20 26  0.588284
21 22  0.621893
21 23  0.624185
21 24  0.566135
21 25  0.613562
21 26  0.562874
22 23  0.619404
22 24  0.600768
22 25  0.586668
22 26  0.593580
23 24  0.602189
23 25  0.615543
23 26  0.595885
24 25  0.599885
24 26  0.524685
25 26  0.592798
