   -993.90523826
   -994.21657037
0.00024446733900
2 2 2 2 2 2 2 2 2 2 2 2 2 0 0 0 0 0 0 0 0 0 0 0 0 0 
1  0.254500
2  0.260120
3  0.273180
4  0.274345
5  0.291440
6  0.294351
7  0.290129
8  0.291180
9  0.293936
10  0.274742
11  0.301122
12  0.303468
13  0.281220
14  0.267141
15  0.259502
16  0.280022
17  0.274958
18  0.296912
19  0.291207
20  0.299295
21  0.301812
22  0.290629
23  0.279846
24  0.302522
25  0.296965
26  0.280549
1 2  0.514049
1 3  0.526973
1 4  0.528480
1 5  0.544396
1 6  0.548724
1 7  0.541347
1 8  0.532973
1 9  0.530652
1 10  0.529235
1 11  0.551206
1 12  0.555542
1 13  0.535709
1 14  0.229916
1 15  0.512800
1 16  0.532896
1 17  0.529272
1 18  0.536203
1 19  0.544919
1 20  0.533548
1 21  0.556282
1 22  0.543041
1 23  0.534253
1 24  0.551385
1 25  0.547588
1 26  0.534979
2 3  0.533298
2 4  0.534462
2 5  0.551436
2 6  0.538258
2 7  0.547748
2 8  0.546432
2 9  0.554017
2 10  0.531196
2 11  0.543147
2 12  0.563554
2 13  0.536105
2 14  0.524579
2 15  0.239932
2 16  0.540089
2 17  0.535062
2 18  0.556613
2 19  0.549242
2 20  0.554340
2 21  0.533563
2 22  0.550595
2 23  0.537032
2 24  0.562507
2 25  0.539856
2 26  0.540085
3 4  0.502862
3 5  0.559923
3 6  0.567529
3 7  0.563123
3 8  0.564331
3 9  0.560609
3 10  0.547921
3 11  0.574260
3 12  0.556936
3 13  0.554398
3 14  0.539150
3 15  0.532648
3 16  0.262976
3 17  0.500065
3 18  0.568088
3 19  0.564294
3 20  0.572305
3 21  0.574974
3 22  0.562730
3 23  0.553026
3 24  0.543434
3 25  0.570141
3 26  0.553726
4 5  0.559561
4 6  0.568693
4 7  0.564185
4 8  0.565494
4 9  0.563985
4 10  0.549086
4 11  0.575417
4 12  0.557065
4 13  0.555564
4 14  0.541431
4 15  0.533819
4 16  0.501911
4 17  0.261389
4 18  0.570149
4 19  0.564953
4 20  0.573627
4 21  0.576093
4 22  0.561687
4 23  0.554184
4 24  0.548975
4 25  0.571104
4 26  0.554873
5 6  0.585676
5 7  0.573008
5 8  0.581930
5 9  0.549923
5 10  0.566159
5 11  0.591484
5 12  0.570972
5 13  0.572654
5 14  0.556586
5 15  0.550841
5 16  0.570264
5 17  0.564269
5 18  0.548322
5 19  0.576833
5 20  0.589738
5 21  0.592724
5 22  0.337549
5 23  0.571188
5 24  0.560292
5 25  0.585982
5 26  0.571747
6 7  0.581892
6 8  0.582369
6 9  0.588260
6 10  0.537831
6 11  0.590328
6 12  0.597793
6 13  0.540608
6 14  0.561238
6 15  0.533477
6 16  0.574358
6 17  0.569283
6 18  0.591209
6 19  0.585007
6 20  0.592819
6 21  0.373895
6 22  0.584904
6 23  0.528963
6 24  0.596869
6 25  0.574817
6 26  0.535906
7 8  0.546902
7 9  0.583309
7 10  0.564396
7 11  0.561239
7 12  0.592410
7 13  0.571228
7 14  0.553449
7 15  0.548600
7 16  0.570141
7 17  0.564565
7 18  0.586535
7 19  0.389797
7 20  0.541793
7 21  0.590116
7 22  0.570679
7 23  0.569652
7 24  0.589909
7 25  0.556704
7 26  0.569749
8 9  0.584019
8 10  0.565671
8 11  0.561386
8 12  0.594403
8 13  0.572124
8 14  0.545519
8 15  0.549305
8 16  0.570882
8 17  0.566062
8 18  0.586558
8 19  0.543841
8 20  0.400646
8 21  0.592472
8 22  0.581522
8 23  0.570508
8 24  0.593269
8 25  0.543343
8 26  0.570991
9 10  0.568673
9 11  0.594814
9 12  0.572295
9 13  0.575155
9 14  0.542164
9 15  0.553273
9 16  0.570781
9 17  0.567774
9 18  0.346667
9 19  0.584663
9 20  0.590552
9 21  0.595745
9 22  0.543188
9 23  0.573758
9 24  0.568217
9 25  0.590258
9 26  0.574454
10 11  0.573620
10 12  0.578205
10 13  0.507555
10 14  0.541683
10 15  0.532831
10 16  0.554764
10 17  0.549697
10 18  0.571639
10 19  0.565097
10 20  0.573853
10 21  0.532144
10 22  0.565224
10 23  0.505137
10 24  0.577212
10 25  0.570946
10 26  0.283152
11 12  0.604498
11 13  0.581416
11 14  0.562222
11 15  0.534298
11 16  0.581062
11 17  0.576067
11 18  0.597217
11 19  0.548905
11 20  0.566902
11 21  0.592007
11 22  0.589937
11 23  0.580639
11 24  0.602709
11 25  0.441996
11 26  0.580431
12 13  0.584687
12 14  0.564789
12 15  0.562968
12 16  0.554041
12 17  0.547312
12 18  0.566745
12 19  0.593047
12 20  0.601520
12 21  0.605150
12 22  0.566006
12 23  0.583266
12 24  0.393775
12 25  0.599160
12 26  0.583925
13 14  0.547939
13 15  0.535775
13 16  0.561235
13 17  0.556178
13 18  0.578104
13 19  0.572117
13 20  0.579932
13 21  0.542950
13 22  0.571797
13 23  0.286627
13 24  0.583705
13 25  0.577695
13 26  0.504220
14 15  0.526015
14 16  0.546315
14 17  0.541468
14 18  0.545084
14 19  0.556284
14 20  0.546225
14 21  0.568773
14 22  0.555331
14 23  0.546974
14 24  0.566304
14 25  0.561313
14 26  0.547668
15 16  0.539522
15 17  0.534458
15 18  0.556375
15 19  0.543711
15 20  0.553103
15 21  0.542231
15 22  0.549867
15 23  0.534190
15 24  0.561973
15 25  0.543283
15 26  0.536175
16 17  0.509359
16 18  0.569599
16 19  0.571044
16 20  0.579184
16 21  0.581827
16 22  0.565995
16 23  0.559866
16 24  0.560009
16 25  0.576905
16 26  0.560568
17 18  0.564811
17 19  0.565868
17 20  0.574073
17 21  0.576765
17 22  0.559179
17 23  0.554803
17 24  0.558139
17 25  0.571800
17 26  0.555505
18 19  0.587495
18 20  0.595069
18 21  0.598701
18 22  0.550930
18 23  0.576757
18 24  0.575338
18 25  0.593630
18 26  0.577458
19 20  0.553903
19 21  0.589848
19 22  0.573335
19 23  0.570967
19 24  0.592669
19 25  0.559962
19 26  0.571377
20 21  0.599799
20 22  0.588507
20 23  0.578966
20 24  0.601666
20 25  0.566464
20 26  0.579691
21 22  0.592256
21 23  0.549170
21 24  0.604320
21 25  0.591311
21 26  0.548417
22 23  0.570461
22 24  0.570381
22 25  0.585537
22 26  0.571147
23 24  0.582368
23 25  0.574398
23 26  0.511323
24 25  0.599268
24 26  0.583069
25 26  0.574592
