   -993.90523826
   -994.22044322
0.00007694771120
2 2 2 2 2 2 2 2 2 2 2 2 2 0 0 0 0 0 0 0 0 0 0 0 0 0 
1  0.265429
2  0.268402
3  0.278129
4  0.279717
5  0.303041
6  0.300714
7  0.301489
8  0.301791
9  0.304571
10  0.278208
11  0.312386
12  0.312113
13  0.284837
14  0.278999
15  0.267665
16  0.285360
17  0.279906
18  0.307247
19  0.301485
20  0.309960
21  0.309036
22  0.301907
23  0.283558
24  0.310442
25  0.308269
26  0.284982
1 2  0.532957
1 3  0.542652
1 4  0.544729
1 5  0.566734
1 6  0.565964
1 7  0.563532
1 8  0.552206
1 9  0.550385
1 10  0.543621
1 11  0.572938
1 12  0.574752
1 13  0.550243
1 14  0.249895
1 15  0.531747
1 16  0.549006
1 17  0.545057
1 18  0.556808
1 19  0.566035
1 20  0.554459
1 21  0.574429
1 22  0.565173
1 23  0.548781
1 24  0.570302
1 25  0.569344
1 26  0.550306
2 3  0.546530
2 4  0.548115
2 5  0.571291
2 6  0.552275
2 7  0.567029
2 8  0.564894
2 9  0.572905
2 10  0.542443
2 11  0.561425
2 12  0.580479
2 13  0.547500
2 14  0.544773
2 15  0.254275
2 16  0.553683
2 17  0.548284
2 18  0.575251
2 19  0.567703
2 20  0.573026
2 21  0.548716
2 22  0.570230
2 23  0.548925
2 24  0.578673
2 25  0.559351
2 26  0.552651
3 4  0.513687
3 5  0.575360
3 6  0.578842
3 7  0.579357
3 8  0.579872
3 9  0.575639
3 10  0.556335
3 11  0.590445
3 12  0.570156
3 13  0.562964
3 14  0.555828
3 15  0.545754
3 16  0.272792
3 17  0.510521
3 18  0.583243
3 19  0.579490
3 20  0.587915
3 21  0.587135
3 22  0.578713
3 23  0.561687
3 24  0.556297
3 25  0.586391
3 26  0.563104
4 5  0.575727
4 6  0.580426
4 7  0.580760
4 8  0.581470
4 9  0.579229
4 10  0.557922
4 11  0.592023
4 12  0.570390
4 13  0.564552
4 14  0.558617
4 15  0.547345
4 16  0.513256
4 17  0.271169
4 18  0.585601
4 19  0.580339
4 20  0.589658
4 21  0.588632
4 22  0.578164
4 23  0.563263
4 24  0.562252
4 25  0.587684
4 26  0.564643
5 6  0.603601
5 7  0.594543
5 8  0.604108
5 9  0.571781
5 10  0.581211
5 11  0.614076
5 12  0.589813
5 13  0.587866
5 14  0.579910
5 15  0.570590
5 16  0.586885
5 17  0.580753
5 18  0.569738
5 19  0.598490
5 20  0.611928
5 21  0.611373
5 22  0.359551
5 23  0.586483
5 24  0.578811
5 25  0.608785
5 26  0.587594
6 7  0.599325
6 8  0.598647
6 9  0.605250
6 10  0.547500
6 11  0.607437
6 12  0.612789
6 13  0.550220
6 14  0.579390
6 15  0.547797
6 16  0.586035
6 17  0.580561
6 18  0.607906
6 19  0.601711
6 20  0.609903
6 21  0.387612
6 22  0.602395
6 23  0.538748
6 24  0.611145
6 25  0.592234
6 26  0.546546
7 8  0.569027
7 9  0.605232
7 10  0.579121
7 11  0.582143
7 12  0.612163
7 13  0.586144
7 14  0.576545
7 15  0.567941
7 16  0.586823
7 17  0.580826
7 18  0.608142
7 19  0.409070
7 20  0.563850
7 21  0.608591
7 22  0.593101
7 23  0.584688
7 24  0.609440
7 25  0.577940
7 26  0.585281
8 9  0.605092
8 10  0.579653
8 11  0.583111
8 12  0.613610
8 13  0.586341
8 14  0.567364
8 15  0.567901
8 16  0.586748
8 17  0.581551
8 18  0.607415
8 19  0.565349
8 20  0.417997
8 21  0.610165
8 22  0.603364
8 23  0.584650
8 24  0.611815
8 25  0.564300
8 26  0.585993
9 10  0.582772
9 11  0.616635
9 12  0.590849
9 13  0.589407
9 14  0.563467
9 15  0.571998
9 16  0.586595
9 17  0.583102
9 18  0.365217
9 19  0.605528
9 20  0.611803
9 21  0.613604
9 22  0.564688
9 23  0.588089
9 24  0.586085
9 25  0.612109
9 26  0.589508
10 11  0.588122
10 12  0.590312
10 13  0.515012
10 14  0.556986
10 15  0.544344
10 16  0.563567
10 17  0.558106
10 18  0.585431
10 19  0.578842
10 20  0.587959
10 21  0.542786
10 22  0.579847
10 23  0.512728
10 24  0.588559
10 25  0.585678
10 26  0.291011
11 12  0.624387
11 13  0.596223
11 14  0.584923
11 15  0.553275
11 16  0.597666
11 17  0.592276
11 18  0.618922
11 19  0.568393
11 20  0.588648
11 21  0.609719
11 22  0.612451
11 23  0.595556
11 24  0.621795
11 25  0.464764
11 26  0.596088
12 13  0.596949
12 14  0.585296
12 15  0.579773
12 16  0.567849
12 17  0.560856
12 18  0.585258
12 19  0.611937
12 20  0.620891
12 21  0.620981
12 22  0.584381
12 23  0.595606
12 24  0.410784
12 25  0.619076
12 26  0.596928
13 14  0.563375
13 15  0.547392
13 16  0.570184
13 17  0.564743
13 18  0.592050
13 19  0.585989
13 20  0.594210
13 21  0.553824
13 22  0.586652
13 23  0.293733
13 24  0.595223
13 25  0.592577
13 26  0.512686
14 15  0.545782
14 16  0.563132
14 17  0.558215
14 18  0.565078
14 19  0.578328
14 20  0.566487
14 21  0.587847
14 22  0.578281
14 23  0.562539
14 24  0.585522
14 25  0.584131
14 26  0.563940
15 16  0.553024
15 17  0.547569
15 18  0.574855
15 19  0.561175
15 20  0.571290
15 21  0.556744
15 22  0.569287
15 23  0.545640
15 24  0.578043
15 25  0.562317
15 26  0.548499
16 17  0.520034
16 18  0.584816
16 19  0.586644
16 20  0.595170
16 21  0.594391
16 22  0.581693
16 23  0.568916
16 24  0.572795
16 25  0.593532
16 26  0.570339
17 18  0.578996
17 19  0.580968
17 20  0.589639
17 21  0.588927
17 22  0.574655
17 23  0.563461
17 24  0.570859
17 25  0.587967
17 26  0.564883
18 19  0.608006
18 20  0.615787
18 21  0.616256
18 22  0.572231
18 23  0.590804
18 24  0.592980
18 25  0.615232
18 26  0.592222
19 20  0.575271
19 21  0.607040
19 22  0.593408
19 23  0.584919
19 24  0.610668
19 25  0.580433
19 26  0.586049
20 21  0.617378
20 22  0.610299
20 23  0.593316
20 24  0.620233
20 25  0.587830
20 26  0.594710
21 22  0.610607
21 23  0.560205
21 24  0.619436
21 25  0.608912
21 26  0.559633
22 23  0.585442
22 24  0.588205
22 25  0.607587
22 26  0.586825
23 24  0.593996
23 25  0.588951
23 26  0.519762
24 25  0.618396
24 26  0.595417
25 26  0.589979
