   -993.90523826
   -994.22195659
0.00002533286890
2 2 2 2 2 2 2 2 2 2 2 2 2 0 0 0 0 0 0 0 0 0 0 0 0 0 
1  0.270236
2  0.271940
3  0.280693
4  0.282475
5  0.308495
6  0.303747
7  0.307228
8  0.306201
9  0.308896
10  0.280263
11  0.317192
12  0.316116
13  0.286722
14  0.284275
15  0.271260
16  0.287998
17  0.282537
18  0.311589
19  0.306763
20  0.314296
21  0.312267
22  0.307367
23  0.285391
24  0.314200
25  0.313204
26  0.287209
1 2  0.541220
1 3  0.549914
1 4  0.552216
1 5  0.576953
1 6  0.573751
1 7  0.574014
1 8  0.560644
1 9  0.558379
1 10  0.550480
1 11  0.582259
1 12  0.583412
1 13  0.556926
1 14  0.258842
1 15  0.539933
1 16  0.556399
1 17  0.552460
1 18  0.565606
1 19  0.576068
1 20  0.563461
1 21  0.582437
1 22  0.575394
1 23  0.555364
1 24  0.578833
1 25  0.579057
1 26  0.557316
2 3  0.552629
2 4  0.554412
2 5  0.580267
2 6  0.558669
2 7  0.576127
2 8  0.572582
2 9  0.580759
2 10  0.547817
2 11  0.569233
2 12  0.588011
2 13  0.552676
2 14  0.553348
2 15  0.260790
2 16  0.559784
2 17  0.554414
2 18  0.583102
2 19  0.576410
2 20  0.580781
2 21  0.555563
2 22  0.579238
2 23  0.554262
2 24  0.585976
2 25  0.567783
2 26  0.558350
3 4  0.519263
3 5  0.582888
3 6  0.584439
3 7  0.587603
3 8  0.586824
3 9  0.582132
3 10  0.560954
3 11  0.597781
3 12  0.576486
3 13  0.567413
3 14  0.563554
3 15  0.551847
3 16  0.277768
3 17  0.516085
3 18  0.590037
3 19  0.587303
3 20  0.594819
3 21  0.592880
3 22  0.586619
3 23  0.566084
3 24  0.562622
3 25  0.593887
3 26  0.567891
4 5  0.583409
4 6  0.586215
4 7  0.589188
4 8  0.588624
4 9  0.585989
4 10  0.562734
4 11  0.599552
4 12  0.576782
4 13  0.569195
4 14  0.566623
4 15  0.553649
4 16  0.519037
4 17  0.276275
4 18  0.592602
4 19  0.588373
4 20  0.596751
4 21  0.594538
4 22  0.586181
4 23  0.567853
4 24  0.568748
4 25  0.595362
4 26  0.569604
5 6  0.612049
5 7  0.604655
5 8  0.613949
5 9  0.581717
5 10  0.588702
5 11  0.624180
5 12  0.598729
5 13  0.595198
5 14  0.590592
5 15  0.579628
5 16  0.594871
5 17  0.588743
5 18  0.579494
5 19  0.608904
5 20  0.621705
5 21  0.620059
5 22  0.369653
5 23  0.593749
5 24  0.587729
5 25  0.619169
5 26  0.595246
6 7  0.607805
6 8  0.605739
6 9  0.612587
6 10  0.552494
6 11  0.615020
6 12  0.619802
6 13  0.555118
6 14  0.587651
6 15  0.554425
6 16  0.591668
6 17  0.586174
6 18  0.615275
6 19  0.609986
6 20  0.617209
6 21  0.393781
6 22  0.610835
6 23  0.543594
6 24  0.617929
6 25  0.600112
6 26  0.551729
7 8  0.579265
7 9  0.615266
7 10  0.586809
7 11  0.592195
7 12  0.621784
7 13  0.593722
7 14  0.587521
7 15  0.577178
7 16  0.595186
7 17  0.589128
7 18  0.618203
7 19  0.418962
7 20  0.574109
7 21  0.617472
7 22  0.604061
7 23  0.592232
7 24  0.618871
7 25  0.588222
7 26  0.593187
8 9  0.613655
8 10  0.586061
8 11  0.592389
8 12  0.621998
8 13  0.592603
8 14  0.576828
8 15  0.575849
8 16  0.593769
8 17  0.588576
8 18  0.616052
8 19  0.575127
8 20  0.425926
8 21  0.617744
8 22  0.613209
8 23  0.590818
8 24  0.619989
8 25  0.573472
8 26  0.592608
9 10  0.589151
9 11  0.625754
9 12  0.598957
9 13  0.595617
9 14  0.572629
9 15  0.579870
9 16  0.593463
9 17  0.589945
9 18  0.373230
9 19  0.615127
9 20  0.620363
9 21  0.621156
9 22  0.574635
9 23  0.594241
9 24  0.594012
9 25  0.621362
9 26  0.596058
10 11  0.594769
10 12  0.596364
10 13  0.519206
10 14  0.564302
10 15  0.549921
10 16  0.568261
10 17  0.562780
10 18  0.591825
10 19  0.586092
10 20  0.594322
10 21  0.548052
10 22  0.587286
10 23  0.516845
10 24  0.594344
10 25  0.592644
10 26  0.295112
11 12  0.633171
11 13  0.602799
11 14  0.594997
11 15  0.561579
11 16  0.605099
11 17  0.599708
11 18  0.628124
11 19  0.578149
11 20  0.597547
11 21  0.617564
11 22  0.622626
11 23  0.602165
11 24  0.630338
11 25  0.474325
11 26  0.603076
12 13  0.602835
12 14  0.594509
12 15  0.587366
12 16  0.574398
12 17  0.567396
12 18  0.593468
12 19  0.621185
12 20  0.629299
12 21  0.628208
12 22  0.593424
12 23  0.601423
12 24  0.418406
12 25  0.628015
12 26  0.603122
13 14  0.570454
13 15  0.552765
13 16  0.574708
13 17  0.569259
13 18  0.598265
13 19  0.593112
13 20  0.600356
13 21  0.558969
13 22  0.593983
13 23  0.297292
13 24  0.600856
13 25  0.599365
13 26  0.517069
14 15  0.554516
14 16  0.570907
14 17  0.566043
14 18  0.573473
14 19  0.588858
14 20  0.575402
14 21  0.596334
14 22  0.588955
14 23  0.569635
14 24  0.594290
14 25  0.594179
14 26  0.571436
15 16  0.559255
15 17  0.553795
15 18  0.582767
15 19  0.569568
15 20  0.578842
15 21  0.563311
15 22  0.578277
15 23  0.550911
15 24  0.585369
15 25  0.570696
15 26  0.554160
16 17  0.525598
16 18  0.591461
16 19  0.594524
16 20  0.602104
16 21  0.600259
16 22  0.589380
16 23  0.573385
16 24  0.578946
16 25  0.601077
16 26  0.575203
17 18  0.585588
17 19  0.588793
17 20  0.596539
17 21  0.594781
17 22  0.582284
17 23  0.567923
17 24  0.577111
17 25  0.595463
17 26  0.569738
18 19  0.617617
18 20  0.624333
18 21  0.623821
18 22  0.582078
18 23  0.596978
18 24  0.600898
18 25  0.624476
18 26  0.598789
19 20  0.585158
19 21  0.615267
19 22  0.603226
19 23  0.592014
19 24  0.619556
19 25  0.590334
19 26  0.593504
20 21  0.624760
20 22  0.620042
20 23  0.599474
20 24  0.628297
20 25  0.596834
20 26  0.601225
21 22  0.619255
21 23  0.565380
21 24  0.626406
21 25  0.616654
21 26  0.564898
22 23  0.592722
22 24  0.596821
22 25  0.617720
22 26  0.594491
23 24  0.599586
23 25  0.595441
23 26  0.524012
24 25  0.627041
24 26  0.601399
25 26  0.596903
