   -993.90523826
   -994.22249300
0.00000010116893
2 2 2 2 2 2 2 2 2 2 2 2 2 0 0 0 0 0 0 0 0 0 0 0 0 0 
1  0.272473
2  0.273505
3  0.281675
4  0.283565
5  0.310704
6  0.304884
7  0.309673
8  0.308112
9  0.310545
10  0.281021
11  0.319260
12  0.317748
13  0.287418
14  0.286669
15  0.272787
16  0.289114
17  0.283632
18  0.313220
19  0.309043
20  0.316196
21  0.313487
22  0.309500
23  0.286059
24  0.315725
25  0.315349
26  0.288056
1 2  0.544926
1 3  0.553069
1 4  0.555517
1 5  0.581377
1 6  0.577100
1 7  0.578672
1 8  0.564407
1 9  0.561801
1 10  0.553471
1 11  0.586404
1 12  0.587187
1 13  0.559852
1 14  0.263052
1 15  0.543612
1 16  0.559677
1 17  0.555781
1 18  0.569351
1 19  0.580555
1 20  0.567532
1 21  0.585882
1 22  0.579734
1 23  0.558222
1 24  0.582582
1 25  0.583395
1 26  0.560389
2 3  0.555173
2 4  0.557067
2 5  0.584024
2 6  0.561326
2 7  0.580030
2 8  0.575971
2 9  0.583963
2 10  0.550082
2 11  0.572612
2 12  0.591202
2 13  0.554886
2 14  0.557186
2 15  0.263693
2 16  0.562383
2 17  0.557049
2 18  0.586322
2 19  0.580194
2 20  0.584229
2 21  0.558376
2 22  0.582941
2 23  0.556503
2 24  0.589035
2 25  0.571475
2 26  0.560744
3 4  0.521452
3 5  0.585915
3 6  0.586556
3 7  0.590988
3 8  0.589703
3 9  0.584703
3 10  0.562690
3 11  0.600806
3 12  0.579077
3 13  0.569088
3 14  0.566853
3 15  0.554285
3 16  0.279916
3 17  0.518316
3 18  0.592643
3 19  0.590548
3 20  0.597711
3 21  0.595065
3 22  0.589684
3 23  0.567734
3 24  0.565164
3 25  0.597013
3 26  0.569719
4 5  0.586573
4 6  0.588441
4 7  0.592673
4 8  0.591608
4 9  0.588640
4 10  0.564576
4 11  0.602679
4 12  0.579416
4 13  0.570976
4 14  0.570097
4 15  0.556236
4 16  0.521419
4 17  0.278485
4 18  0.595291
4 19  0.591698
4 20  0.599739
4 21  0.596794
4 22  0.589390
4 23  0.569609
4 24  0.571380
4 25  0.598562
4 26  0.571515
5 6  0.615384
5 7  0.608871
5 8  0.618056
5 9  0.585681
5 10  0.591652
5 11  0.628394
5 12  0.602353
5 13  0.598090
5 14  0.595167
5 15  0.583355
5 16  0.598140
5 17  0.592039
5 18  0.583377
5 19  0.613211
5 20  0.625797
5 21  0.623442
5 22  0.373776
5 23  0.596637
5 24  0.591319
5 25  0.623543
5 26  0.598257
6 7  0.611281
6 8  0.608641
6 9  0.615354
6 10  0.554416
6 11  0.618151
6 12  0.622560
6 13  0.557001
6 14  0.591167
6 15  0.557103
6 16  0.593885
6 17  0.588337
6 18  0.618019
6 19  0.613406
6 20  0.620221
6 21  0.396334
6 22  0.614060
6 23  0.545443
6 24  0.620590
6 25  0.603382
6 26  0.553747
7 8  0.583682
7 9  0.619347
7 10  0.589963
7 11  0.596425
7 12  0.625785
7 13  0.596852
7 14  0.592335
7 15  0.581087
7 16  0.598736
7 17  0.592614
7 18  0.622257
7 19  0.423245
7 20  0.578566
7 21  0.621109
7 22  0.608533
7 23  0.595354
7 24  0.622853
7 25  0.592592
7 26  0.596433
8 9  0.617159
8 10  0.588709
8 11  0.596378
8 12  0.625522
8 13  0.595191
8 14  0.580958
8 15  0.579274
8 16  0.596804
8 17  0.591556
8 18  0.619549
8 19  0.579389
8 20  0.429362
8 21  0.620837
8 22  0.617231
8 23  0.593340
8 24  0.623421
8 25  0.577397
8 26  0.595380
9 10  0.591554
9 11  0.629457
9 12  0.602155
9 13  0.597961
9 14  0.576506
9 15  0.583053
9 16  0.596214
9 17  0.592648
9 18  0.376383
9 19  0.619043
9 20  0.623847
9 21  0.624019
9 22  0.578503
9 23  0.596526
9 24  0.597122
9 25  0.625139
9 26  0.598556
10 11  0.597533
10 12  0.598748
10 13  0.520756
10 14  0.567449
10 15  0.552183
10 16  0.570135
10 17  0.564617
10 18  0.594209
10 19  0.589102
10 20  0.596976
10 21  0.550080
10 22  0.590155
10 23  0.518376
10 24  0.596592
10 25  0.595548
10 26  0.296741
11 12  0.636856
11 13  0.605521
11 14  0.599452
11 15  0.565113
11 16  0.608266
11 17  0.602861
11 18  0.631812
11 19  0.582288
11 20  0.601407
11 21  0.620764
11 22  0.626816
11 23  0.604886
11 24  0.633908
11 25  0.478618
11 26  0.605983
12 13  0.605159
12 14  0.598510
12 15  0.590518
12 16  0.577146
12 17  0.570122
12 18  0.596695
12 19  0.625111
12 20  0.632823
12 21  0.631056
12 22  0.597055
12 23  0.603706
12 24  0.421741
12 25  0.631757
12 26  0.605567
13 14  0.573504
13 15  0.554986
13 16  0.576516
13 17  0.571050
13 18  0.600540
13 19  0.596095
13 20  0.602905
13 21  0.560953
13 22  0.596820
13 23  0.298707
13 24  0.603051
13 25  0.602184
13 26  0.518740
14 15  0.558351
14 16  0.574333
14 17  0.569504
14 18  0.577011
14 19  0.593502
14 20  0.579337
14 21  0.599944
14 22  0.593465
14 23  0.572693
14 24  0.598099
14 25  0.598618
14 26  0.574669
15 16  0.561896
15 17  0.556416
15 18  0.585915
15 19  0.573134
15 20  0.582135
15 21  0.565993
15 22  0.581906
15 23  0.553081
15 24  0.588402
15 25  0.574301
15 26  0.556498
16 17  0.527926
16 18  0.594152
16 19  0.597881
16 20  0.605123
16 21  0.602594
16 22  0.592455
16 23  0.575168
16 24  0.581525
16 25  0.604323
16 26  0.577161
17 18  0.588202
17 19  0.592127
17 20  0.599472
17 21  0.597092
17 22  0.585398
17 23  0.569681
17 24  0.579707
17 25  0.598652
17 26  0.571673
18 19  0.621514
18 20  0.627824
18 21  0.626659
18 22  0.585882
18 23  0.599278
18 24  0.604024
18 25  0.628239
18 26  0.601264
19 20  0.589476
19 21  0.618675
19 22  0.607224
19 23  0.594955
19 24  0.623298
19 25  0.594619
19 26  0.596605
20 21  0.627799
20 22  0.624051
20 23  0.602030
20 24  0.631702
20 25  0.600705
20 26  0.603956
21 22  0.622581
21 23  0.567363
21 24  0.629140
21 25  0.619863
21 26  0.566951
22 23  0.595511
22 24  0.600269
22 25  0.621874
22 26  0.597457
23 24  0.601776
23 25  0.598155
23 26  0.525622
24 25  0.630680
24 26  0.603769
25 26  0.599806
