  -1146.51816755
  -1146.87315986
0.00036365927300
2 2 2 2 2 2 2 2 2 2 2 2 2 2 2 0 0 0 0 0 0 0 0 0 0 0 0 0 0 0 
1  0.263276
2  0.260769
3  0.260524
4  0.261460
5  0.272398
6  0.273849
7  0.270848
8  0.274183
9  0.286537
10  0.272057
11  0.292412
12  0.285743
13  0.287462
14  0.291022
15  0.274476
16  0.266477
17  0.264204
18  0.266035
19  0.266239
20  0.274458
21  0.276917
22  0.273956
23  0.275769
24  0.292719
25  0.289050
26  0.276523
27  0.288350
28  0.276379
29  0.293135
30  0.286498
1 2  0.484067
1 3  0.523776
1 4  0.524725
1 5  0.535657
1 6  0.537117
1 7  0.534121
1 8  0.537453
1 9  0.549589
1 10  0.529121
1 11  0.555676
1 12  0.529001
1 13  0.550126
1 14  0.554247
1 15  0.533949
1 16  0.243949
1 17  0.481168
1 18  0.529285
1 19  0.529454
1 20  0.537590
1 21  0.540170
1 22  0.537215
1 23  0.539045
1 24  0.555658
1 25  0.551400
1 26  0.537295
1 27  0.551595
1 28  0.538554
1 29  0.556304
1 30  0.521142
2 3  0.521287
2 4  0.522166
2 5  0.533160
2 6  0.534612
2 7  0.531613
2 8  0.534946
2 9  0.546890
2 10  0.527411
2 11  0.553171
2 12  0.527982
2 13  0.547895
2 14  0.551780
2 15  0.529322
2 16  0.481656
2 17  0.244272
2 18  0.526744
2 19  0.526607
2 20  0.535213
2 21  0.537685
2 22  0.534725
2 23  0.536503
2 24  0.553396
2 25  0.549807
2 26  0.536324
2 27  0.548608
2 28  0.534423
2 29  0.553794
2 30  0.519710
3 4  0.521923
3 5  0.528762
3 6  0.528443
3 7  0.531345
3 8  0.534695
3 9  0.545875
3 10  0.531962
3 11  0.552841
3 12  0.546178
3 13  0.518564
3 14  0.530510
3 15  0.534959
3 16  0.526930
3 17  0.524619
3 18  0.251568
3 19  0.526743
3 20  0.533911
3 21  0.533958
3 22  0.534232
3 23  0.536235
3 24  0.526520
3 25  0.512408
3 26  0.536872
3 27  0.546625
3 28  0.536867
3 29  0.553240
3 30  0.547012
4 5  0.533851
4 6  0.535294
4 7  0.527839
4 8  0.529583
4 9  0.518292
4 10  0.533353
4 11  0.532049
4 12  0.546917
4 13  0.548409
4 14  0.552453
4 15  0.534632
4 16  0.527745
4 17  0.525186
4 18  0.527433
4 19  0.254536
4 20  0.535917
4 21  0.538364
4 22  0.534373
4 23  0.534201
4 24  0.554161
4 25  0.550379
4 26  0.537952
4 27  0.513233
4 28  0.534939
4 29  0.525801
4 30  0.547470
5 6  0.499741
5 7  0.543244
5 8  0.546581
5 9  0.558853
5 10  0.544216
5 11  0.564799
5 12  0.558090
5 13  0.555032
5 14  0.535710
5 15  0.546850
5 16  0.538755
5 17  0.536588
5 18  0.537367
5 19  0.538636
5 20  0.268717
5 21  0.496938
5 22  0.546333
5 23  0.548159
5 24  0.528891
5 25  0.559539
5 26  0.548043
5 27  0.560530
5 28  0.548707
5 29  0.565509
5 30  0.558540
6 7  0.544695
6 8  0.548031
6 9  0.560276
6 10  0.545843
6 11  0.566251
6 12  0.559581
6 13  0.558233
6 14  0.537146
6 15  0.548316
6 16  0.540316
6 17  0.538051
6 18  0.536173
6 19  0.540083
6 20  0.496845
6 21  0.268425
6 22  0.547745
6 23  0.549598
6 24  0.528925
6 25  0.562028
6 26  0.550175
6 27  0.561642
6 28  0.550195
6 29  0.566890
6 30  0.560252
7 8  0.498898
7 9  0.552417
7 10  0.542901
7 11  0.536953
7 12  0.556581
7 13  0.558138
7 14  0.561862
7 15  0.545251
7 16  0.537315
7 17  0.535043
7 18  0.536625
7 19  0.535912
7 20  0.545300
7 21  0.547720
7 22  0.266936
7 23  0.496281
7 24  0.563511
7 25  0.559164
7 26  0.547309
7 27  0.557517
7 28  0.547071
7 29  0.527204
7 30  0.557122
8 9  0.557670
8 10  0.546235
8 11  0.539598
8 12  0.559909
8 13  0.561612
8 14  0.565201
8 15  0.548541
8 16  0.540654
8 17  0.538317
8 18  0.540188
8 19  0.536588
8 20  0.548638
8 21  0.551089
8 22  0.495699
8 23  0.267198
8 24  0.566900
8 25  0.563128
8 26  0.550685
8 27  0.561608
8 28  0.549965
8 29  0.531330
8 30  0.560424
9 10  0.557751
9 11  0.562798
9 12  0.571553
9 13  0.567127
9 14  0.577330
9 15  0.552793
9 16  0.553003
9 17  0.550205
9 18  0.549822
9 19  0.515784
9 20  0.560880
9 21  0.562845
9 22  0.558179
9 23  0.561449
9 24  0.578900
9 25  0.565922
9 26  0.561923
9 27  0.332497
9 28  0.553025
9 29  0.555410
9 30  0.569517
10 11  0.564417
10 12  0.535056
10 13  0.549589
10 14  0.562183
10 15  0.517076
10 16  0.536113
10 17  0.535145
10 18  0.537928
10 19  0.538250
10 20  0.545663
10 21  0.548789
10 22  0.545943
10 23  0.547806
10 24  0.563431
10 25  0.551808
10 26  0.307509
10 27  0.558893
10 28  0.514880
10 29  0.565126
10 30  0.529054
11 12  0.578070
11 13  0.579048
11 14  0.583420
11 15  0.566499
11 16  0.558733
11 17  0.556499
11 18  0.557840
11 19  0.530201
11 20  0.566864
11 21  0.569235
11 22  0.531315
11 23  0.530502
11 24  0.584984
11 25  0.580160
11 26  0.568836
11 27  0.555842
11 28  0.568433
11 29  0.360502
11 30  0.578904
12 13  0.571893
12 14  0.576576
12 15  0.535156
12 16  0.522808
12 17  0.523159
12 18  0.551758
12 19  0.551262
12 20  0.559868
12 21  0.562550
12 22  0.559574
12 23  0.561316
12 24  0.578098
12 25  0.571130
12 26  0.532762
12 27  0.570655
12 28  0.530600
12 29  0.578871
12 30  0.364410
13 14  0.563858
13 15  0.561120
13 16  0.553149
13 17  0.551653
13 18  0.517485
13 19  0.553567
13 20  0.559974
13 21  0.563516
13 22  0.560431
13 23  0.562993
13 24  0.556485
13 25  0.333161
13 26  0.555055
13 27  0.565248
13 28  0.562188
13 29  0.579207
13 30  0.570287
14 15  0.565404
14 16  0.557148
14 17  0.555115
14 18  0.529166
14 19  0.557253
14 20  0.528641
14 21  0.529863
14 22  0.564955
14 23  0.566788
14 24  0.358324
14 25  0.557032
14 26  0.566272
14 27  0.579222
14 28  0.567384
14 29  0.584111
14 30  0.577092
15 16  0.539778
15 17  0.536191
15 18  0.540468
15 19  0.538082
15 20  0.548866
15 21  0.551322
15 22  0.548325
15 23  0.549642
15 24  0.567179
15 25  0.561739
15 26  0.515519
15 27  0.553476
15 28  0.308163
15 29  0.567235
15 30  0.529327
16 17  0.489220
16 18  0.532478
16 19  0.532695
16 20  0.540909
16 21  0.543378
16 22  0.540429
16 23  0.542240
16 24  0.559148
16 25  0.554826
16 26  0.536477
16 27  0.554483
16 28  0.537945
16 29  0.559602
16 30  0.532877
17 18  0.530230
17 19  0.530359
17 20  0.538652
17 21  0.541114
17 22  0.538157
17 23  0.539967
17 24  0.556911
17 25  0.552806
17 26  0.533890
17 27  0.552010
17 28  0.534176
17 29  0.557328
17 30  0.531839
18 19  0.532185
18 20  0.534834
18 21  0.536387
18 22  0.539941
18 23  0.541777
18 24  0.536331
18 25  0.524879
18 26  0.541557
18 27  0.552816
18 28  0.542347
18 29  0.559017
18 30  0.552420
19 20  0.540691
19 21  0.543143
19 22  0.534700
19 23  0.535272
19 24  0.558928
19 25  0.554616
19 26  0.542589
19 27  0.523820
19 28  0.541021
19 29  0.536165
19 30  0.552407
20 21  0.504277
20 22  0.548413
20 23  0.550226
20 24  0.539492
20 25  0.558208
20 26  0.550645
20 27  0.562762
20 28  0.550797
20 29  0.567590
20 30  0.560883
21 22  0.550872
21 23  0.552685
21 24  0.541757
21 25  0.562112
21 26  0.553326
21 27  0.565173
21 28  0.553280
21 29  0.570046
21 30  0.563388
22 23  0.503099
22 24  0.566656
22 25  0.562765
22 26  0.550477
22 27  0.556939
22 28  0.550267
22 29  0.539850
22 30  0.560446
23 24  0.568475
23 25  0.564729
23 26  0.552287
23 27  0.559891
23 28  0.552096
23 29  0.542284
23 30  0.562250
24 25  0.567549
24 26  0.568052
24 27  0.580552
24 28  0.568965
24 29  0.585818
24 30  0.579011
25 26  0.554014
25 27  0.570591
25 28  0.564645
25 29  0.581380
25 30  0.574047
26 27  0.563914
26 28  0.522470
26 29  0.569624
26 30  0.540743
27 28  0.555057
27 29  0.566546
27 30  0.573967
28 29  0.568886
28 30  0.538789
29 30  0.579514
