  -1146.51816755
  -1146.87587905
0.00020931215800
2 2 2 2 2 2 2 2 2 2 2 2 2 2 2 0 0 0 0 0 0 0 0 0 0 0 0 0 0 0 
1  0.271528
2  0.268481
3  0.263673
4  0.264340
5  0.274064
6  0.275488
7  0.272819
8  0.275941
9  0.293518
10  0.281570
11  0.295395
12  0.295160
13  0.294464
14  0.293630
15  0.283877
16  0.274692
17  0.272230
18  0.269380
19  0.269244
20  0.276125
21  0.278631
22  0.275955
23  0.277541
24  0.295159
25  0.296066
26  0.286253
27  0.295433
28  0.285567
29  0.295976
30  0.295918
1 2  0.498394
1 3  0.535175
1 4  0.535856
1 5  0.545565
1 6  0.547003
1 7  0.544340
1 8  0.547460
1 9  0.564798
1 10  0.546460
1 11  0.566915
1 12  0.545528
1 13  0.565313
1 14  0.565096
1 15  0.551173
1 16  0.257109
1 17  0.495756
1 18  0.540875
1 19  0.540714
1 20  0.547474
1 21  0.550132
1 22  0.547455
1 23  0.549069
1 24  0.566342
1 25  0.566694
1 26  0.555166
1 27  0.566931
1 28  0.555813
1 29  0.567402
1 30  0.537267
2 3  0.532147
2 4  0.532755
2 5  0.542534
2 6  0.543963
2 7  0.541291
2 8  0.544411
2 9  0.561523
2 10  0.544256
2 11  0.563865
2 12  0.544542
2 13  0.562585
2 14  0.562097
2 15  0.545940
2 16  0.495950
2 17  0.255919
2 18  0.537778
2 19  0.537295
2 20  0.544587
2 21  0.547111
2 22  0.544435
2 23  0.545976
2 24  0.563549
2 25  0.564530
2 26  0.553606
2 27  0.563375
2 28  0.551167
2 29  0.564345
2 30  0.536050
3 4  0.527931
3 5  0.533384
3 6  0.532961
3 7  0.536448
3 8  0.539597
3 9  0.555736
3 10  0.544602
3 11  0.558934
3 12  0.558748
3 13  0.528812
3 14  0.536040
3 15  0.547502
3 16  0.538288
3 17  0.535767
3 18  0.257637
3 19  0.532876
3 20  0.538655
3 21  0.538677
3 22  0.539327
3 23  0.541152
3 24  0.532146
3 25  0.522841
3 26  0.549729
3 27  0.556580
3 28  0.549188
3 29  0.559057
3 30  0.559573
4 5  0.538391
4 6  0.539806
4 7  0.532470
4 8  0.533929
4 9  0.528393
4 10  0.545724
4 11  0.537774
4 12  0.559171
4 13  0.558145
4 14  0.557941
4 15  0.546813
4 16  0.538839
4 17  0.536031
4 18  0.533655
4 19  0.260139
4 20  0.540458
4 21  0.542966
4 22  0.539181
4 23  0.538782
4 24  0.559425
4 25  0.560219
4 26  0.550551
4 27  0.523512
4 28  0.547035
4 29  0.531532
4 30  0.559729
5 6  0.503268
5 7  0.546879
5 8  0.550003
5 9  0.567488
5 10  0.555351
5 11  0.569447
5 12  0.569154
5 13  0.563408
5 14  0.539903
5 15  0.557911
5 16  0.548606
5 17  0.546278
5 18  0.542311
5 19  0.543273
5 20  0.272003
5 21  0.500553
5 22  0.549980
5 23  0.551594
5 24  0.532977
5 25  0.568209
5 26  0.559413
5 27  0.569186
5 28  0.559561
5 29  0.570007
5 30  0.569629
6 7  0.548304
6 8  0.551427
6 9  0.568876
6 10  0.556982
6 11  0.570871
6 12  0.570631
6 13  0.566704
6 14  0.541401
6 15  0.559357
6 16  0.550168
6 17  0.547715
6 18  0.541098
6 19  0.544725
6 20  0.500380
6 21  0.271767
6 22  0.551350
6 23  0.553003
6 24  0.533007
6 25  0.570644
6 26  0.561550
6 27  0.570142
6 28  0.560996
6 29  0.571337
6 30  0.571310
7 8  0.502864
7 9  0.561047
7 10  0.554382
7 11  0.541712
7 12  0.567966
7 13  0.567055
7 14  0.566435
7 15  0.556601
7 16  0.547496
7 17  0.545036
7 18  0.541866
7 19  0.540823
7 20  0.548935
7 21  0.551386
7 22  0.270799
7 23  0.500277
7 24  0.567906
7 25  0.567971
7 26  0.559004
7 27  0.566466
7 28  0.558218
7 29  0.531972
7 30  0.568500
8 9  0.566201
8 10  0.557501
8 11  0.544223
8 12  0.571081
8 13  0.570351
8 14  0.569565
8 15  0.559670
8 16  0.550624
8 17  0.548073
8 18  0.545280
8 19  0.541243
8 20  0.552064
8 21  0.554561
8 22  0.499712
8 23  0.270679
8 24  0.571091
8 25  0.571867
8 26  0.562172
8 27  0.570409
8 28  0.560868
8 29  0.535904
8 30  0.571608
9 10  0.574070
9 11  0.572519
9 12  0.587846
9 13  0.579796
9 14  0.586831
9 15  0.568704
9 16  0.568193
9 17  0.565154
9 18  0.559638
9 19  0.526068
9 20  0.569474
9 21  0.571351
9 22  0.567105
9 23  0.570146
9 24  0.588280
9 25  0.578753
9 26  0.578522
9 27  0.347126
9 28  0.569112
9 29  0.565169
9 30  0.585882
10 11  0.576898
10 12  0.553225
10 13  0.565530
10 14  0.574199
10 15  0.534239
10 16  0.553718
10 17  0.552548
10 18  0.550761
10 19  0.550769
10 20  0.556789
10 21  0.560012
10 22  0.557433
10 23  0.559091
10 24  0.575419
10 25  0.568268
10 26  0.324510
10 27  0.575359
10 28  0.531220
10 29  0.577462
10 30  0.547358
11 12  0.590454
11 13  0.588910
11 14  0.589006
11 15  0.578842
11 16  0.569896
11 17  0.567495
11 18  0.564049
11 19  0.536195
11 20  0.571507
11 21  0.573889
11 22  0.536196
11 23  0.535185
11 24  0.590392
11 25  0.589915
11 26  0.581538
11 27  0.565851
11 28  0.580587
11 29  0.366338
11 30  0.591307
12 13  0.588102
12 14  0.588560
12 15  0.553423
12 16  0.539232
12 17  0.539777
12 18  0.564510
12 19  0.563686
12 20  0.570939
12 21  0.573666
12 22  0.570972
12 23  0.572478
12 24  0.589982
12 25  0.587452
12 26  0.551069
12 27  0.587090
12 28  0.548730
12 29  0.591128
12 30  0.380692
13 14  0.573258
13 15  0.577405
13 16  0.568361
13 17  0.566676
13 18  0.528054
13 19  0.563541
13 20  0.568614
13 21  0.572185
13 22  0.569197
13 23  0.571675
13 24  0.565932
13 25  0.348008
13 26  0.571723
13 27  0.578096
13 28  0.578189
13 29  0.588964
13 30  0.586601
14 15  0.577393
14 16  0.567936
14 17  0.565729
14 18  0.535086
14 19  0.562803
14 20  0.532877
14 21  0.534150
14 22  0.569569
14 23  0.571171
14 24  0.363335
14 25  0.566675
14 26  0.578638
14 27  0.588890
14 28  0.579182
14 29  0.589517
14 30  0.589167
15 16  0.557155
15 17  0.553391
15 18  0.553192
15 19  0.550524
15 20  0.559936
15 21  0.562404
15 22  0.559718
15 23  0.560788
15 24  0.579023
15 25  0.577930
15 26  0.532326
15 27  0.569813
15 28  0.324637
15 29  0.579469
15 30  0.547763
16 17  0.503964
16 18  0.544038
16 19  0.543911
16 20  0.550782
16 21  0.553301
16 22  0.550639
16 23  0.552225
16 24  0.569795
16 25  0.569956
16 26  0.553917
16 27  0.569737
16 28  0.554854
16 29  0.570657
16 30  0.549357
17 18  0.541600
17 19  0.541377
17 20  0.548341
17 21  0.550851
17 22  0.548178
17 23  0.549763
17 24  0.567376
17 25  0.567810
17 26  0.551269
17 27  0.567034
17 28  0.550952
17 29  0.568187
17 30  0.548482
18 19  0.538491
18 20  0.539629
18 21  0.541209
18 22  0.545260
18 23  0.546882
18 24  0.541974
18 25  0.535311
18 26  0.554606
18 27  0.562907
18 28  0.554877
18 29  0.565161
18 30  0.565169
19 20  0.545365
19 21  0.547858
19 22  0.539509
19 23  0.539822
19 24  0.564363
19 25  0.564429
19 26  0.555301
19 27  0.534143
19 28  0.553111
19 29  0.541816
19 30  0.564795
20 21  0.507899
20 22  0.552077
20 23  0.553664
20 24  0.543489
20 25  0.566622
20 26  0.562002
20 27  0.571495
20 28  0.561644
20 29  0.572097
20 30  0.571956
21 22  0.554583
21 23  0.556170
21 24  0.545850
21 25  0.570666
21 26  0.564750
21 27  0.573939
21 28  0.564183
21 29  0.574599
21 30  0.574515
22 23  0.507092
22 24  0.571087
22 25  0.571710
22 26  0.562202
22 27  0.565712
22 28  0.561443
22 29  0.544546
22 30  0.571864
23 24  0.572686
23 25  0.573484
23 26  0.563787
23 27  0.568494
23 28  0.563052
23 29  0.546876
23 30  0.573441
24 25  0.576985
24 26  0.580143
24 27  0.589961
24 28  0.580565
24 29  0.591089
24 30  0.590827
25 26  0.570223
25 27  0.583119
25 28  0.580769
25 29  0.591018
25 30  0.590254
26 27  0.580523
26 28  0.539480
26 29  0.582173
26 30  0.559107
27 28  0.570967
27 29  0.576262
27 30  0.590358
28 29  0.580862
28 30  0.556870
29 30  0.591759
