  -1146.51816755
  -1146.87739674
0.00014789044800
2 2 2 2 2 2 2 2 2 2 2 2 2 2 2 0 0 0 0 0 0 0 0 0 0 0 0 0 0 0 
1  0.277112
2  0.273660
3  0.266435
4  0.266033
5  0.274844
6  0.276284
7  0.273797
8  0.276718
9  0.299518
10  0.287881
11  0.297248
12  0.300433
13  0.301243
14  0.295169
15  0.289420
16  0.280358
17  0.277431
18  0.272308
19  0.270991
20  0.276872
21  0.279414
22  0.277057
23  0.278402
24  0.296727
25  0.302571
26  0.292681
27  0.301287
28  0.291149
29  0.297787
30  0.301118
1 2  0.507717
1 3  0.543518
1 4  0.543130
1 5  0.551923
1 6  0.553380
1 7  0.550899
1 8  0.553818
1 9  0.576349
1 10  0.558042
1 11  0.574349
1 12  0.555762
1 13  0.577621
1 14  0.572215
1 15  0.562003
1 16  0.266241
1 17  0.505391
1 18  0.549385
1 19  0.548038
1 20  0.553791
1 21  0.556500
1 22  0.554144
1 23  0.555513
1 24  0.573491
1 25  0.578793
1 26  0.567096
1 27  0.578362
1 28  0.566874
1 29  0.574791
1 30  0.547289
2 3  0.540086
2 4  0.539618
2 5  0.548490
2 6  0.549937
2 7  0.547446
2 8  0.550364
2 9  0.572639
2 10  0.555381
2 11  0.570894
2 12  0.554676
2 13  0.574496
2 14  0.568813
2 15  0.556271
2 16  0.505551
2 17  0.264524
2 18  0.545878
2 19  0.544201
2 20  0.550509
2 21  0.553074
2 22  0.550716
2 23  0.552007
2 24  0.570288
2 25  0.576203
2 26  0.565126
2 27  0.574392
2 28  0.561881
2 29  0.571320
2 30  0.545909
3 4  0.532364
3 5  0.536868
3 6  0.536465
3 7  0.540171
3 8  0.543131
3 9  0.564191
3 10  0.553656
3 11  0.563514
3 12  0.566763
3 13  0.538122
3 14  0.540419
3 15  0.555799
3 16  0.546710
3 17  0.543711
3 18  0.262628
3 19  0.537384
3 20  0.542153
3 21  0.542235
3 22  0.543044
3 23  0.544718
3 24  0.536588
3 25  0.532159
3 26  0.558899
3 27  0.565147
3 28  0.557530
3 29  0.563555
3 30  0.567526
4 5  0.540860
4 6  0.542285
4 7  0.535096
4 8  0.536367
4 9  0.536293
4 10  0.553709
4 11  0.541348
4 12  0.566108
4 13  0.566512
4 14  0.561167
4 15  0.553998
4 16  0.546194
4 17  0.542882
4 18  0.538268
4 19  0.263330
4 20  0.542896
4 21  0.545441
4 22  0.541960
4 23  0.541354
4 24  0.562665
4 25  0.568370
4 26  0.558661
4 27  0.531333
4 28  0.554343
4 29  0.535085
4 30  0.566618
5 6  0.504959
5 7  0.548636
5 8  0.551561
5 9  0.574245
5 10  0.562423
5 11  0.572074
5 12  0.575199
5 13  0.570844
5 14  0.542246
5 15  0.564227
5 16  0.555037
5 17  0.552257
5 18  0.546003
5 19  0.545790
5 20  0.273629
5 21  0.502267
5 22  0.551835
5 23  0.553222
5 24  0.535402
5 25  0.575507
5 26  0.566617
5 27  0.575820
5 28  0.565924
5 29  0.572595
5 30  0.575593
6 7  0.550077
6 8  0.553000
6 9  0.575633
6 10  0.564083
6 11  0.573515
6 12  0.576698
6 13  0.574193
6 14  0.543811
6 15  0.565695
6 16  0.556631
6 17  0.553712
6 18  0.544832
6 19  0.547263
6 20  0.502076
6 21  0.273464
6 22  0.553186
6 23  0.554631
6 24  0.535452
6 25  0.577926
6 26  0.568777
6 27  0.576720
6 28  0.567372
6 29  0.573929
6 30  0.577306
7 8  0.504746
7 9  0.567899
7 10  0.561669
7 11  0.544518
7 12  0.574217
7 13  0.574748
7 14  0.568948
7 15  0.563117
7 16  0.554139
7 17  0.551211
7 18  0.545682
7 19  0.543539
7 20  0.550658
7 21  0.553120
7 22  0.272871
7 23  0.502272
7 24  0.570451
7 25  0.575411
7 26  0.566406
7 27  0.573294
7 28  0.564780
7 29  0.534825
7 30  0.574677
8 9  0.572893
8 10  0.564587
8 11  0.546920
8 12  0.577130
8 13  0.577891
8 14  0.571881
8 15  0.565975
8 16  0.557071
8 17  0.554027
8 18  0.548975
8 19  0.543775
8 20  0.553589
8 21  0.556122
8 22  0.501759
8 23  0.272361
8 24  0.573437
8 25  0.579149
8 26  0.569380
8 27  0.577027
8 28  0.567193
8 29  0.538578
8 30  0.577575
9 10  0.586244
9 11  0.580305
9 12  0.599069
9 13  0.590744
9 14  0.594295
9 15  0.580046
9 16  0.579851
9 17  0.576335
9 18  0.568551
9 19  0.534057
9 20  0.576224
9 21  0.578116
9 22  0.574196
9 23  0.576983
9 24  0.595791
9 25  0.590344
9 26  0.590917
9 27  0.357813
9 28  0.580726
9 29  0.573052
9 30  0.597126
10 11  0.585050
10 12  0.564260
10 13  0.578286
10 14  0.582000
10 15  0.544354
10 16  0.565603
10 17  0.563976
10 18  0.559976
10 19  0.558822
10 20  0.563845
10 21  0.567111
10 22  0.564839
10 23  0.566261
10 24  0.583323
10 25  0.581011
10 26  0.336542
10 27  0.587524
10 28  0.541480
10 29  0.585584
10 30  0.558338
11 12  0.597567
11 13  0.597319
11 14  0.592391
11 15  0.586223
11 16  0.577408
11 17  0.574537
11 18  0.568718
11 19  0.539860
11 20  0.574104
11 21  0.576477
11 22  0.539192
11 23  0.537974
11 24  0.593798
11 25  0.598246
11 26  0.589817
11 27  0.573659
11 28  0.588011
11 29  0.370026
11 30  0.598356
12 13  0.600013
12 14  0.595348
12 15  0.564212
12 16  0.549449
12 17  0.549730
12 18  0.572703
12 19  0.570692
12 20  0.576940
12 21  0.579724
12 22  0.577348
12 23  0.578590
12 24  0.596815
12 25  0.599234
12 26  0.562181
12 27  0.598262
12 28  0.559435
12 29  0.598209
12 30  0.390614
13 14  0.581656
13 15  0.589603
13 16  0.580802
13 17  0.578644
13 18  0.537755
13 19  0.572019
13 20  0.576153
13 21  0.579731
13 22  0.577051
13 23  0.579331
13 24  0.574433
13 25  0.359839
13 26  0.584861
13 27  0.589674
13 28  0.590517
13 29  0.597518
13 30  0.598603
14 15  0.584458
14 16  0.575121
14 17  0.572464
14 18  0.539667
14 19  0.566076
14 20  0.535217
14 21  0.536533
14 22  0.572208
14 23  0.573570
14 24  0.366510
14 25  0.574856
14 26  0.586620
14 27  0.596242
14 28  0.586299
14 29  0.592858
14 30  0.595895
15 16  0.568270
15 17  0.564046
15 18  0.561665
15 19  0.557854
15 20  0.566227
15 21  0.568725
15 22  0.566367
15 23  0.567169
15 24  0.586129
15 25  0.589986
15 26  0.542523
15 27  0.581249
15 28  0.335391
15 29  0.586809
15 30  0.558393
16 17  0.513540
16 18  0.552628
16 19  0.551321
16 20  0.557188
16 21  0.559747
16 22  0.557405
16 23  0.558752
16 24  0.577025
16 25  0.582055
16 26  0.565646
16 27  0.581211
16 28  0.565705
16 29  0.578134
16 30  0.559647
17 18  0.549726
17 19  0.548314
17 20  0.554284
17 21  0.556833
17 22  0.554477
17 23  0.555821
17 24  0.574142
17 25  0.579462
17 26  0.562529
17 27  0.578009
17 28  0.561321
17 29  0.575196
17 30  0.558463
18 19  0.543134
18 20  0.543257
18 21  0.544878
18 22  0.549249
18 23  0.550647
18 24  0.546546
18 25  0.544483
18 26  0.563934
18 27  0.571410
18 28  0.563372
18 29  0.569844
18 30  0.573274
19 20  0.547860
19 21  0.550384
19 22  0.542331
19 23  0.542404
19 24  0.567671
19 25  0.572537
19 26  0.563459
19 27  0.541975
19 28  0.560387
19 29  0.545406
19 30  0.571714
20 21  0.509561
20 22  0.553925
20 23  0.555271
20 24  0.545829
20 25  0.573761
20 26  0.569155
20 27  0.578082
20 28  0.567966
20 29  0.574654
20 30  0.577892
21 22  0.556464
21 23  0.557809
21 24  0.548266
21 25  0.577886
21 26  0.571956
21 27  0.580559
21 28  0.570547
21 29  0.577194
21 30  0.580495
22 23  0.509180
22 24  0.573752
22 25  0.579245
22 26  0.569729
22 27  0.572533
22 28  0.568123
22 29  0.547427
22 30  0.578165
23 24  0.575116
23 25  0.580824
23 26  0.571073
23 27  0.575106
23 28  0.569491
23 29  0.549649
23 30  0.579499
24 25  0.585178
24 26  0.588097
24 27  0.597222
24 28  0.587698
24 29  0.594452
24 30  0.597575
25 26  0.582861
25 27  0.593765
25 28  0.592731
25 29  0.599132
25 30  0.601836
26 27  0.592662
26 28  0.549637
26 29  0.590402
26 30  0.570190
27 28  0.582230
27 29  0.583883
27 30  0.601354
28 29  0.588231
28 30  0.567662
29 30  0.598754
