  -1146.51816755
  -1146.87835160
0.00000638059196
2 2 2 2 2 2 2 2 2 2 2 2 2 2 2 0 0 0 0 0 0 0 0 0 0 0 0 0 0 0 
1  0.281658
2  0.278200
3  0.268802
4  0.267627
5  0.275466
6  0.276934
7  0.274613
8  0.277338
9  0.304672
10  0.293079
11  0.298844
12  0.304869
13  0.306540
14  0.296518
15  0.294296
16  0.285181
17  0.281964
18  0.274902
19  0.272649
20  0.277488
21  0.280095
22  0.277946
23  0.279071
24  0.298159
25  0.307755
26  0.297833
27  0.306162
28  0.295966
29  0.299339
30  0.305370
1 2  0.515687
1 3  0.550428
1 4  0.549266
1 5  0.557086
1 6  0.558574
1 7  0.556258
1 8  0.558981
1 9  0.586005
1 10  0.567495
1 11  0.580490
1 12  0.563976
1 13  0.587413
1 14  0.578106
1 15  0.571044
1 16  0.274427
1 17  0.513774
1 18  0.556523
1 19  0.554231
1 20  0.558948
1 21  0.561727
1 22  0.559580
1 23  0.560727
1 24  0.579476
1 25  0.588533
1 26  0.576700
1 27  0.587773
1 28  0.576140
1 29  0.580872
1 30  0.555419
2 3  0.546989
2 4  0.545740
2 5  0.553648
2 6  0.555126
2 7  0.552795
2 8  0.555519
2 9  0.582279
2 10  0.564786
2 11  0.577026
2 12  0.563325
2 13  0.584289
2 14  0.574698
2 15  0.565413
2 16  0.513907
2 17  0.271224
2 18  0.553001
2 19  0.550369
2 20  0.555661
2 21  0.558294
2 22  0.556145
2 23  0.557207
2 24  0.576253
2 25  0.585913
2 26  0.574716
2 27  0.583789
2 28  0.571155
2 29  0.577399
2 30  0.554408
3 4  0.536301
3 5  0.539839
3 6  0.539452
3 7  0.543320
3 8  0.546102
3 9  0.571289
3 10  0.561209
3 11  0.567425
3 12  0.573543
3 13  0.545624
3 14  0.544238
3 15  0.563027
3 16  0.553897
3 17  0.550596
3 18  0.267241
3 19  0.541386
3 20  0.545134
3 21  0.545288
3 22  0.546241
3 23  0.547757
3 24  0.540556
3 25  0.539812
3 26  0.566403
3 27  0.572324
3 28  0.564713
3 29  0.567351
3 30  0.574136
4 5  0.543070
4 6  0.544510
4 7  0.537502
4 8  0.538567
4 9  0.543248
4 10  0.560472
4 11  0.544614
4 12  0.572115
4 13  0.573259
4 14  0.564103
4 15  0.560428
4 16  0.552594
4 17  0.548959
4 18  0.542445
4 19  0.266576
4 20  0.545100
4 21  0.547712
4 22  0.544445
4 23  0.543633
4 24  0.565609
4 25  0.575104
4 26  0.565398
4 27  0.538064
4 28  0.560796
4 29  0.538343
4 30  0.572478
5 6  0.506340
5 7  0.550070
5 8  0.552802
5 9  0.580004
5 10  0.568231
5 11  0.574283
5 12  0.580247
5 13  0.576670
5 14  0.544280
5 15  0.569719
5 16  0.560478
5 17  0.557412
5 18  0.549219
5 19  0.548056
5 20  0.275003
5 21  0.503707
5 22  0.553316
5 23  0.554497
5 24  0.537559
5 25  0.581320
5 26  0.572405
5 27  0.581316
5 28  0.571360
5 29  0.574772
5 30  0.580453
6 7  0.551538
6 8  0.554268
6 9  0.581402
6 10  0.569927
6 11  0.575747
6 12  0.581780
6 13  0.580095
6 14  0.545935
6 15  0.571220
6 16  0.562104
6 17  0.558895
6 18  0.548088
6 19  0.549570
6 20  0.503480
6 21  0.274928
6 22  0.554677
6 23  0.555927
6 24  0.537649
6 25  0.583754
6 26  0.574582
6 27  0.582196
6 28  0.572833
6 29  0.576144
6 30  0.582206
7 8  0.506285
7 9  0.573770
7 10  0.567680
7 11  0.546943
7 12  0.579468
7 13  0.580809
7 14  0.571107
7 15  0.568803
7 16  0.559777
7 17  0.556557
7 18  0.549002
7 19  0.546014
7 20  0.552079
7 21  0.554611
7 22  0.274572
7 23  0.503895
7 24  0.572695
7 25  0.581401
7 26  0.572374
7 27  0.578978
7 28  0.570416
7 29  0.537269
7 30  0.579748
8 9  0.578616
8 10  0.570403
8 11  0.549231
8 12  0.582184
8 13  0.583789
8 14  0.573850
8 15  0.571460
8 16  0.562513
8 17  0.559164
8 18  0.552172
8 19  0.546066
8 20  0.554823
8 21  0.557426
8 22  0.503416
8 23  0.273671
8 24  0.575488
8 25  0.584950
8 26  0.575152
8 27  0.582520
8 28  0.572626
8 29  0.540846
8 30  0.582450
9 10  0.596501
9 11  0.587022
9 12  0.608614
9 13  0.599523
9 14  0.600687
9 15  0.589939
9 16  0.589815
9 17  0.586010
9 18  0.576194
9 19  0.541103
9 20  0.581995
9 21  0.583923
9 22  0.580232
9 23  0.582798
9 24  0.602338
9 25  0.599951
9 26  0.601201
9 27  0.367248
9 28  0.590736
9 29  0.579859
9 30  0.606582
10 11  0.591826
10 12  0.573510
10 13  0.588588
10 14  0.588511
10 15  0.552777
10 16  0.575512
10 17  0.573588
10 18  0.567746
10 19  0.565671
10 20  0.569677
10 21  0.572993
10 22  0.570925
10 23  0.572127
10 24  0.589988
10 25  0.591386
10 26  0.346487
10 27  0.597588
10 28  0.549838
10 29  0.592334
10 30  0.567395
11 12  0.603588
11 13  0.604000
11 14  0.595326
11 15  0.592684
11 16  0.583806
11 17  0.580654
11 18  0.572807
11 19  0.543225
11 20  0.576316
11 21  0.578716
11 22  0.541742
11 23  0.540337
11 24  0.596783
11 25  0.605053
11 26  0.596570
11 27  0.580245
11 28  0.594420
11 29  0.373287
11 30  0.604202
12 13  0.609627
12 14  0.601092
12 15  0.573522
12 16  0.557970
12 17  0.558198
12 18  0.579726
12 19  0.576804
12 20  0.581970
12 21  0.584839
12 22  0.582672
12 23  0.583691
12 24  0.602656
12 25  0.608834
12 26  0.571431
12 27  0.607613
12 28  0.568527
12 29  0.604194
12 30  0.399160
13 14  0.588385
13 15  0.599689
13 16  0.590923
13 17  0.588459
13 18  0.545713
13 19  0.578919
13 20  0.582075
13 21  0.585704
13 22  0.583231
13 23  0.585290
13 24  0.581318
13 25  0.369751
13 26  0.595299
13 27  0.599121
13 28  0.600597
13 29  0.604386
13 30  0.608144
14 15  0.590647
14 16  0.581292
14 17  0.578342
14 18  0.543779
14 19  0.569016
14 20  0.537257
14 21  0.538640
14 22  0.574439
14 23  0.575585
14 24  0.369602
14 25  0.581547
14 26  0.593149
14 27  0.602438
14 28  0.592461
14 29  0.595739
14 30  0.601477
15 16  0.577875
15 17  0.573363
15 18  0.569135
15 19  0.564426
15 20  0.571715
15 21  0.574268
15 22  0.572133
15 23  0.572720
15 24  0.592431
15 25  0.600003
15 26  0.550819
15 27  0.591007
15 28  0.344835
15 29  0.593234
15 30  0.567415
16 17  0.521839
16 18  0.560041
16 19  0.557792
16 20  0.562620
16 21  0.565246
16 22  0.563115
16 23  0.564241
16 24  0.583276
16 25  0.592000
16 26  0.575302
16 27  0.590848
16 28  0.574965
16 29  0.584508
16 30  0.567924
17 18  0.556850
17 19  0.554493
17 20  0.559427
17 21  0.562045
17 22  0.559897
17 23  0.561020
17 24  0.580104
17 25  0.589132
17 26  0.571927
17 27  0.587358
17 28  0.570358
17 29  0.581276
17 30  0.566887
18 19  0.547345
18 20  0.546460
18 21  0.548130
18 22  0.552688
18 23  0.553878
18 24  0.550661
18 25  0.552057
18 26  0.571669
18 27  0.578447
18 28  0.570761
18 29  0.573922
18 30  0.580096
19 20  0.550135
19 21  0.552711
19 22  0.544889
19 23  0.544723
19 24  0.570743
19 25  0.579189
19 26  0.570241
19 27  0.548714
19 28  0.566813
19 29  0.548694
19 30  0.577607
20 21  0.510981
20 22  0.555427
20 23  0.556553
20 24  0.547942
20 25  0.579473
20 26  0.574908
20 27  0.583563
20 28  0.573390
20 29  0.576819
20 30  0.582747
21 22  0.558028
21 23  0.559148
21 24  0.550514
21 25  0.583717
21 26  0.577785
21 27  0.586078
21 28  0.576042
21 29  0.579428
21 30  0.585424
22 23  0.510843
22 24  0.576062
22 25  0.585251
22 26  0.575768
22 27  0.578198
22 28  0.573828
22 29  0.549866
22 30  0.583307
23 24  0.577216
23 25  0.586643
23 26  0.576890
23 27  0.580588
23 28  0.574974
23 29  0.551980
23 30  0.584418
24 25  0.591893
24 26  0.594644
24 27  0.603336
24 28  0.593897
24 29  0.597419
24 30  0.603221
25 26  0.593036
25 27  0.602368
25 28  0.602657
25 29  0.605651
25 30  0.611144
26 27  0.602588
26 28  0.557926
26 29  0.597090
26 30  0.579250
27 28  0.591817
27 29  0.590292
27 30  0.610438
28 29  0.594584
28 30  0.576725
29 30  0.604546
