   -993.89711508
   -994.20550293
0.00012142829800
2 2 2 2 2 2 2 2 2 2 2 2 2 0 0 0 0 0 0 0 0 0 0 0 0 0 
1  0.261397
2  0.260475
3  0.260993
4  0.255296
5  0.273857
6  0.277350
7  0.274462
8  0.271447
9  0.291075
10  0.291662
11  0.295244
12  0.293862
13  0.286628
14  0.264490
15  0.264853
16  0.265268
17  0.261345
18  0.276986
19  0.279422
20  0.276072
21  0.274181
22  0.291966
23  0.296657
24  0.289272
25  0.292947
26  0.295129
1 2  0.517092
1 3  0.517794
1 4  0.516624
1 5  0.535192
1 6  0.538604
1 7  0.535830
1 8  0.532821
1 9  0.550885
1 10  0.527740
1 11  0.555437
1 12  0.555164
1 13  0.525934
1 14  0.249728
1 15  0.521877
1 16  0.522313
1 17  0.522583
1 18  0.538104
1 19  0.540145
1 20  0.537460
1 21  0.535399
1 22  0.552751
1 23  0.557712
1 24  0.521412
1 25  0.522500
1 26  0.556006
2 3  0.521334
2 4  0.513771
2 5  0.534318
2 6  0.537812
2 7  0.534842
2 8  0.531574
2 9  0.526001
2 10  0.550373
2 11  0.555703
2 12  0.552128
2 13  0.523839
2 14  0.520954
2 15  0.251190
2 16  0.525084
2 17  0.521228
2 18  0.537445
2 19  0.539890
2 20  0.536102
2 21  0.533308
2 22  0.520852
2 23  0.556872
2 24  0.519207
2 25  0.552891
2 26  0.553826
3 4  0.516263
3 5  0.531449
3 6  0.532800
3 7  0.535455
3 8  0.532440
3 9  0.552034
3 10  0.529767
3 11  0.536898
3 12  0.554846
3 13  0.546345
3 14  0.520979
3 15  0.525190
3 16  0.244206
3 17  0.522332
3 18  0.537140
3 19  0.536904
3 20  0.537050
3 21  0.535149
3 22  0.552751
3 23  0.530615
3 24  0.549787
3 25  0.523894
3 26  0.556088
4 5  0.529149
4 6  0.532644
4 7  0.524370
4 8  0.523434
4 9  0.524106
4 10  0.546715
4 11  0.550518
4 12  0.530458
4 13  0.539106
4 14  0.519425
4 15  0.519650
4 16  0.520558
4 17  0.239472
4 18  0.532193
4 19  0.534696
4 20  0.528139
4 21  0.528665
4 22  0.518107
4 23  0.551783
4 24  0.542483
4 25  0.547197
4 26  0.523602
5 6  0.503566
5 7  0.548318
5 8  0.545304
5 9  0.564891
5 10  0.562020
5 11  0.539654
5 12  0.567717
5 13  0.560230
5 14  0.538024
5 15  0.538706
5 16  0.538173
5 17  0.535096
5 18  0.269597
5 19  0.500203
5 20  0.549922
5 21  0.548038
5 22  0.565686
5 23  0.531557
5 24  0.562359
5 25  0.565388
5 26  0.568964
6 7  0.551811
6 8  0.548796
6 9  0.568413
6 10  0.567132
6 11  0.541783
6 12  0.571211
6 13  0.563938
6 14  0.541247
6 15  0.542158
6 16  0.538735
6 17  0.538658
6 18  0.500586
6 19  0.271944
6 20  0.553420
6 21  0.551530
6 22  0.569300
6 23  0.534503
6 24  0.566256
6 25  0.569686
6 26  0.572464
7 8  0.498866
7 9  0.563629
7 10  0.566104
7 11  0.569705
7 12  0.538277
7 13  0.560952
7 14  0.538945
7 15  0.538939
7 16  0.539719
7 17  0.531770
7 18  0.551439
7 19  0.553883
7 20  0.268672
7 21  0.495344
7 22  0.565821
7 23  0.571092
7 24  0.563121
7 25  0.567349
7 26  0.531038
8 9  0.559057
8 10  0.563085
8 11  0.566689
8 12  0.535310
8 13  0.558022
8 14  0.535843
8 15  0.535099
8 16  0.536699
8 17  0.531807
8 18  0.548430
8 19  0.550870
8 20  0.495804
8 21  0.268496
8 22  0.562224
8 23  0.568088
8 24  0.560048
8 25  0.564389
8 26  0.527025
9 10  0.580382
9 11  0.586167
9 12  0.574684
9 13  0.563980
9 14  0.555012
9 15  0.524114
9 16  0.556118
9 17  0.523002
9 18  0.567890
9 19  0.570484
9 20  0.566693
9 21  0.563615
9 22  0.347383
9 23  0.587213
9 24  0.558610
9 25  0.583097
9 26  0.567683
10 11  0.576482
10 12  0.585504
10 13  0.565056
10 14  0.524818
10 15  0.555846
10 16  0.526118
10 17  0.552125
10 18  0.567111
10 19  0.570551
10 20  0.567670
10 21  0.565835
10 22  0.582794
10 23  0.570114
10 24  0.559306
10 25  0.350459
10 26  0.586498
11 12  0.589097
11 13  0.580277
11 14  0.559224
11 15  0.559915
11 16  0.534150
11 17  0.556371
11 18  0.533493
11 19  0.533878
11 20  0.571281
11 21  0.569413
11 22  0.586639
11 23  0.359269
11 24  0.583709
11 25  0.569260
11 26  0.590366
12 13  0.579763
12 14  0.557702
12 15  0.556617
12 16  0.559119
12 17  0.528924
12 18  0.570829
12 19  0.573276
12 20  0.529295
12 21  0.529185
12 22  0.567325
12 23  0.590502
12 24  0.583006
12 25  0.586412
12 26  0.355795
13 14  0.521370
13 15  0.521228
13 16  0.551389
13 17  0.545693
13 18  0.562763
13 19  0.565803
13 20  0.562088
13 21  0.560477
13 22  0.556680
13 23  0.582439
13 24  0.348265
13 25  0.558965
13 26  0.581629
14 15  0.524105
14 16  0.524926
14 17  0.525681
14 18  0.541368
14 19  0.543803
14 20  0.540531
14 21  0.538653
14 22  0.554105
14 23  0.559491
14 24  0.530789
14 25  0.531973
14 26  0.559526
15 16  0.530029
15 17  0.523017
15 18  0.541813
15 19  0.544257
15 20  0.540725
15 21  0.538515
15 22  0.530149
15 23  0.561471
15 24  0.530103
15 25  0.555535
15 26  0.557312
16 17  0.526585
16 18  0.537575
16 19  0.538692
16 20  0.541340
16 21  0.539447
16 22  0.557181
16 23  0.540917
16 24  0.552732
16 25  0.534934
16 26  0.560387
17 18  0.538325
17 19  0.540763
17 20  0.531720
17 21  0.531031
17 22  0.530242
17 23  0.557975
17 24  0.547666
17 25  0.553975
17 26  0.535537
18 19  0.507768
18 20  0.553057
18 21  0.551167
18 22  0.568900
18 23  0.544019
18 24  0.565919
18 25  0.566073
18 26  0.572112
19 20  0.555494
19 21  0.553603
19 22  0.571364
19 23  0.545835
19 24  0.568607
19 25  0.569683
19 26  0.574550
20 21  0.502558
20 22  0.565261
20 23  0.572729
20 24  0.565233
20 25  0.569005
20 26  0.541761
21 22  0.562587
21 23  0.570835
21 24  0.563374
21 25  0.567118
21 26  0.538954
22 23  0.588426
22 24  0.568031
22 25  0.582241
22 26  0.577523
23 24  0.583863
23 25  0.579016
23 26  0.591776
24 25  0.569001
24 26  0.583346
25 26  0.588050
