   -993.89711508
   -994.20824024
0.00003754280940
2 2 2 2 2 2 2 2 2 2 2 2 2 0 0 0 0 0 0 0 0 0 0 0 0 0 
1  0.267299
2  0.266699
3  0.266755
4  0.261379
5  0.276982
6  0.280403
7  0.277626
8  0.274665
9  0.298903
10  0.299016
11  0.300332
12  0.299132
13  0.294204
14  0.270732
15  0.271372
16  0.271237
17  0.267675
18  0.280295
19  0.282651
20  0.279248
21  0.277406
22  0.299511
23  0.301704
24  0.296764
25  0.300492
26  0.300138
1 2  0.529044
1 3  0.529295
1 4  0.528584
1 5  0.544180
1 6  0.547519
1 7  0.544870
1 8  0.541910
1 9  0.564233
1 10  0.540633
1 11  0.566095
1 12  0.566311
1 13  0.538993
1 14  0.260648
1 15  0.534328
1 16  0.534147
1 17  0.534757
1 18  0.547245
1 19  0.549211
1 20  0.546531
1 21  0.544481
1 22  0.566136
1 23  0.568572
1 24  0.534691
1 25  0.535794
1 26  0.566774
2 3  0.533277
2 4  0.525747
2 5  0.543656
2 6  0.547086
2 7  0.544194
2 8  0.540965
2 9  0.539503
2 10  0.563548
2 11  0.567005
2 12  0.563351
2 13  0.537232
2 14  0.533336
2 15  0.262498
2 16  0.537109
2 17  0.533723
2 18  0.546991
2 19  0.549330
2 20  0.545372
2 21  0.542674
2 22  0.534435
2 23  0.568157
2 24  0.532661
2 25  0.566582
2 26  0.565107
3 4  0.528106
3 5  0.539818
3 6  0.541210
3 7  0.544381
3 8  0.541420
3 9  0.565616
3 10  0.542498
3 11  0.547213
3 12  0.565877
3 13  0.559351
3 14  0.532955
3 15  0.537248
3 16  0.254423
3 17  0.534422
3 18  0.546086
3 19  0.545804
3 20  0.545990
3 21  0.544142
3 22  0.566011
3 23  0.541179
3 24  0.562942
3 25  0.537055
3 26  0.566868
4 5  0.538355
4 6  0.541779
4 7  0.533297
4 8  0.532120
4 9  0.537569
4 10  0.560120
4 11  0.561684
4 12  0.541169
4 13  0.552552
4 14  0.531777
4 15  0.532123
4 16  0.532613
4 17  0.250124
4 18  0.541543
4 19  0.543992
4 20  0.537301
4 21  0.537838
4 22  0.531523
4 23  0.562836
4 24  0.556036
4 25  0.560683
4 26  0.534447
5 6  0.509883
5 7  0.554607
5 8  0.551646
5 9  0.575831
5 10  0.572214
5 11  0.547553
5 12  0.576112
5 13  0.570909
5 14  0.547388
5 15  0.548351
5 16  0.547129
5 17  0.544540
5 18  0.276160
5 19  0.506853
5 20  0.556219
5 21  0.554387
5 22  0.576307
5 23  0.539494
5 24  0.572814
5 25  0.576073
5 26  0.577093
6 7  0.558028
6 8  0.555068
6 9  0.579286
6 10  0.577193
6 11  0.549594
6 12  0.579535
6 13  0.574544
6 14  0.550381
6 15  0.551742
6 16  0.547654
6 17  0.548054
6 18  0.507258
6 19  0.278379
6 20  0.559649
6 21  0.557809
6 22  0.579904
6 23  0.542358
6 24  0.576830
6 25  0.580237
6 26  0.580531
7 8  0.505393
7 9  0.574328
7 10  0.576602
7 11  0.577957
7 12  0.546463
7 13  0.571671
7 14  0.548346
7 15  0.548647
7 16  0.548851
7 17  0.541092
7 18  0.557901
7 19  0.560273
7 20  0.275262
7 21  0.502019
7 22  0.576517
7 23  0.579269
7 24  0.573650
7 25  0.577972
7 26  0.538937
8 9  0.569881
8 10  0.573644
8 11  0.574995
8 12  0.543544
8 13  0.568801
8 14  0.545189
8 15  0.544635
8 16  0.545882
8 17  0.541173
8 18  0.554954
8 19  0.557316
8 20  0.502476
8 21  0.275142
8 22  0.572964
8 23  0.576337
8 24  0.570806
8 25  0.575151
8 26  0.534937
9 10  0.595385
9 11  0.599079
9 12  0.587042
9 13  0.578569
9 14  0.569005
9 15  0.538119
9 16  0.569927
9 17  0.537001
9 18  0.578975
9 19  0.581528
9 20  0.577612
9 21  0.574591
9 22  0.363066
9 23  0.599956
9 24  0.573077
9 25  0.598499
9 26  0.580050
10 11  0.588251
10 12  0.598122
10 13  0.579254
10 14  0.538256
10 15  0.569670
10 16  0.539332
10 17  0.565620
10 18  0.577709
10 19  0.581044
10 20  0.578180
10 21  0.576416
10 22  0.597736
10 23  0.582015
10 24  0.573752
10 25  0.365894
10 26  0.598732
11 12  0.599456
11 13  0.592777
11 14  0.570559
11 15  0.571489
11 16  0.544916
11 17  0.567758
11 18  0.541687
11 19  0.541950
11 20  0.579541
11 21  0.577727
11 22  0.599214
11 23  0.370102
11 24  0.596341
11 25  0.581365
11 26  0.600452
12 13  0.592440
12 14  0.569117
12 15  0.568412
12 16  0.570337
12 17  0.540221
12 18  0.579411
12 19  0.581775
12 20  0.537548
12 21  0.537480
12 22  0.579487
12 23  0.600830
12 24  0.595731
12 25  0.599278
12 26  0.366798
13 14  0.534940
13 15  0.535118
13 16  0.564897
13 17  0.559565
13 18  0.573623
13 19  0.576531
13 20  0.572747
13 21  0.571180
13 22  0.571286
13 23  0.595136
13 24  0.364233
13 25  0.573351
13 26  0.594185
14 15  0.536571
14 16  0.536868
14 17  0.538254
14 18  0.550892
14 19  0.553267
14 20  0.549932
14 21  0.548102
14 22  0.567421
14 23  0.570428
14 24  0.544235
14 25  0.545238
14 26  0.570771
15 16  0.542498
15 17  0.535552
15 18  0.551634
15 19  0.554001
15 20  0.550385
15 21  0.548184
15 22  0.543799
15 23  0.573028
15 24  0.543679
15 25  0.569110
15 26  0.568526
16 17  0.538879
16 18  0.546377
16 19  0.547388
16 20  0.550485
16 21  0.548641
16 22  0.570693
16 23  0.551513
16 24  0.565726
16 25  0.548017
16 26  0.571363
17 18  0.547958
17 19  0.550320
17 20  0.540762
17 21  0.540168
17 22  0.543398
17 23  0.569334
17 24  0.561002
17 25  0.567764
17 26  0.546382
18 19  0.514590
18 20  0.559542
18 21  0.557701
18 22  0.579741
18 23  0.551918
18 24  0.576702
18 25  0.576462
18 26  0.580430
19 20  0.561899
19 21  0.560057
19 22  0.582135
19 23  0.553742
19 24  0.579314
19 25  0.580033
19 26  0.582788
20 21  0.509226
20 22  0.575648
20 23  0.580951
20 24  0.575888
20 25  0.579714
20 26  0.549673
21 22  0.572917
21 23  0.579108
21 24  0.574077
21 25  0.577881
21 26  0.546805
22 23  0.601015
22 24  0.582364
22 25  0.597100
22 26  0.589483
23 24  0.596311
23 25  0.591035
23 26  0.601833
24 25  0.583343
24 26  0.595663
25 26  0.600597
