   -993.89711508
   -994.20934400
0.00001266998640
2 2 2 2 2 2 2 2 2 2 2 2 2 0 0 0 0 0 0 0 0 0 0 0 0 0 
1  0.270689
2  0.270240
3  0.269547
4  0.264359
5  0.278761
6  0.282029
7  0.279211
8  0.276337
9  0.303179
10  0.303249
11  0.303083
12  0.301702
13  0.298711
14  0.274131
15  0.274989
16  0.274032
17  0.270785
18  0.282174
19  0.284366
20  0.280886
21  0.279188
22  0.303643
23  0.304309
24  0.301182
25  0.304537
26  0.302672
1 2  0.535629
1 3  0.535207
1 4  0.534933
1 5  0.549328
1 6  0.552516
1 7  0.549823
1 8  0.546954
1 9  0.571720
1 10  0.548198
1 11  0.572094
1 12  0.572247
1 13  0.546648
1 14  0.266850
1 15  0.541197
1 16  0.540239
1 17  0.541218
1 18  0.552473
1 19  0.554226
1 20  0.551547
1 21  0.549623
1 22  0.573604
1 23  0.574527
1 24  0.542482
1 25  0.543249
1 26  0.572638
2 3  0.539591
2 4  0.532115
2 5  0.548963
2 6  0.552247
2 7  0.549290
2 8  0.546112
2 9  0.547035
2 10  0.571121
2 11  0.573289
2 12  0.569205
2 13  0.545184
2 14  0.540197
2 15  0.268988
2 16  0.543347
2 17  0.540296
2 18  0.552408
2 19  0.554587
2 20  0.550514
2 21  0.547839
2 22  0.542082
2 23  0.574276
2 24  0.540616
2 25  0.574103
2 26  0.571160
3 4  0.533868
3 5  0.544203
3 6  0.545365
3 7  0.548757
3 8  0.545883
3 9  0.572674
3 10  0.549339
3 11  0.552493
3 12  0.571237
3 13  0.566503
3 14  0.539049
3 15  0.543540
3 16  0.259436
3 17  0.540323
3 18  0.550684
3 19  0.550192
3 20  0.550418
3 21  0.548703
3 22  0.572894
3 23  0.546572
3 24  0.570105
3 25  0.543901
3 26  0.572191
4 5  0.543106
4 6  0.546382
4 7  0.537586
4 8  0.536582
4 9  0.544615
4 10  0.567286
4 11  0.567395
4 12  0.546466
4 13  0.559757
4 14  0.538122
4 15  0.538652
4 16  0.538386
4 17  0.255564
4 18  0.546353
4 19  0.548675
4 20  0.541820
4 21  0.542531
4 22  0.538578
4 23  0.568386
4 24  0.563372
4 25  0.567677
4 26  0.539939
5 6  0.513503
5 7  0.557970
5 8  0.555097
5 9  0.581854
5 10  0.577946
5 11  0.551978
5 12  0.580460
5 13  0.577149
5 14  0.552537
5 15  0.553746
5 16  0.551636
5 17  0.549374
5 18  0.279656
5 19  0.510570
5 20  0.559630
5 21  0.557949
5 22  0.582202
5 23  0.543826
5 24  0.578977
5 25  0.581858
5 26  0.581395
6 7  0.561239
6 8  0.558366
6 9  0.585173
6 10  0.582863
6 11  0.553956
6 12  0.583731
6 13  0.580665
6 14  0.555312
6 15  0.556986
6 16  0.552007
6 17  0.552779
6 18  0.510981
6 19  0.281587
6 20  0.562913
6 21  0.561217
6 22  0.585664
6 23  0.546578
6 24  0.582835
6 25  0.585860
6 26  0.584683
7 8  0.508867
7 9  0.580014
7 10  0.582405
7 11  0.582290
7 12  0.550602
7 13  0.577738
7 14  0.553331
7 15  0.553816
7 16  0.553220
7 17  0.545737
7 18  0.561347
7 19  0.563569
7 20  0.278477
7 21  0.505611
7 22  0.582186
7 23  0.583425
7 24  0.579582
7 25  0.583602
7 26  0.543039
8 9  0.575587
8 10  0.579534
8 11  0.579416
8 12  0.547694
8 13  0.574961
8 14  0.550252
8 15  0.549863
8 16  0.550340
8 17  0.545890
8 18  0.558499
8 19  0.560703
8 20  0.505994
8 21  0.278517
8 22  0.578731
8 23  0.580591
8 24  0.576893
8 25  0.580869
8 26  0.539086
9 10  0.603580
9 11  0.606079
9 12  0.593504
9 13  0.586931
9 14  0.576622
9 15  0.545929
9 16  0.576967
9 17  0.544318
9 18  0.585110
9 19  0.587524
9 20  0.583473
9 21  0.580598
9 22  0.371093
9 23  0.606828
9 24  0.581480
9 25  0.606785
9 26  0.586667
10 11  0.594795
10 12  0.604921
10 13  0.587553
10 14  0.545876
10 15  0.577454
10 16  0.546286
10 17  0.572912
10 18  0.583762
10 19  0.586935
10 20  0.584043
10 21  0.582428
10 22  0.606069
10 23  0.588627
10 24  0.582158
10 25  0.373743
10 26  0.605454
11 12  0.604773
11 13  0.599794
11 14  0.576654
11 15  0.577821
11 16  0.550385
11 17  0.573556
11 18  0.546273
11 19  0.546388
11 20  0.583913
11 21  0.582248
11 22  0.606033
11 23  0.375255
11 24  0.603506
11 25  0.587950
11 26  0.605739
12 13  0.599396
12 14  0.575037
12 15  0.574566
12 16  0.575706
12 17  0.545836
12 18  0.583851
12 19  0.586054
12 20  0.541722
12 21  0.541789
12 22  0.586004
12 23  0.606003
12 24  0.602689
12 25  0.605849
12 26  0.371755
13 14  0.542769
13 15  0.543223
13 16  0.572139
13 17  0.567117
13 18  0.579953
13 19  0.582714
13 20  0.578826
13 21  0.577456
13 22  0.579684
13 23  0.602244
13 24  0.372748
13 25  0.581620
13 26  0.601194
14 15  0.543306
14 16  0.542798
14 17  0.544738
14 18  0.556148
14 19  0.558369
14 20  0.554957
14 21  0.553275
14 22  0.574762
14 23  0.576258
14 24  0.551939
14 25  0.552519
14 26  0.576691
15 16  0.548899
15 17  0.542096
15 18  0.557114
15 19  0.559330
15 20  0.555599
15 21  0.553498
15 22  0.551372
15 23  0.579241
15 24  0.551520
15 25  0.576548
15 26  0.574467
16 17  0.544770
16 18  0.550843
16 19  0.551668
16 20  0.554917
16 21  0.553217
16 22  0.577613
16 23  0.556746
16 24  0.572746
16 25  0.554707
16 26  0.576691
17 18  0.552935
17 19  0.555138
17 20  0.545294
17 21  0.544858
17 22  0.550349
17 23  0.575025
17 24  0.568231
17 25  0.574868
17 26  0.551877
18 19  0.518398
18 20  0.563059
18 21  0.561362
18 22  0.585721
18 23  0.556235
18 24  0.582953
18 25  0.582128
18 26  0.584841
19 20  0.565251
19 21  0.563554
19 22  0.587965
19 23  0.558001
19 24  0.585430
19 25  0.585592
19 26  0.587036
20 21  0.512867
20 22  0.581186
20 23  0.585192
20 24  0.581928
20 25  0.585390
20 26  0.553791
21 22  0.578577
21 23  0.583493
21 24  0.580257
21 25  0.583695
21 26  0.550965
22 23  0.607728
22 24  0.590533
22 25  0.604986
22 26  0.595818
23 24  0.603103
23 25  0.597360
23 26  0.606967
24 25  0.591408
24 26  0.602461
25 26  0.607167
