   -993.89711508
   -994.20968071
0.00000003691293
2 2 2 2 2 2 2 2 2 2 2 2 2 0 0 0 0 0 0 0 0 0 0 0 0 0 
1  0.271861
2  0.271445
3  0.270389
4  0.265367
5  0.279327
6  0.282494
7  0.279737
8  0.276895
9  0.304532
10  0.304581
11  0.303888
12  0.302493
13  0.300181
14  0.275357
15  0.276243
16  0.274916
17  0.271828
18  0.282755
19  0.284843
20  0.281408
21  0.279744
22  0.304965
23  0.305107
24  0.302616
25  0.305823
26  0.303428
1 2  0.537940
1 3  0.537160
1 4  0.537108
1 5  0.551061
1 6  0.554143
1 7  0.551488
1 8  0.548673
1 9  0.574163
1 10  0.550676
1 11  0.574005
1 12  0.574201
1 13  0.549232
1 14  0.269186
1 15  0.543629
1 16  0.542302
1 17  0.543431
1 18  0.554227
1 19  0.555805
1 20  0.553228
1 21  0.551332
1 22  0.576075
1 23  0.576472
1 24  0.545072
1 25  0.545699
1 26  0.574522
2 3  0.541622
2 4  0.534259
2 5  0.550724
2 6  0.553918
2 7  0.551017
2 8  0.547843
2 9  0.549519
2 10  0.573568
2 11  0.575296
2 12  0.571136
2 13  0.547823
2 14  0.542633
2 15  0.271328
2 16  0.545334
2 17  0.542511
2 18  0.554194
2 19  0.556270
2 20  0.552240
2 21  0.549561
2 22  0.544579
2 23  0.576273
2 24  0.543237
2 25  0.576561
2 26  0.573124
3 4  0.535707
3 5  0.545558
3 6  0.546647
3 7  0.550124
3 8  0.547283
3 9  0.574865
3 10  0.551455
3 11  0.554098
3 12  0.572870
3 13  0.568744
3 14  0.541123
3 15  0.545537
3 16  0.261100
3 17  0.542208
3 18  0.552087
3 19  0.551515
3 20  0.551777
3 21  0.550082
3 22  0.575057
3 23  0.548203
3 24  0.572355
3 25  0.546026
3 26  0.573795
4 5  0.544671
4 6  0.547849
4 7  0.539094
4 8  0.538088
4 9  0.546892
4 10  0.569605
4 11  0.569195
4 12  0.548221
4 13  0.562156
4 14  0.540353
4 15  0.540879
4 16  0.540279
4 17  0.257470
4 18  0.547892
4 19  0.550153
4 20  0.543354
4 21  0.544074
4 22  0.540884
4 23  0.570199
4 24  0.565825
4 25  0.569924
4 26  0.541691
5 6  0.514602
5 7  0.559060
5 8  0.556220
5 9  0.583759
5 10  0.579788
5 11  0.553336
5 12  0.581815
5 13  0.579170
5 14  0.554327
5 15  0.555566
5 16  0.553063
5 17  0.550939
5 18  0.280839
5 19  0.511690
5 20  0.560707
5 21  0.559069
5 22  0.584090
5 23  0.545198
5 24  0.580957
5 25  0.583707
5 26  0.582703
6 7  0.562228
6 8  0.559388
6 9  0.586982
6 10  0.584599
6 11  0.555259
6 12  0.584986
6 13  0.582594
6 14  0.556935
6 15  0.558709
6 16  0.553357
6 17  0.554281
6 18  0.512108
6 19  0.282594
6 20  0.563900
6 21  0.562236
6 22  0.587453
6 23  0.547859
6 24  0.584728
6 25  0.587590
6 26  0.585894
7 8  0.510030
7 9  0.581842
7 10  0.584255
7 11  0.583622
7 12  0.551953
7 13  0.579725
7 14  0.555081
7 15  0.555602
7 16  0.554625
7 17  0.547311
7 18  0.562437
7 19  0.564572
7 20  0.279628
7 21  0.506773
7 22  0.584015
7 23  0.584723
7 24  0.581498
7 25  0.585413
7 26  0.544347
8 9  0.577446
8 10  0.581409
8 11  0.580778
8 12  0.549044
8 13  0.576985
8 14  0.552022
8 15  0.551624
8 16  0.551770
8 17  0.547466
8 18  0.559632
8 19  0.561738
8 20  0.507151
8 21  0.279688
8 22  0.580610
8 23  0.581932
8 24  0.578881
8 25  0.582713
8 26  0.540415
9 10  0.606179
9 11  0.608235
9 12  0.595545
9 13  0.589596
9 14  0.579171
9 15  0.548506
9 16  0.579197
9 17  0.546673
9 18  0.587040
9 19  0.589358
9 20  0.585329
9 21  0.582504
9 22  0.373875
9 23  0.608955
9 24  0.584146
9 25  0.609425
9 26  0.588720
10 11  0.596817
10 12  0.607040
10 13  0.590207
10 14  0.548413
10 15  0.580009
10 16  0.548468
10 17  0.575248
10 18  0.585668
10 19  0.588723
10 20  0.585896
10 21  0.584312
10 22  0.608721
10 23  0.590692
10 24  0.584843
10 25  0.376463
10 26  0.607541
11 12  0.606367
11 13  0.601998
11 14  0.578663
11 15  0.579874
11 16  0.552066
11 17  0.575399
11 18  0.547665
11 19  0.547687
11 20  0.585224
11 21  0.583597
11 22  0.608138
11 23  0.376986
11 24  0.605751
11 25  0.589991
11 26  0.607298
12 13  0.601602
12 14  0.576994
12 15  0.576620
12 16  0.577386
12 17  0.547666
12 18  0.585214
12 19  0.587313
12 20  0.543058
12 21  0.543146
12 22  0.588050
12 23  0.607593
12 24  0.604896
12 25  0.607922
12 26  0.373460
13 14  0.545437
13 15  0.545912
13 16  0.574464
13 17  0.569639
13 18  0.581981
13 19  0.584657
13 20  0.580778
13 21  0.579476
13 22  0.582376
13 23  0.604518
13 24  0.375799
13 25  0.584280
13 26  0.603404
14 15  0.545722
14 16  0.544849
14 17  0.547001
14 18  0.557947
14 19  0.560066
14 20  0.556687
14 21  0.555051
14 22  0.577220
14 23  0.578202
14 24  0.554563
14 25  0.554982
14 26  0.578664
15 16  0.551029
15 17  0.544309
15 18  0.558938
15 19  0.561062
15 20  0.557366
15 21  0.555270
15 22  0.553896
15 23  0.581290
15 24  0.554151
15 25  0.578977
15 26  0.576421
16 17  0.546689
16 18  0.552265
16 19  0.553008
16 20  0.556322
16 21  0.554658
16 22  0.579813
16 23  0.558397
16 24  0.574976
16 25  0.556833
16 26  0.578332
17 18  0.554550
17 19  0.556652
17 20  0.546831
17 21  0.546409
17 22  0.552606
17 23  0.576856
17 24  0.570624
17 25  0.577173
17 26  0.553647
18 19  0.519534
18 20  0.564161
18 21  0.562497
18 22  0.587610
18 23  0.557588
18 24  0.584955
18 25  0.583932
18 26  0.586176
19 20  0.566249
19 21  0.564586
19 22  0.589755
19 23  0.559298
19 24  0.587334
19 25  0.587284
19 26  0.588268
20 21  0.514029
20 22  0.582957
20 23  0.586512
20 24  0.583873
20 25  0.587196
20 26  0.555096
21 22  0.580395
21 23  0.584846
21 24  0.582239
21 25  0.585524
21 26  0.552263
22 23  0.609849
22 24  0.593152
22 25  0.607506
22 26  0.597810
23 24  0.605269
23 25  0.599351
23 26  0.608517
24 25  0.593997
24 26  0.604591
25 26  0.609204
