  -1146.53359167
  -1146.89528080
0.00006252194390
2 2 2 2 2 2 2 2 2 2 2 2 2 2 2 0 0 0 0 0 0 0 0 0 0 0 0 0 0 0 
1  0.262801
2  0.275385
3  0.284828
4  0.269742
5  0.266075
6  0.267290
7  0.280836
8  0.277105
9  0.298325
10  0.310447
11  0.304833
12  0.300542
13  0.299665
14  0.299000
15  0.294437
16  0.271885
17  0.278922
18  0.285588
19  0.274527
20  0.269629
21  0.271940
22  0.283150
23  0.280282
24  0.311097
25  0.305421
26  0.301604
27  0.296946
28  0.299939
29  0.300326
30  0.300841
1 2  0.537472
1 3  0.546421
1 4  0.530541
1 5  0.528777
1 6  0.530062
1 7  0.543634
1 8  0.539900
1 9  0.544533
1 10  0.551231
1 11  0.563883
1 12  0.563315
1 13  0.559168
1 14  0.561471
1 15  0.554514
1 16  0.249310
1 17  0.541620
1 18  0.547220
1 19  0.536705
1 20  0.532235
1 21  0.534727
1 22  0.545913
1 23  0.542934
1 24  0.548896
1 25  0.561820
1 26  0.564082
1 27  0.557042
1 28  0.548114
1 29  0.561927
1 30  0.559759
2 3  0.516283
2 4  0.545065
2 5  0.541452
2 6  0.542674
2 7  0.556221
2 8  0.552489
2 9  0.565067
2 10  0.585131
2 11  0.564689
2 12  0.575926
2 13  0.568349
2 14  0.574382
2 15  0.569816
2 16  0.547127
2 17  0.266502
2 18  0.512840
2 19  0.549511
2 20  0.544951
2 21  0.547320
2 22  0.558535
2 23  0.555665
2 24  0.586140
2 25  0.554233
2 26  0.576979
2 27  0.572111
2 28  0.573783
2 29  0.575708
2 30  0.573188
3 4  0.554558
3 5  0.550894
3 6  0.552117
3 7  0.565664
3 8  0.561932
3 9  0.575770
3 10  0.594884
3 11  0.566616
3 12  0.585369
3 13  0.580330
3 14  0.583824
3 15  0.579247
3 16  0.555153
3 17  0.513219
3 18  0.273842
3 19  0.559258
3 20  0.554453
3 21  0.556765
3 22  0.567976
3 23  0.565104
3 24  0.595755
3 25  0.559197
3 26  0.586415
3 27  0.581559
3 28  0.581891
3 29  0.585114
3 30  0.583690
4 5  0.530755
4 6  0.536857
4 7  0.550561
4 8  0.546818
4 9  0.567852
4 10  0.550254
4 11  0.574237
4 12  0.570251
4 13  0.567641
4 14  0.566466
4 15  0.539792
4 16  0.540790
4 17  0.548174
4 18  0.555125
4 19  0.271378
4 20  0.535428
4 21  0.540892
4 22  0.552873
4 23  0.550017
4 24  0.545196
4 25  0.574832
4 26  0.571092
4 27  0.535980
4 28  0.569518
4 29  0.569463
4 30  0.568258
5 6  0.528676
5 7  0.546727
5 8  0.543081
5 9  0.564388
5 10  0.574192
5 11  0.570894
5 12  0.565107
5 13  0.565604
5 14  0.539940
5 15  0.539315
5 16  0.537838
5 17  0.544914
5 18  0.551652
5 19  0.536597
5 20  0.258223
5 21  0.533518
5 22  0.548471
5 23  0.546016
5 24  0.576494
5 25  0.571309
5 26  0.567241
5 27  0.533998
5 28  0.566006
5 29  0.535290
5 30  0.566229
6 7  0.542147
6 8  0.540451
6 9  0.565613
6 10  0.577684
6 11  0.572119
6 12  0.547858
6 13  0.566944
6 14  0.542717
6 15  0.560220
6 16  0.539146
6 17  0.546205
6 18  0.552872
6 19  0.540943
6 20  0.532377
6 21  0.255244
6 22  0.546823
6 23  0.546600
6 24  0.578105
6 25  0.572709
6 26  0.541833
6 27  0.563685
6 28  0.567227
6 29  0.536800
6 30  0.568098
7 8  0.510398
7 9  0.579161
7 10  0.591259
7 11  0.585669
7 12  0.550376
7 13  0.580501
7 14  0.577566
7 15  0.575214
7 16  0.552698
7 17  0.559759
7 18  0.566424
7 19  0.555337
7 20  0.549687
7 21  0.548826
7 22  0.278535
7 23  0.507803
7 24  0.591922
7 25  0.586253
7 26  0.542676
7 27  0.577457
7 28  0.580773
7 29  0.580479
7 30  0.581675
8 9  0.575429
8 10  0.587486
8 11  0.581937
8 12  0.548066
8 13  0.576768
8 14  0.572251
8 15  0.571273
8 16  0.548855
8 17  0.556027
8 18  0.562689
8 19  0.551622
8 20  0.546397
8 21  0.547972
8 22  0.507360
8 23  0.276284
8 24  0.587981
8 25  0.582513
8 26  0.539813
8 27  0.573137
8 28  0.577033
8 29  0.575987
8 30  0.577938
9 10  0.605980
9 11  0.577311
9 12  0.598865
9 13  0.561940
9 14  0.597306
9 15  0.592601
9 16  0.556332
9 17  0.575308
9 18  0.581482
9 19  0.572688
9 20  0.567949
9 21  0.570263
9 22  0.581470
9 23  0.578589
9 24  0.606908
9 25  0.570869
9 26  0.599888
9 27  0.594814
9 28  0.360847
9 29  0.598517
9 30  0.559362
10 11  0.614359
10 12  0.610805
10 13  0.599186
10 14  0.606477
10 15  0.588519
10 16  0.557369
10 17  0.588869
10 18  0.595952
10 19  0.549576
10 20  0.579263
10 21  0.582157
10 22  0.593570
10 23  0.590480
10 24  0.379905
10 25  0.611610
10 26  0.611318
10 27  0.582205
10 28  0.607902
10 29  0.609791
10 30  0.599710
11 12  0.605372
11 13  0.578099
11 14  0.603826
11 15  0.599092
11 16  0.570259
11 17  0.560204
11 18  0.557934
11 19  0.578931
11 20  0.574295
11 21  0.576771
11 22  0.587979
11 23  0.585105
11 24  0.611870
11 25  0.403367
11 26  0.606426
11 27  0.601737
11 28  0.575064
11 29  0.605006
11 30  0.570700
12 13  0.600199
12 14  0.588224
12 15  0.593286
12 16  0.572089
12 17  0.579460
12 18  0.586116
12 19  0.574814
12 20  0.569686
12 21  0.545681
12 22  0.542840
12 23  0.542027
12 24  0.610920
12 25  0.605946
12 26  0.370480
12 27  0.596739
12 28  0.600453
12 29  0.581287
12 30  0.601382
13 14  0.598626
13 15  0.593570
13 16  0.566247
13 17  0.575275
13 18  0.583080
13 19  0.571549
13 20  0.568555
13 21  0.571560
13 22  0.582813
13 23  0.579945
13 24  0.598846
13 25  0.573142
13 26  0.601265
13 27  0.596156
13 28  0.556666
13 29  0.599868
13 30  0.366778
14 15  0.580278
14 16  0.569743
14 17  0.577920
14 18  0.584567
14 19  0.572894
14 20  0.537559
14 21  0.539722
14 22  0.581509
14 23  0.577675
14 24  0.609101
14 25  0.604240
14 26  0.581652
14 27  0.575047
14 28  0.598844
14 29  0.365729
14 30  0.599676
15 16  0.563204
15 17  0.573201
15 18  0.579770
15 19  0.537345
15 20  0.535457
15 21  0.565844
15 22  0.577270
15 23  0.573864
15 24  0.581307
15 25  0.599782
15 26  0.595308
15 27  0.367016
15 28  0.593917
15 29  0.574269
15 30  0.594997
16 17  0.549903
16 18  0.556064
16 19  0.543487
16 20  0.541339
16 21  0.543792
16 22  0.555028
16 23  0.552154
16 24  0.558608
16 25  0.573411
16 26  0.573443
16 27  0.566006
16 28  0.551788
16 29  0.571778
16 30  0.569356
17 18  0.519406
17 19  0.553330
17 20  0.548540
17 21  0.550861
17 22  0.562072
17 23  0.559204
17 24  0.589169
17 25  0.566625
17 26  0.580526
17 27  0.575851
17 28  0.570128
17 29  0.579246
17 30  0.572452
18 19  0.560088
18 20  0.555206
18 21  0.557528
18 22  0.568738
18 23  0.565869
18 24  0.596121
18 25  0.569115
18 26  0.587192
18 27  0.582520
18 28  0.577768
18 29  0.585910
18 30  0.580754
19 20  0.538481
19 21  0.546360
19 22  0.557652
19 23  0.554767
19 24  0.554827
19 25  0.579467
19 26  0.576069
19 27  0.546444
19 28  0.574154
19 29  0.571767
19 30  0.573145
20 21  0.536578
20 22  0.552669
20 23  0.549783
20 24  0.577684
20 25  0.575032
20 26  0.569190
20 27  0.544127
20 28  0.569557
20 29  0.544577
20 30  0.570378
21 22  0.548539
21 23  0.546977
21 24  0.582966
21 25  0.577357
21 26  0.552062
21 27  0.566832
21 28  0.571877
21 29  0.548093
21 30  0.572769
22 23  0.515037
22 24  0.594213
22 25  0.588571
22 26  0.554182
22 27  0.579993
22 28  0.583089
22 29  0.580377
22 30  0.583990
23 24  0.591294
23 25  0.585701
23 26  0.552078
23 27  0.576866
23 28  0.580220
23 29  0.576221
23 30  0.581121
24 25  0.615385
24 26  0.612459
24 27  0.592697
24 28  0.608562
24 29  0.608079
24 30  0.601045
25 26  0.607023
25 27  0.602127
25 28  0.580672
25 29  0.605741
25 30  0.581480
26 27  0.596487
26 28  0.601542
26 29  0.590649
26 30  0.602438
27 28  0.596721
27 29  0.584258
27 30  0.596856
28 29  0.600254
28 30  0.562278
29 30  0.601135
