  -1146.53359167
  -1146.89688170
0.00002171239770
2 2 2 2 2 2 2 2 2 2 2 2 2 2 2 0 0 0 0 0 0 0 0 0 0 0 0 0 0 0 
1  0.267634
2  0.277968
3  0.287277
4  0.273614
5  0.269604
6  0.270086
7  0.282473
8  0.278901
9  0.302663
10  0.315790
11  0.308667
12  0.303324
13  0.304636
14  0.303356
15  0.299213
16  0.276884
17  0.281695
18  0.288191
19  0.278610
20  0.273170
21  0.274759
22  0.284878
23  0.282179
24  0.316511
25  0.309213
26  0.304230
27  0.301573
28  0.304114
29  0.304482
30  0.305615
1 2  0.544739
1 3  0.553527
1 4  0.539167
1 5  0.537121
1 6  0.537678
1 7  0.550098
1 8  0.546518
1 9  0.552510
1 10  0.561117
1 11  0.572264
1 12  0.570906
1 13  0.568911
1 14  0.570591
1 15  0.563891
1 16  0.257932
1 17  0.549201
1 18  0.554501
1 19  0.545566
1 20  0.540578
1 21  0.542378
1 22  0.552459
1 23  0.549602
1 24  0.559165
1 25  0.570398
1 26  0.571505
1 27  0.566462
1 28  0.556628
1 29  0.570868
1 30  0.569394
2 3  0.521564
2 4  0.551499
2 5  0.547556
2 6  0.548053
2 7  0.560441
2 8  0.556869
2 9  0.571484
2 10  0.592937
2 11  0.570987
2 12  0.581291
2 13  0.575457
2 14  0.581316
2 15  0.577171
2 16  0.554679
2 17  0.271489
2 18  0.518362
2 19  0.556078
2 20  0.551065
2 21  0.552721
2 22  0.562846
2 23  0.560142
2 24  0.594112
2 25  0.560618
2 26  0.582182
2 27  0.579269
2 28  0.580413
2 29  0.582446
2 30  0.580444
3 4  0.560874
3 5  0.556865
3 6  0.557363
3 7  0.569750
3 8  0.566178
3 9  0.582218
3 10  0.602600
3 11  0.572593
3 12  0.590600
3 13  0.587513
3 14  0.590625
3 15  0.586467
3 16  0.562523
3 17  0.518795
3 18  0.278656
3 19  0.565763
3 20  0.560444
3 21  0.562033
3 22  0.572153
3 23  0.569445
3 24  0.603600
3 25  0.565421
3 26  0.591481
3 27  0.588598
3 28  0.588439
3 29  0.591707
3 30  0.590822
4 5  0.537818
4 6  0.543506
4 7  0.556065
4 8  0.552472
4 9  0.576025
4 10  0.559280
4 11  0.581869
4 12  0.576898
4 13  0.576275
4 14  0.574459
4 15  0.548355
4 16  0.549607
4 17  0.554717
4 18  0.561558
4 19  0.278767
4 20  0.542773
4 21  0.547477
4 22  0.558476
4 23  0.555784
4 24  0.554555
4 25  0.582489
4 26  0.577563
4 27  0.544557
4 28  0.577520
4 29  0.577419
4 30  0.576852
5 6  0.534735
5 7  0.551872
5 8  0.548385
5 9  0.572248
5 10  0.582846
5 11  0.578253
5 12  0.571279
5 13  0.574075
5 14  0.547783
5 15  0.547357
5 16  0.546333
5 17  0.551183
5 18  0.557781
5 19  0.544091
5 20  0.264742
5 21  0.539773
5 22  0.553635
5 23  0.551400
5 24  0.585367
5 25  0.578607
5 26  0.573355
5 27  0.542125
5 28  0.573711
5 29  0.543023
5 30  0.574413
6 7  0.546314
6 8  0.544856
6 9  0.572746
6 10  0.585815
6 11  0.578749
6 12  0.553172
6 13  0.574710
6 14  0.549705
6 15  0.567649
6 16  0.546939
6 17  0.551767
6 18  0.558269
6 19  0.547719
6 20  0.538626
6 21  0.260299
6 22  0.551227
6 23  0.551219
6 24  0.586278
6 25  0.579292
6 26  0.547257
6 27  0.571063
6 28  0.574198
6 29  0.543773
6 30  0.575667
7 8  0.514049
7 9  0.585135
7 10  0.598220
7 11  0.591140
7 12  0.554785
7 13  0.587109
7 14  0.583366
7 15  0.581616
7 16  0.559325
7 17  0.564168
7 18  0.570664
7 19  0.561058
7 20  0.554771
7 21  0.553214
7 22  0.281777
7 23  0.511561
7 24  0.598975
7 25  0.591677
7 26  0.546930
7 27  0.583684
7 28  0.586583
7 29  0.586223
7 30  0.588079
8 9  0.581563
8 10  0.594586
8 11  0.587566
8 12  0.552541
8 13  0.583535
8 14  0.578117
8 15  0.577800
8 16  0.555596
8 17  0.560595
8 18  0.567086
8 19  0.557504
8 20  0.551704
8 21  0.552520
8 22  0.511112
8 23  0.279829
8 24  0.595173
8 25  0.588093
8 26  0.544186
8 27  0.579534
8 28  0.582993
8 29  0.581899
8 30  0.584505
9 10  0.615552
9 11  0.585371
9 12  0.605983
9 13  0.571272
9 14  0.605995
9 15  0.601680
9 16  0.565161
9 17  0.582246
9 18  0.588302
9 19  0.581065
9 20  0.575828
9 21  0.577418
9 22  0.587532
9 23  0.584805
9 24  0.616610
9 25  0.578945
9 26  0.606822
9 27  0.603764
9 28  0.368458
9 29  0.606978
9 30  0.568499
10 11  0.623433
10 12  0.618898
10 13  0.608891
10 14  0.615828
10 15  0.598271
10 16  0.567687
10 17  0.596994
10 18  0.603881
10 19  0.559006
10 20  0.588092
10 21  0.590283
10 22  0.600647
10 23  0.597691
10 24  0.390181
10 25  0.620690
10 26  0.619277
10 27  0.591913
10 28  0.617385
10 29  0.619266
10 30  0.609654
11 12  0.611987
11 13  0.586195
11 14  0.612014
11 15  0.607665
11 16  0.579014
11 17  0.566808
11 18  0.564329
11 19  0.586830
11 20  0.581660
11 21  0.583425
11 22  0.593537
11 23  0.590826
11 24  0.621040
11 25  0.410579
11 26  0.612878
11 27  0.610195
11 28  0.582904
11 29  0.612959
11 30  0.578856
12 13  0.607950
12 14  0.594925
12 15  0.600608
12 16  0.579809
12 17  0.585005
12 18  0.591490
12 19  0.581644
12 20  0.575954
12 21  0.551211
12 22  0.547326
12 23  0.546667
12 24  0.619055
12 25  0.612522
12 26  0.375707
12 27  0.604148
12 28  0.607390
12 29  0.588018
12 30  0.608938
13 14  0.607944
13 15  0.603184
13 16  0.576218
13 17  0.582870
13 18  0.590548
13 19  0.580586
13 20  0.576992
13 21  0.579355
13 22  0.589510
13 23  0.586813
13 24  0.609076
13 25  0.581346
13 26  0.608857
13 27  0.605707
13 28  0.565834
13 29  0.608982
13 30  0.375781
14 15  0.588962
14 16  0.579078
14 17  0.585048
14 18  0.591516
14 19  0.581263
14 20  0.545473
14 21  0.546838
14 22  0.587537
14 23  0.583871
14 24  0.618848
14 25  0.612337
14 26  0.588415
14 27  0.583808
14 28  0.607347
14 29  0.373859
14 30  0.608781
15 16  0.572926
15 17  0.580699
15 18  0.587112
15 19  0.546231
15 20  0.543674
15 21  0.573380
15 22  0.583738
15 23  0.580489
15 24  0.591291
15 25  0.608355
15 26  0.602707
15 27  0.376067
15 28  0.602894
15 29  0.582938
15 30  0.604508
16 17  0.557534
16 18  0.563482
16 19  0.552427
16 20  0.549849
16 21  0.551596
16 22  0.561747
16 23  0.559037
16 24  0.568607
16 25  0.581960
16 26  0.581047
16 27  0.575400
16 28  0.559909
16 29  0.580860
16 30  0.579094
17 18  0.525048
17 19  0.560161
17 20  0.554850
17 21  0.556452
17 22  0.566573
17 23  0.563873
17 24  0.597231
17 25  0.572996
17 26  0.585924
17 27  0.583244
17 28  0.576589
17 29  0.586171
17 30  0.579565
18 19  0.566765
18 20  0.561347
18 21  0.562950
18 22  0.573069
18 23  0.570369
18 24  0.604055
18 25  0.575207
18 26  0.592421
18 27  0.589748
18 28  0.584197
18 29  0.592665
18 30  0.587757
19 20  0.545838
19 21  0.553254
19 22  0.563461
19 23  0.560729
19 24  0.564135
19 25  0.587263
19 26  0.582768
19 27  0.555053
19 28  0.582372
19 29  0.579756
19 30  0.581742
20 21  0.542671
20 22  0.557926
20 23  0.555199
20 24  0.586442
20 25  0.582358
20 26  0.575184
20 27  0.552156
20 28  0.577268
20 29  0.552135
20 30  0.578685
21 22  0.552854
21 23  0.551480
21 24  0.591192
21 25  0.583967
21 26  0.557345
21 27  0.574106
21 28  0.578869
21 29  0.554923
21 30  0.580361
22 23  0.518881
22 24  0.601334
22 25  0.594090
22 26  0.558478
22 27  0.586334
22 28  0.588991
22 29  0.586063
22 30  0.590492
23 24  0.598566
23 25  0.591389
23 26  0.556439
23 27  0.583346
23 28  0.586291
23 29  0.582010
23 30  0.587789
24 25  0.624478
24 26  0.620471
24 27  0.602436
24 28  0.618025
24 29  0.617302
24 30  0.610529
25 26  0.613437
25 27  0.610492
25 28  0.588462
25 29  0.613688
25 30  0.589556
26 27  0.603514
26 28  0.608339
26 29  0.597113
26 30  0.609834
27 28  0.605496
27 29  0.592658
27 30  0.606075
28 29  0.608580
28 30  0.571355
29 30  0.610057
