  -1146.53359167
  -1146.89730817
0.00000464168285
2 2 2 2 2 2 2 2 2 2 2 2 2 2 2 0 0 0 0 0 0 0 0 0 0 0 0 0 0 0 
1  0.268999
2  0.278698
3  0.288021
4  0.274804
5  0.270633
6  0.270759
7  0.282842
8  0.279349
9  0.303733
10  0.317374
11  0.309665
12  0.303978
13  0.305891
14  0.304475
15  0.300529
16  0.278363
17  0.282448
18  0.288926
19  0.279850
20  0.274196
21  0.275461
22  0.285253
23  0.282637
24  0.318059
25  0.310239
26  0.304879
27  0.302850
28  0.305157
29  0.305530
30  0.306870
1 2  0.546789
1 3  0.555576
1 4  0.541688
1 5  0.539510
1 6  0.539712
1 7  0.551828
1 8  0.548325
1 9  0.554604
1 10  0.563974
1 11  0.574562
1 12  0.572921
1 13  0.571521
1 14  0.573054
1 15  0.566503
1 16  0.260534
1 17  0.551312
1 18  0.556579
1 19  0.548146
1 20  0.542969
1 21  0.544446
1 22  0.554195
1 23  0.551392
1 24  0.562076
1 25  0.572776
1 26  0.573519
1 27  0.569122
1 28  0.558942
1 29  0.573242
1 30  0.572009
2 3  0.523113
2 4  0.553406
2 5  0.549311
2 6  0.549456
2 7  0.561540
2 8  0.558047
2 9  0.573179
2 10  0.595198
2 11  0.572703
2 12  0.582676
2 13  0.577340
2 14  0.583162
2 15  0.579213
2 16  0.556880
2 17  0.272988
2 18  0.519931
2 19  0.557979
2 20  0.552811
2 21  0.554148
2 22  0.563950
2 23  0.561329
2 24  0.596367
2 25  0.562388
2 26  0.583552
2 27  0.581247
2 28  0.582155
2 29  0.584226
2 30  0.582429
3 4  0.562806
3 5  0.558634
3 6  0.558780
3 7  0.570863
3 8  0.567370
3 9  0.584004
3 10  0.604886
3 11  0.574272
3 12  0.591999
3 13  0.589433
3 14  0.592485
3 15  0.588523
3 16  0.564686
3 17  0.520405
3 18  0.280169
3 19  0.567741
3 20  0.562213
3 21  0.563474
3 22  0.573270
3 23  0.570640
3 24  0.605880
3 25  0.567179
3 26  0.592860
3 27  0.590565
3 28  0.590220
3 29  0.593497
3 30  0.592792
4 5  0.539973
4 6  0.545358
4 7  0.557624
4 8  0.554102
4 9  0.578263
4 10  0.561997
4 11  0.584025
4 12  0.578740
4 13  0.578664
4 14  0.576686
4 15  0.550845
4 16  0.552251
4 17  0.556597
4 18  0.563462
4 19  0.281134
4 20  0.544996
4 21  0.549294
4 22  0.560040
4 23  0.557433
4 24  0.557295
4 25  0.584704
4 26  0.579396
4 27  0.547013
4 28  0.579744
4 29  0.579632
4 30  0.579302
5 6  0.536390
5 7  0.553263
5 8  0.549859
5 9  0.574345
5 10  0.585375
5 11  0.580276
5 12  0.572910
5 13  0.576341
5 14  0.549918
5 15  0.549662
5 16  0.548836
5 17  0.552934
5 18  0.559547
5 19  0.546364
5 20  0.266781
5 21  0.541514
5 22  0.554982
5 23  0.552889
5 24  0.587917
5 25  0.580666
5 26  0.575014
5 27  0.544421
5 28  0.575781
5 29  0.545106
5 30  0.576616
6 7  0.547336
6 8  0.545933
6 9  0.574488
6 10  0.588069
6 11  0.580421
6 12  0.554465
6 13  0.576640
6 14  0.551459
6 15  0.569583
6 16  0.549092
6 17  0.553185
6 18  0.559671
6 19  0.549561
6 20  0.540333
6 21  0.261633
6 22  0.552279
6 23  0.552336
6 24  0.588493
6 25  0.580992
6 26  0.548571
6 27  0.572993
6 28  0.575912
6 29  0.545494
6 30  0.577595
7 8  0.514922
7 9  0.586574
7 10  0.600166
7 11  0.592507
7 12  0.555835
7 13  0.588733
7 14  0.584806
7 15  0.583297
7 16  0.561169
7 17  0.565290
7 18  0.571767
7 19  0.562668
7 20  0.556111
7 21  0.554288
7 22  0.282578
7 23  0.512454
7 24  0.600894
7 25  0.593069
7 26  0.547961
7 27  0.585323
7 28  0.587993
7 29  0.587624
7 30  0.589699
8 9  0.583080
8 10  0.596605
8 11  0.589013
8 12  0.553632
8 13  0.585237
8 14  0.579638
8 15  0.579552
8 16  0.557489
8 17  0.561797
8 18  0.568265
8 19  0.559193
8 20  0.553177
8 21  0.553651
8 22  0.511997
8 23  0.280770
8 24  0.597166
8 25  0.589560
8 26  0.545290
8 27  0.581244
8 28  0.584477
8 29  0.583395
8 30  0.586206
9 10  0.618184
9 11  0.587425
9 12  0.607706
9 13  0.573629
9 14  0.608181
9 15  0.604056
9 16  0.567559
9 17  0.584032
9 18  0.590096
9 19  0.583362
9 20  0.577925
9 21  0.579188
9 22  0.588975
9 23  0.586321
9 24  0.619204
9 25  0.581009
9 26  0.608530
9 27  0.606123
9 28  0.370477
9 29  0.609091
9 30  0.570857
10 11  0.625982
10 12  0.621131
10 13  0.611548
10 14  0.618451
10 15  0.601061
10 16  0.570740
10 17  0.599314
10 18  0.606189
10 19  0.561799
10 20  0.590678
10 21  0.592562
10 22  0.602607
10 23  0.599728
10 24  0.393403
10 25  0.623273
10 26  0.621490
10 27  0.594707
10 28  0.619995
10 29  0.621900
10 30  0.612434
11 12  0.613640
11 13  0.588271
11 14  0.614132
11 15  0.609957
11 16  0.581497
11 17  0.568567
11 18  0.566063
11 19  0.589064
11 20  0.583659
11 21  0.585125
11 22  0.594908
11 23  0.592278
11 24  0.623558
11 25  0.412742
11 26  0.614524
11 27  0.612465
11 28  0.584899
11 29  0.615002
11 30  0.580957
12 13  0.609859
12 14  0.596610
12 15  0.602525
12 16  0.581931
12 17  0.586407
12 18  0.592869
12 19  0.583533
12 20  0.577618
12 21  0.552559
12 22  0.548368
12 23  0.547787
12 24  0.621238
12 25  0.614203
12 26  0.377119
12 27  0.606084
12 28  0.609080
12 29  0.589683
12 30  0.610846
13 14  0.610315
13 15  0.605717
13 16  0.578953
13 17  0.584862
13 18  0.592504
13 19  0.583100
13 20  0.579225
13 21  0.581313
13 22  0.591138
13 23  0.588527
13 24  0.611841
13 25  0.583516
13 26  0.610758
13 27  0.608219
13 28  0.568152
13 29  0.611288
13 30  0.378272
14 15  0.591287
14 16  0.581646
14 17  0.586920
14 18  0.593364
14 19  0.583595
14 20  0.547616
14 21  0.548637
14 22  0.589015
14 23  0.585445
14 24  0.621514
14 25  0.614471
14 26  0.590139
14 27  0.586151
14 28  0.609502
14 29  0.376130
14 30  0.611156
15 16  0.575734
15 17  0.582749
15 18  0.589100
15 19  0.548793
15 20  0.545998
15 21  0.575376
15 22  0.585424
15 23  0.582247
15 24  0.594093
15 25  0.610694
15 26  0.604679
15 27  0.378818
15 28  0.605263
15 29  0.585238
15 30  0.607060
16 17  0.559737
16 18  0.565622
16 19  0.555088
16 20  0.552346
16 21  0.553773
16 22  0.563597
16 23  0.560969
16 24  0.571513
16 25  0.584409
16 26  0.583169
16 27  0.578092
16 28  0.562092
16 29  0.583363
16 30  0.581816
17 18  0.526621
17 19  0.562137
17 20  0.556626
17 21  0.557908
17 22  0.567701
17 23  0.565086
17 24  0.599472
17 25  0.574746
17 26  0.587326
17 27  0.585269
17 28  0.578277
17 29  0.587970
17 30  0.581492
18 19  0.568736
18 20  0.563103
18 21  0.564387
18 22  0.574178
18 23  0.571562
18 24  0.606301
18 25  0.576913
18 26  0.593804
18 27  0.591757
18 28  0.585938
18 29  0.594445
18 30  0.589646
19 20  0.548047
19 21  0.555192
19 22  0.565076
19 23  0.562418
19 24  0.566861
19 25  0.589493
19 26  0.584653
19 27  0.557547
19 28  0.584633
19 29  0.581957
19 30  0.584177
20 21  0.544356
20 22  0.559323
20 23  0.556680
20 24  0.588937
20 25  0.584409
20 26  0.576793
20 27  0.554431
20 28  0.579332
20 29  0.554185
20 30  0.580961
21 22  0.553914
21 23  0.552603
21 24  0.593437
21 25  0.585695
21 26  0.558669
21 27  0.576021
21 28  0.580611
21 29  0.556645
21 30  0.582318
22 23  0.519779
22 24  0.603249
22 25  0.595491
22 26  0.559517
22 27  0.587979
22 28  0.590408
22 29  0.587429
22 30  0.592121
23 24  0.600560
23 25  0.592874
23 26  0.557526
23 27  0.585070
23 28  0.587791
23 29  0.583467
23 30  0.589502
24 25  0.627005
24 26  0.622663
24 27  0.605176
24 28  0.620594
24 29  0.619813
24 30  0.613161
25 26  0.615112
25 27  0.612768
25 28  0.590507
25 29  0.615763
25 30  0.591698
26 27  0.605389
26 28  0.610028
26 29  0.598740
26 30  0.611736
27 28  0.607806
27 29  0.594888
27 30  0.608544
28 29  0.610669
28 30  0.573708
29 30  0.612355
