  -1146.53359167
  -1146.89742856
0.00000002564046
2 2 2 2 2 2 2 2 2 2 2 2 2 2 2 0 0 0 0 0 0 0 0 0 0 0 0 0 0 0 
1  0.269504
2  0.278947
3  0.288270
4  0.275254
5  0.271004
6  0.270979
7  0.282965
8  0.279504
9  0.304106
10  0.317962
11  0.310006
12  0.304192
13  0.306332
14  0.304861
15  0.301006
16  0.278896
17  0.282713
18  0.289180
19  0.280324
20  0.274571
21  0.275687
22  0.285380
23  0.282799
24  0.318623
25  0.310582
26  0.305088
27  0.303315
28  0.305517
29  0.305901
30  0.307309
1 2  0.547526
1 3  0.556319
1 4  0.542634
1 5  0.540385
1 6  0.540434
1 7  0.552455
1 8  0.548982
1 9  0.555361
1 10  0.565033
1 11  0.575393
1 12  0.573636
1 13  0.572459
1 14  0.573941
1 15  0.567463
1 16  0.261482
1 17  0.552080
1 18  0.557339
1 19  0.549116
1 20  0.543847
1 21  0.545178
1 22  0.554826
1 23  0.552041
1 24  0.563142
1 25  0.573624
1 26  0.574236
1 27  0.570093
1 28  0.559764
1 29  0.574115
1 30  0.572951
2 3  0.523640
2 4  0.554099
2 5  0.549928
2 6  0.549926
2 7  0.561911
2 8  0.558451
2 9  0.573777
2 10  0.596018
2 11  0.573290
2 12  0.583138
2 13  0.578006
2 14  0.583793
2 15  0.579937
2 16  0.557661
2 17  0.273513
2 18  0.520472
2 19  0.558673
2 20  0.553433
2 21  0.554618
2 22  0.564326
2 23  0.561738
2 24  0.597177
2 25  0.562989
2 26  0.584007
2 27  0.581951
2 28  0.582753
2 29  0.584847
2 30  0.583117
3 4  0.563504
3 5  0.559251
3 6  0.559249
3 7  0.571234
3 8  0.567773
3 9  0.584616
3 10  0.605712
3 11  0.574845
3 12  0.592462
3 13  0.590099
3 14  0.593117
3 15  0.589247
3 16  0.565468
3 17  0.520958
3 18  0.280687
3 19  0.568461
3 20  0.562836
3 21  0.563947
3 22  0.573646
3 23  0.571045
3 24  0.606689
3 25  0.567776
3 26  0.593309
3 27  0.591260
3 28  0.590827
3 29  0.594113
3 30  0.593470
4 5  0.540773
4 6  0.546024
4 7  0.558198
4 8  0.554702
4 9  0.579077
4 10  0.563011
4 11  0.584808
4 12  0.579402
4 13  0.579536
4 14  0.577494
4 15  0.551764
4 16  0.553225
4 17  0.557284
4 18  0.564162
4 19  0.282014
4 20  0.545821
4 21  0.549941
4 22  0.560617
4 23  0.558045
4 24  0.558315
4 25  0.585495
4 26  0.580054
4 27  0.547927
4 28  0.580550
4 29  0.580444
4 30  0.580200
5 6  0.536966
5 7  0.553753
5 8  0.550383
5 9  0.575087
5 10  0.586309
5 11  0.580987
5 12  0.573481
5 13  0.577145
5 14  0.550670
5 15  0.550491
5 16  0.549738
5 17  0.553561
5 18  0.560172
5 19  0.547205
5 20  0.267505
5 21  0.542109
5 22  0.555465
5 23  0.553422
5 24  0.588843
5 25  0.581383
5 26  0.575590
5 27  0.545256
5 28  0.576512
5 29  0.545854
5 30  0.577399
6 7  0.547674
6 8  0.546300
6 9  0.575080
6 10  0.588876
6 11  0.580982
6 12  0.554894
6 13  0.577301
6 14  0.552055
6 15  0.570262
6 16  0.549845
6 17  0.553662
6 18  0.560145
6 19  0.550228
6 20  0.540926
6 21  0.262069
6 22  0.552627
6 23  0.552715
6 24  0.589274
6 25  0.581554
6 26  0.549005
6 27  0.573672
6 28  0.576490
6 29  0.546091
6 30  0.578255
7 8  0.515219
7 9  0.587069
7 10  0.600873
7 11  0.592971
7 12  0.556184
7 13  0.589296
7 14  0.585301
7 15  0.583894
7 16  0.561825
7 17  0.565677
7 18  0.572144
7 19  0.563264
7 20  0.556594
7 21  0.554635
7 22  0.282845
7 23  0.512764
7 24  0.601580
7 25  0.593533
7 26  0.548304
7 27  0.585910
7 28  0.588477
7 29  0.588114
7 30  0.590256
8 9  0.583607
8 10  0.597341
8 11  0.589508
8 12  0.554001
8 13  0.585832
8 14  0.580165
8 15  0.580182
8 16  0.558160
8 17  0.562216
8 18  0.568669
8 19  0.559821
8 20  0.553706
8 21  0.554027
8 22  0.512302
8 23  0.281102
8 24  0.597886
8 25  0.590054
8 26  0.545661
8 27  0.581861
8 28  0.584987
8 29  0.583919
8 30  0.586802
9 10  0.619136
9 11  0.588139
9 12  0.608292
9 13  0.574460
9 14  0.608939
9 15  0.604901
9 16  0.568406
9 17  0.584659
9 18  0.590719
9 19  0.584201
9 20  0.578672
9 21  0.579787
9 22  0.589473
9 23  0.586847
9 24  0.620130
9 25  0.581722
9 26  0.609111
9 27  0.606974
9 28  0.371175
9 29  0.609831
9 30  0.571678
10 11  0.626896
10 12  0.621934
10 13  0.612512
10 14  0.619393
10 15  0.602079
10 16  0.571851
10 17  0.600166
10 18  0.607030
10 19  0.562851
10 20  0.591633
10 21  0.593375
10 22  0.603323
10 23  0.600480
10 24  0.394592
10 25  0.624200
10 26  0.622283
10 27  0.595726
10 28  0.620934
10 29  0.622857
10 30  0.613435
11 12  0.614194
11 13  0.588999
11 14  0.614858
11 15  0.610767
11 16  0.582372
11 17  0.569176
11 18  0.566662
11 19  0.589875
11 20  0.584362
11 21  0.585692
11 22  0.595375
11 23  0.592778
11 24  0.624458
11 25  0.413491
11 26  0.615073
11 27  0.613269
11 28  0.585593
11 29  0.615713
11 30  0.581699
12 13  0.610512
12 14  0.597182
12 15  0.603195
12 16  0.582674
12 17  0.586882
12 18  0.593327
12 19  0.584219
12 20  0.578201
12 21  0.553002
12 22  0.548717
12 23  0.548167
12 24  0.622009
12 25  0.614759
12 26  0.377588
12 27  0.606764
12 28  0.609653
12 29  0.590257
12 30  0.611499
13 14  0.611139
13 15  0.606615
13 16  0.579925
13 17  0.585565
13 18  0.593188
13 19  0.584025
13 20  0.580035
13 21  0.581981
13 22  0.591703
13 23  0.589130
13 24  0.612825
13 25  0.584254
13 26  0.611406
13 27  0.609118
13 28  0.568965
13 29  0.612100
13 30  0.379145
14 15  0.592106
14 16  0.582559
14 17  0.587569
14 18  0.594005
14 19  0.584446
14 20  0.548378
14 21  0.549246
14 22  0.589523
14 23  0.585990
14 24  0.622459
14 25  0.615197
14 26  0.590719
14 27  0.586977
14 28  0.610242
14 29  0.376927
14 30  0.611983
15 16  0.576743
15 17  0.583487
15 18  0.589810
15 19  0.549749
15 20  0.546844
15 21  0.576071
15 22  0.586027
15 23  0.582882
15 24  0.595103
15 25  0.611511
15 26  0.605365
15 27  0.379818
15 28  0.606107
15 29  0.586055
15 30  0.607969
16 17  0.560523
16 18  0.566392
16 19  0.556075
16 20  0.553251
16 21  0.554528
16 22  0.564254
16 23  0.561659
16 24  0.572565
16 25  0.585265
16 26  0.583909
16 27  0.579067
16 28  0.562877
16 29  0.584260
16 30  0.582780
17 18  0.527172
17 19  0.562866
17 20  0.557262
17 21  0.558398
17 22  0.568092
17 23  0.565512
17 24  0.600281
17 25  0.575347
17 26  0.587800
17 27  0.585996
17 28  0.578871
17 29  0.588602
17 30  0.582178
18 19  0.569462
18 20  0.563730
18 21  0.564866
18 22  0.574559
18 23  0.571978
18 24  0.607108
18 25  0.577496
18 26  0.594268
18 27  0.592476
18 28  0.586543
18 29  0.595067
18 30  0.590308
19 20  0.548874
19 21  0.555888
19 22  0.565677
19 23  0.563049
19 24  0.567873
19 25  0.590296
19 26  0.585334
19 27  0.558478
19 28  0.585459
19 29  0.582772
19 30  0.585067
20 21  0.544940
20 22  0.559823
20 23  0.557214
20 24  0.589854
20 25  0.585124
20 26  0.577361
20 27  0.555261
20 28  0.580065
20 29  0.554919
20 30  0.581773
21 22  0.554261
21 23  0.552986
21 24  0.594225
21 25  0.586263
21 26  0.559102
21 27  0.576692
21 28  0.581196
21 29  0.557232
21 30  0.582982
22 23  0.520087
22 24  0.603935
22 25  0.595961
22 26  0.559865
22 27  0.588570
22 28  0.590895
22 29  0.587912
22 30  0.592687
23 24  0.601278
23 25  0.593378
23 26  0.557895
23 27  0.585696
23 28  0.588313
23 29  0.583985
23 30  0.590101
24 25  0.627893
24 26  0.623437
24 27  0.606166
24 28  0.621507
24 29  0.620714
24 30  0.614098
25 26  0.615663
25 27  0.613566
25 28  0.591204
25 29  0.616477
25 30  0.592441
26 27  0.606044
26 28  0.610597
26 29  0.599298
26 30  0.612384
27 28  0.608629
27 29  0.595686
27 30  0.609421
28 29  0.611400
28 30  0.574529
29 30  0.613163
