  -1146.50551782
  -1146.88438895
0.00013206312800
2 2 2 2 2 2 2 2 2 2 2 2 2 2 2 0 0 0 0 0 0 0 0 0 0 0 0 0 0 0 
1  0.337036
2  0.350727
3  0.285579
4  0.321830
5  0.286321
6  0.358921
7  0.338745
8  0.381878
9  0.355736
10  0.323810
11  0.370653
12  0.309142
13  0.299662
14  0.275552
15  0.340284
16  0.345264
17  0.344155
18  0.284220
19  0.305842
20  0.315476
21  0.369522
22  0.338064
23  0.325869
24  0.358005
25  0.321558
26  0.288114
27  0.378881
28  0.363121
29  0.288343
30  0.352953
1 2  0.683306
1 3  0.622607
1 4  0.640536
1 5  0.623355
1 6  0.671414
1 7  0.673008
1 8  0.686766
1 9  0.686925
1 10  0.660714
1 11  0.697977
1 12  0.643336
1 13  0.635483
1 14  0.612126
1 15  0.675873
1 16  0.681499
1 17  0.679844
1 18  0.620525
1 19  0.639619
1 20  0.646941
1 21  0.702728
1 22  0.463283
1 23  0.662689
1 24  0.686906
1 25  0.636382
1 26  0.625132
1 27  0.688190
1 28  0.679511
1 29  0.625378
1 30  0.686268
2 3  0.635878
2 4  0.652524
2 5  0.636847
2 6  0.707163
2 7  0.684196
2 8  0.719503
2 9  0.702578
2 10  0.672971
2 11  0.679549
2 12  0.659307
2 13  0.649594
2 14  0.625602
2 15  0.662944
2 16  0.675139
2 17  0.688986
2 18  0.633403
2 19  0.656084
2 20  0.666020
2 21  0.687274
2 22  0.685124
2 23  0.674001
2 24  0.707702
2 25  0.652307
2 26  0.638762
2 27  0.725500
2 28  0.713274
2 29  0.638455
2 30  0.467559
3 4  0.607377
3 5  0.523686
3 6  0.644491
3 7  0.624106
3 8  0.667423
3 9  0.641304
3 10  0.570851
3 11  0.656169
3 12  0.594719
3 13  0.585239
3 14  0.558335
3 15  0.623236
3 16  0.628677
3 17  0.629429
3 18  0.568364
3 19  0.591398
3 20  0.601038
3 21  0.654884
3 22  0.623621
3 23  0.563416
3 24  0.643537
3 25  0.607099
3 26  0.521503
3 27  0.664350
3 28  0.648666
3 29  0.298580
3 30  0.637910
4 5  0.608116
4 6  0.678013
4 7  0.658238
4 8  0.684570
4 9  0.671971
4 10  0.645601
4 11  0.683754
4 12  0.630517
4 13  0.620036
4 14  0.596806
4 15  0.660127
4 16  0.662484
4 17  0.662634
4 18  0.604520
4 19  0.626016
4 20  0.635865
4 21  0.679801
4 22  0.637707
4 23  0.646639
4 24  0.676134
4 25  0.446724
4 26  0.609941
4 27  0.681320
4 28  0.680721
4 29  0.610094
4 30  0.654156
5 6  0.645239
5 7  0.624874
5 8  0.668189
5 9  0.642052
5 10  0.572459
5 11  0.656949
5 12  0.595461
5 13  0.585982
5 14  0.557284
5 15  0.625402
5 16  0.631212
5 17  0.629805
5 18  0.565365
5 19  0.592148
5 20  0.601782
5 21  0.655488
5 22  0.624331
5 23  0.566994
5 24  0.644290
5 25  0.607866
5 26  0.297850
5 27  0.665090
5 28  0.649404
5 29  0.519403
5 30  0.639228
6 7  0.696636
6 8  0.726858
6 9  0.667570
6 10  0.682669
6 11  0.725245
6 12  0.636229
6 13  0.651914
6 14  0.634349
6 15  0.698418
6 16  0.704113
6 17  0.702720
6 18  0.642891
6 19  0.657769
6 20  0.650145
6 21  0.727622
6 22  0.676904
6 23  0.684767
6 24  0.679682
6 25  0.676371
6 26  0.647015
6 27  0.733315
6 28  0.457030
6 29  0.647251
6 30  0.711349
7 8  0.715367
7 9  0.693457
7 10  0.659096
7 11  0.680051
7 12  0.647697
7 13  0.638249
7 14  0.588550
7 15  0.638021
7 16  0.650992
7 17  0.409657
7 18  0.603770
7 19  0.644580
7 20  0.654159
7 21  0.695030
7 22  0.675408
7 23  0.661384
7 24  0.696671
7 25  0.657053
7 26  0.626434
7 27  0.716558
7 28  0.701515
7 29  0.626959
7 30  0.686451
8 9  0.708564
8 10  0.705341
8 11  0.723842
8 12  0.687809
8 13  0.676752
8 14  0.656763
8 15  0.718211
8 16  0.726429
8 17  0.725048
8 18  0.665665
8 19  0.685962
8 20  0.696606
8 21  0.743130
8 22  0.691724
8 23  0.707724
8 24  0.729706
8 25  0.683647
8 26  0.669930
8 27  0.506556
8 28  0.739884
8 29  0.670173
8 30  0.730293
9 10  0.679464
9 11  0.721127
9 12  0.655051
9 13  0.627354
9 14  0.631175
9 15  0.694976
9 16  0.700808
9 17  0.699835
9 18  0.639900
9 19  0.644761
9 20  0.665400
9 21  0.724635
9 22  0.685917
9 23  0.681600
9 24  0.448919
9 25  0.673248
9 26  0.643826
9 27  0.724560
9 28  0.681393
9 29  0.644053
9 30  0.707643
10 11  0.693444
10 12  0.632945
10 13  0.623463
10 14  0.581219
10 15  0.650845
10 16  0.658439
10 17  0.665526
10 18  0.587672
10 19  0.629643
10 20  0.639286
10 21  0.692919
10 22  0.661707
10 23  0.407321
10 24  0.681809
10 25  0.644385
10 26  0.563215
10 27  0.702674
10 28  0.686918
10 29  0.565617
10 30  0.674079
11 12  0.678875
11 13  0.669403
11 14  0.642465
11 15  0.699550
11 16  0.711068
11 17  0.701594
11 18  0.651812
11 19  0.676394
11 20  0.686040
11 21  0.486294
11 22  0.704442
11 23  0.696064
11 24  0.728016
11 25  0.680555
11 26  0.658604
11 27  0.741327
11 28  0.732909
11 29  0.658927
11 30  0.689967
12 13  0.563739
12 14  0.584680
12 15  0.649270
12 16  0.654398
12 17  0.653240
12 18  0.593306
12 19  0.572645
12 20  0.310570
12 21  0.678586
12 22  0.641792
12 23  0.635009
12 24  0.662063
12 25  0.629475
12 26  0.597248
12 27  0.687420
12 28  0.648798
12 29  0.597479
12 30  0.661988
13 14  0.575203
13 15  0.639767
13 16  0.644828
13 17  0.643811
13 18  0.583869
13 19  0.299419
13 20  0.573047
13 21  0.669073
13 22  0.634593
13 23  0.625523
13 24  0.641247
13 25  0.619514
13 26  0.587764
13 27  0.676753
13 28  0.656568
13 29  0.587990
13 30  0.652209
14 15  0.612334
14 16  0.618372
14 17  0.600428
14 18  0.260694
14 19  0.581377
14 20  0.590966
14 21  0.641709
14 22  0.612854
14 23  0.580305
14 24  0.633475
14 25  0.595714
14 26  0.559285
14 27  0.653921
14 28  0.638430
14 29  0.563007
14 30  0.627181
15 16  0.407144
15 17  0.650185
15 18  0.621332
15 19  0.646025
15 20  0.655745
15 21  0.705470
15 22  0.677681
15 23  0.656756
15 24  0.698122
15 25  0.657306
15 26  0.627803
15 27  0.718567
15 28  0.703346
15 29  0.626124
15 30  0.673278
16 17  0.645248
16 18  0.625816
16 19  0.650887
16 20  0.660560
16 21  0.703835
16 22  0.681685
16 23  0.657258
16 24  0.702115
16 25  0.664537
16 26  0.631161
16 27  0.720074
16 28  0.707516
16 29  0.630131
16 30  0.669798
17 18  0.599997
17 19  0.649781
17 20  0.659388
17 21  0.683173
17 22  0.679143
17 23  0.666494
17 24  0.700945
17 25  0.663309
17 26  0.632108
17 27  0.717326
17 28  0.706085
17 29  0.632231
17 30  0.691942
18 19  0.590042
18 20  0.599671
18 21  0.649382
18 22  0.621694
18 23  0.588380
18 24  0.642064
18 25  0.605141
18 26  0.567898
18 27  0.662263
18 28  0.647164
18 29  0.569061
18 30  0.636457
19 20  0.573833
19 21  0.674254
19 22  0.642621
19 23  0.631698
19 24  0.633573
19 25  0.625729
19 26  0.593954
19 27  0.679360
19 28  0.662129
19 29  0.594183
19 30  0.657853
20 21  0.683947
20 22  0.650158
20 23  0.641336
20 24  0.663729
20 25  0.636465
20 26  0.603588
20 27  0.691029
20 28  0.644856
20 29  0.603818
20 30  0.667769
21 22  0.697525
21 23  0.694370
21 24  0.721839
21 25  0.682440
21 26  0.657584
21 27  0.719464
21 28  0.728121
21 29  0.657775
21 30  0.678360
22 23  0.663791
22 24  0.690523
22 25  0.642129
22 26  0.626173
22 27  0.683116
22 28  0.676848
22 29  0.626398
22 30  0.686112
23 24  0.683777
23 25  0.647361
23 26  0.577512
23 27  0.704380
23 28  0.688923
23 29  0.575394
23 30  0.676995
24 25  0.673672
24 26  0.646109
24 27  0.706895
24 28  0.671425
24 29  0.646333
24 30  0.706816
25 26  0.609634
25 27  0.680794
25 28  0.681624
25 29  0.609867
25 30  0.655385
26 27  0.666969
26 28  0.651229
26 29  0.527701
26 30  0.640765
27 28  0.728552
27 29  0.667177
27 30  0.718773
28 29  0.651456
28 30  0.713300
29 30  0.640770
