  -1146.50551782
  -1146.88719048
0.00004403255320
2 2 2 2 2 2 2 2 2 2 2 2 2 2 2 0 0 0 0 0 0 0 0 0 0 0 0 0 0 0 
1  0.345679
2  0.361766
3  0.287990
4  0.329723
5  0.288235
6  0.367653
7  0.348942
8  0.394801
9  0.365112
10  0.327979
11  0.383498
12  0.313994
13  0.304888
14  0.281598
15  0.350876
16  0.356240
17  0.354486
18  0.290762
19  0.311470
20  0.320701
21  0.381914
22  0.346493
23  0.330040
24  0.367473
25  0.329038
26  0.290131
27  0.390797
28  0.371910
29  0.290934
30  0.363828
1 2  0.702735
1 3  0.633662
1 4  0.656218
1 5  0.633912
1 6  0.686900
1 7  0.691340
1 8  0.708206
1 9  0.704884
1 10  0.673467
1 11  0.718646
1 12  0.656410
1 13  0.649292
1 14  0.626630
1 15  0.694775
1 16  0.701035
1 17  0.698774
1 18  0.635682
1 19  0.654080
1 20  0.660707
1 21  0.723769
1 22  0.479518
1 23  0.675493
1 24  0.705140
1 25  0.652070
1 26  0.635791
1 27  0.709231
1 28  0.696404
1 29  0.636610
1 30  0.705707
2 3  0.649226
2 4  0.670267
2 5  0.649742
2 6  0.726249
2 7  0.705132
2 8  0.742294
2 9  0.722314
2 10  0.687914
2 11  0.703260
2 12  0.674950
2 13  0.665536
2 14  0.642611
2 15  0.682011
2 16  0.696522
2 17  0.710461
2 18  0.651082
2 19  0.672709
2 20  0.682291
2 21  0.711231
2 22  0.704554
2 23  0.689205
2 24  0.728171
2 25  0.670327
2 26  0.651803
2 27  0.748428
2 28  0.732990
2 29  0.652044
2 30  0.488547
3 4  0.617662
3 5  0.528277
3 6  0.655633
3 7  0.636672
3 8  0.682746
3 9  0.653085
3 10  0.577432
3 11  0.671409
3 12  0.601981
3 13  0.592876
3 14  0.566682
3 15  0.635928
3 16  0.641996
3 17  0.642131
3 18  0.577281
3 19  0.599418
3 20  0.608660
3 21  0.669706
3 22  0.634460
3 23  0.570264
3 24  0.655389
3 25  0.616977
3 26  0.526270
3 27  0.678646
3 28  0.659838
3 29  0.303675
3 30  0.651178
4 5  0.617906
4 6  0.694542
4 7  0.676226
4 8  0.705691
4 9  0.689018
4 10  0.657649
4 11  0.704665
4 12  0.643208
4 13  0.632968
4 14  0.610703
4 15  0.678397
4 16  0.681194
4 17  0.681043
4 18  0.619058
4 19  0.639523
4 20  0.648910
4 21  0.700266
4 22  0.653397
4 23  0.658668
4 24  0.693556
4 25  0.460606
4 26  0.619849
4 27  0.701515
4 28  0.697305
4 29  0.620550
4 30  0.672372
5 6  0.655886
5 7  0.636967
5 8  0.683024
5 9  0.653341
5 10  0.578836
5 11  0.671698
5 12  0.602227
5 13  0.593122
5 14  0.565069
5 15  0.637740
5 16  0.644061
5 17  0.642040
5 18  0.573785
5 19  0.599679
5 20  0.608907
5 21  0.669794
5 22  0.634666
5 23  0.573387
5 24  0.655654
5 25  0.617261
5 26  0.301784
5 27  0.678885
5 28  0.660080
5 29  0.524313
5 30  0.652013
6 7  0.715145
6 8  0.747355
6 9  0.685506
6 10  0.695522
6 11  0.745913
6 12  0.648562
6 13  0.665597
6 14  0.649021
6 15  0.717385
6 16  0.723792
6 17  0.721753
6 18  0.658119
6 19  0.672255
6 20  0.663998
6 21  0.748652
6 22  0.693624
6 23  0.697673
6 24  0.698379
6 25  0.692556
6 26  0.657755
6 27  0.753912
6 28  0.474722
6 29  0.658562
6 30  0.730835
7 8  0.737337
7 9  0.712620
7 10  0.673157
7 11  0.700332
7 12  0.662610
7 13  0.653546
7 14  0.603000
7 15  0.658474
7 16  0.672707
7 17  0.429562
7 18  0.619949
7 19  0.660403
7 20  0.669543
7 21  0.716924
7 22  0.694050
7 23  0.675792
7 24  0.716315
7 25  0.674873
7 26  0.638651
7 27  0.738562
7 28  0.720443
7 29  0.639710
7 30  0.707684
8 9  0.728058
8 10  0.722286
8 11  0.746495
8 12  0.705026
8 13  0.694046
8 14  0.675416
8 15  0.740890
8 16  0.750201
8 17  0.748152
8 18  0.685066
8 19  0.704387
8 20  0.714647
8 21  0.767711
8 22  0.713476
8 23  0.724812
8 24  0.751344
8 25  0.704403
8 26  0.684841
8 27  0.530714
8 28  0.761543
8 29  0.685660
8 30  0.753976
9 10  0.692950
9 11  0.742215
9 12  0.668874
9 13  0.640137
9 14  0.646506
9 15  0.714550
9 16  0.721103
9 17  0.719514
9 18  0.655801
9 19  0.659196
9 20  0.680088
9 21  0.746265
9 22  0.703888
9 23  0.695141
9 24  0.467335
9 25  0.690238
9 26  0.655204
9 27  0.745163
9 28  0.700206
9 29  0.655996
9 30  0.727822
10 11  0.710257
10 12  0.641955
10 13  0.632844
10 14  0.591061
10 15  0.664600
10 16  0.673588
10 17  0.680004
10 18  0.598558
10 19  0.639432
10 20  0.648680
10 21  0.709483
10 22  0.674290
10 23  0.416183
10 24  0.695441
10 25  0.656006
10 26  0.569671
10 27  0.718757
10 28  0.699876
10 29  0.572543
10 30  0.689132
11 12  0.696208
11 13  0.687093
11 14  0.660688
11 15  0.722044
11 16  0.734854
11 17  0.724018
11 18  0.670996
11 19  0.694840
11 20  0.704062
11 21  0.510637
11 22  0.725753
11 23  0.713045
11 24  0.750193
11 25  0.701117
11 26  0.673425
11 27  0.765381
11 28  0.754420
11 29  0.674346
11 30  0.714343
12 13  0.574097
12 14  0.595555
12 15  0.664606
12 16  0.670222
12 17  0.668397
12 18  0.604669
12 19  0.583791
12 20  0.320704
12 21  0.695786
12 22  0.655041
12 23  0.644032
12 24  0.676494
12 25  0.641690
12 26  0.604112
12 27  0.704108
12 28  0.662456
12 29  0.604914
12 30  0.677687
13 14  0.586452
13 15  0.655452
13 16  0.660970
13 17  0.659364
13 18  0.595634
13 19  0.310037
13 20  0.584189
13 21  0.686660
13 22  0.648419
13 23  0.634910
13 24  0.655519
13 25  0.632300
13 26  0.594997
13 27  0.693792
13 28  0.670702
13 29  0.595788
13 30  0.668212
14 15  0.628756
14 16  0.635375
14 17  0.616569
14 18  0.272232
14 19  0.593044
14 20  0.602188
14 21  0.660013
14 22  0.627307
14 23  0.590722
14 24  0.648972
14 25  0.609312
14 26  0.567358
14 27  0.671834
14 28  0.653177
14 29  0.571604
14 30  0.644196
15 16  0.428111
15 17  0.671622
15 18  0.638485
15 19  0.662196
15 20  0.671561
15 21  0.728475
15 22  0.696600
15 23  0.671439
15 24  0.718125
15 25  0.675384
15 26  0.640348
15 27  0.740980
15 28  0.722693
15 29  0.639281
15 30  0.694228
16 17  0.666218
16 18  0.643090
16 19  0.667336
16 20  0.676639
16 21  0.726303
16 22  0.700741
16 23  0.671277
16 24  0.722101
16 25  0.682714
16 26  0.643860
16 27  0.742129
16 28  0.726904
16 29  0.643306
16 30  0.688933
17 18  0.614859
17 19  0.665613
17 20  0.674790
17 21  0.703213
17 22  0.697365
17 23  0.680658
17 24  0.720329
17 25  0.681030
17 26  0.644451
17 27  0.738504
17 28  0.724767
17 29  0.645096
17 30  0.712851
18 19  0.602187
18 20  0.611409
18 21  0.667737
18 22  0.636481
18 23  0.598763
18 24  0.657984
18 25  0.619099
18 26  0.576339
18 27  0.680437
18 28  0.662386
18 29  0.578087
18 30  0.653803
19 20  0.585018
19 21  0.691905
19 22  0.656611
19 23  0.641479
19 24  0.646696
19 25  0.638651
19 26  0.601597
19 27  0.696148
19 28  0.676234
19 29  0.602399
19 30  0.673998
20 21  0.701174
20 22  0.663327
20 23  0.650720
20 24  0.677957
20 25  0.649125
20 26  0.610829
20 27  0.707646
20 28  0.657411
20 29  0.611632
20 30  0.683607
21 22  0.717539
21 23  0.710743
21 24  0.742610
21 25  0.702525
21 26  0.671976
21 27  0.740920
21 28  0.748388
21 29  0.672741
21 30  0.701349
22 23  0.676325
22 24  0.708369
22 25  0.657540
22 26  0.636618
22 27  0.703409
22 28  0.692091
22 29  0.637414
22 30  0.705086
23 24  0.697344
23 25  0.658998
23 26  0.584116
23 27  0.720308
23 28  0.701831
23 29  0.582165
23 30  0.691725
24 25  0.690306
24 26  0.657587
24 27  0.725728
24 28  0.689481
24 29  0.658379
24 30  0.726389
25 26  0.619113
25 27  0.700355
25 28  0.697696
25 29  0.619919
25 30  0.672522
26 27  0.680890
26 28  0.662031
26 29  0.532558
26 30  0.653547
27 28  0.748251
27 29  0.681663
27 30  0.740452
28 29  0.662829
28 30  0.732312
29 30  0.654097
