  -1146.50551782
  -1146.88803692
0.00001261078940
2 2 2 2 2 2 2 2 2 2 2 2 2 2 2 0 0 0 0 0 0 0 0 0 0 0 0 0 0 0 
1  0.348513
2  0.365391
3  0.288837
4  0.332266
5  0.288891
6  0.370721
7  0.352386
8  0.398819
9  0.368208
10  0.329430
11  0.387657
12  0.315923
13  0.306757
14  0.283710
15  0.354582
16  0.359942
17  0.358024
18  0.293010
19  0.313452
20  0.322697
21  0.385951
22  0.349241
23  0.331479
24  0.370530
25  0.331487
26  0.290791
27  0.394663
28  0.374924
29  0.291817
30  0.367382
1 2  0.709024
1 3  0.637345
1 4  0.661329
1 5  0.637402
1 6  0.692133
1 7  0.697433
1 8  0.715088
1 9  0.710794
1 10  0.677724
1 11  0.725444
1 12  0.661022
1 13  0.653980
1 14  0.631478
1 15  0.701164
1 16  0.707537
1 17  0.705109
1 18  0.640686
1 19  0.658964
1 20  0.665533
1 21  0.730674
1 22  0.485050
1 23  0.679724
1 24  0.711074
1 25  0.657143
1 26  0.639275
1 27  0.716146
1 28  0.702092
1 29  0.640326
1 30  0.712020
2 3  0.653644
2 4  0.675973
2 5  0.653990
2 6  0.732632
2 7  0.712094
2 8  0.749630
2 9  0.728752
2 10  0.692867
2 11  0.710994
2 12  0.680361
2 13  0.670848
2 14  0.648321
2 15  0.688437
2 16  0.703677
2 17  0.717658
2 18  0.656997
2 19  0.678275
2 20  0.687870
2 21  0.719135
2 22  0.710870
2 23  0.694278
2 24  0.734806
2 25  0.676150
2 26  0.656081
2 27  0.755959
2 28  0.739586
2 29  0.656541
2 30  0.495822
3 4  0.621035
3 5  0.529890
3 6  0.659547
3 7  0.640950
3 8  0.687610
3 9  0.657026
3 10  0.579799
3 11  0.676409
3 12  0.604757
3 13  0.595591
3 14  0.569628
3 15  0.640401
3 16  0.646547
3 17  0.646507
3 18  0.580370
3 19  0.602223
3 20  0.611484
3 21  0.674565
3 22  0.638049
3 23  0.572683
3 24  0.659257
3 25  0.620263
3 26  0.527933
3 27  0.683332
3 28  0.663684
3 29  0.305529
3 30  0.655563
4 5  0.621089
4 6  0.700088
4 7  0.682207
4 8  0.712351
4 9  0.694583
4 10  0.661636
4 11  0.711435
4 12  0.647668
4 13  0.637285
4 14  0.615320
4 15  0.684566
4 16  0.687438
4 17  0.687200
4 18  0.623857
4 19  0.643986
4 20  0.653423
4 21  0.706914
4 22  0.658490
4 23  0.662637
4 24  0.699221
4 25  0.465395
4 26  0.623052
4 27  0.708048
4 28  0.702843
4 29  0.623962
4 30  0.678248
5 6  0.659610
5 7  0.641065
5 8  0.687696
5 9  0.657092
5 10  0.581105
5 11  0.676509
5 12  0.604812
5 13  0.595646
5 14  0.567802
5 15  0.642061
5 16  0.648398
5 17  0.646236
5 18  0.576705
5 19  0.602307
5 20  0.611542
5 21  0.674475
5 22  0.638048
5 23  0.575628
5 24  0.659345
5 25  0.620358
5 26  0.303184
5 27  0.683384
5 28  0.663733
5 29  0.526019
5 30  0.656220
6 7  0.721446
6 8  0.754162
6 9  0.691617
6 10  0.700012
6 11  0.752831
6 12  0.653195
6 13  0.670428
6 14  0.654134
6 15  0.723928
6 16  0.730534
6 17  0.728304
6 18  0.663379
6 19  0.677346
6 20  0.669104
6 21  0.755707
6 22  0.699276
6 23  0.702173
6 24  0.704746
6 25  0.698048
6 26  0.661472
6 27  0.760851
6 28  0.481028
6 29  0.662506
6 30  0.737421
7 8  0.744431
7 9  0.718985
7 10  0.677945
7 11  0.707020
7 12  0.667906
7 13  0.658808
7 14  0.607995
7 15  0.665528
7 16  0.680058
7 17  0.436527
7 18  0.625498
7 19  0.665828
7 20  0.674950
7 21  0.724213
7 22  0.700209
7 23  0.680675
7 24  0.722804
7 25  0.680831
7 26  0.642758
7 27  0.745823
7 28  0.726848
7 29  0.644024
7 30  0.714695
8 9  0.734263
8 10  0.727692
8 11  0.753667
8 12  0.710794
8 13  0.699656
8 14  0.681418
8 15  0.748308
8 16  0.757861
8 17  0.755643
8 18  0.691310
8 19  0.710335
8 20  0.720628
8 21  0.775516
8 22  0.720458
8 23  0.730267
8 24  0.758169
8 25  0.711020
8 26  0.689495
8 27  0.538483
8 28  0.768591
8 29  0.690537
8 30  0.761563
9 10  0.697467
9 11  0.749100
9 12  0.673759
9 13  0.644617
9 14  0.651671
9 15  0.721138
9 16  0.727848
9 17  0.726134
9 18  0.661134
9 19  0.664176
9 20  0.685206
9 21  0.753347
9 22  0.709765
9 23  0.699671
9 24  0.473572
9 25  0.695839
9 26  0.658948
9 27  0.751920
9 28  0.706544
9 29  0.659953
9 30  0.734434
10 11  0.715786
10 12  0.645329
10 13  0.636155
10 14  0.594522
10 15  0.669405
10 16  0.678744
10 17  0.684989
10 18  0.602321
10 19  0.642856
10 20  0.652126
10 21  0.714966
10 22  0.678464
10 23  0.419371
10 24  0.699943
10 25  0.659888
10 26  0.571932
10 27  0.724073
10 28  0.704338
10 29  0.574986
10 30  0.694148
11 12  0.702128
11 13  0.692956
11 14  0.666698
11 15  0.729637
11 16  0.742706
11 17  0.731466
11 18  0.677363
11 19  0.700962
11 20  0.710184
11 21  0.518727
11 22  0.732705
11 23  0.718638
11 24  0.757360
11 25  0.707794
11 26  0.678244
11 27  0.773138
11 28  0.761540
11 29  0.679374
11 30  0.722299
12 13  0.577943
12 14  0.599579
12 15  0.670165
12 16  0.675847
12 17  0.673830
12 18  0.608807
12 19  0.587948
12 20  0.324721
12 21  0.701722
12 22  0.659726
12 23  0.647400
12 24  0.681494
12 25  0.646047
12 26  0.606692
12 27  0.709874
12 28  0.667448
12 29  0.607717
12 30  0.683139
13 14  0.590425
13 15  0.660936
13 16  0.666504
13 17  0.664770
13 18  0.599751
13 19  0.313928
13 20  0.588300
13 21  0.692552
13 22  0.653095
13 23  0.638207
13 24  0.660405
13 25  0.636561
13 26  0.597523
13 27  0.699492
13 28  0.675616
13 29  0.598525
13 30  0.673583
14 15  0.634490
14 16  0.641179
14 17  0.622138
14 18  0.276401
14 19  0.597131
14 20  0.606253
14 21  0.666171
14 22  0.632095
14 23  0.594339
14 24  0.654119
14 25  0.613866
14 26  0.570154
14 27  0.677776
14 28  0.658249
14 29  0.574591
14 30  0.649884
15 16  0.435535
15 17  0.679063
15 18  0.644445
15 19  0.667859
15 20  0.677257
15 21  0.736215
15 22  0.703025
15 23  0.676579
15 24  0.724844
15 25  0.681548
15 26  0.644691
15 27  0.748491
15 28  0.729388
15 29  0.643878
15 30  0.701326
16 17  0.673366
16 18  0.648946
16 19  0.672921
16 20  0.682252
16 21  0.733779
16 22  0.707049
16 23  0.676066
16 24  0.728629
16 25  0.688765
16 26  0.648136
16 27  0.749401
16 28  0.733382
16 29  0.647778
16 30  0.695306
17 18  0.620000
17 19  0.671071
17 20  0.680240
17 21  0.709849
17 22  0.703438
17 23  0.685538
17 24  0.726723
17 25  0.687012
17 26  0.648647
17 27  0.745547
17 28  0.731092
17 29  0.649505
17 30  0.719825
18 19  0.606407
18 20  0.615632
18 21  0.673751
18 22  0.641374
18 23  0.602359
18 24  0.663232
18 25  0.623751
18 26  0.579237
18 27  0.686396
18 28  0.667572
18 29  0.581213
18 30  0.659576
19 20  0.589054
19 21  0.697744
19 22  0.661328
19 23  0.644891
19 24  0.651220
19 25  0.642979
19 26  0.604238
19 27  0.701719
19 28  0.681112
19 29  0.605262
19 30  0.679365
20 21  0.707054
20 22  0.667909
20 23  0.654149
20 24  0.682857
20 25  0.653560
20 26  0.613483
20 27  0.713328
20 28  0.662018
20 29  0.614509
20 30  0.689024
21 22  0.724127
21 23  0.716139
21 24  0.749339
21 25  0.709087
21 26  0.676669
21 27  0.747845
21 28  0.755126
21 29  0.677651
21 30  0.708863
22 23  0.680482
22 24  0.714151
22 25  0.662546
22 26  0.640027
22 27  0.710054
22 28  0.697223
22 29  0.641043
22 30  0.711207
23 24  0.701812
23 25  0.662881
23 26  0.586399
23 27  0.725560
23 28  0.706257
23 29  0.584534
23 30  0.696599
24 25  0.695762
24 26  0.661302
24 27  0.731794
24 28  0.695503
24 29  0.662316
24 30  0.732710
25 26  0.622209
25 27  0.706779
25 28  0.703081
25 29  0.623237
25 30  0.678113
26 27  0.685414
26 28  0.665705
26 29  0.534206
26 30  0.657724
27 28  0.754842
27 29  0.686412
27 30  0.747606
28 29  0.666724
28 30  0.738634
29 30  0.658478
