   -993.90087689
   -994.21337654
0.00020505207600
2 2 2 2 2 2 2 2 2 2 2 2 2 0 0 0 0 0 0 0 0 0 0 0 0 0 
1  0.262137
2  0.259309
3  0.289858
4  0.309915
5  0.305752
6  0.296039
7  0.277049
8  0.299288
9  0.279439
10  0.282233
11  0.300426
12  0.280506
13  0.292737
14  0.269622
15  0.266344
16  0.299125
17  0.311780
18  0.308058
19  0.298138
20  0.302617
21  0.282364
22  0.283632
23  0.292780
24  0.295625
25  0.279156
26  0.282102
1 2  0.521331
1 3  0.549219
1 4  0.572034
1 5  0.551199
1 6  0.557155
1 7  0.536130
1 8  0.542004
1 9  0.541575
1 10  0.539278
1 11  0.560920
1 12  0.542642
1 13  0.554430
1 14  0.236924
1 15  0.527940
1 16  0.555008
1 17  0.573896
1 18  0.549237
1 19  0.559445
1 20  0.544974
1 21  0.544459
1 22  0.541079
1 23  0.552403
1 24  0.557662
1 25  0.540420
1 26  0.544208
2 3  0.548477
2 4  0.551576
2 5  0.565038
2 6  0.537445
2 7  0.536357
2 8  0.557510
2 9  0.536050
2 10  0.541541
2 11  0.557221
2 12  0.535330
2 13  0.549734
2 14  0.528221
2 15  0.234162
2 16  0.552372
2 17  0.548350
2 18  0.567336
2 19  0.542348
2 20  0.560564
2 21  0.537560
2 22  0.542905
2 23  0.551916
2 24  0.551349
2 25  0.538418
2 26  0.540553
3 4  0.599288
3 5  0.586604
3 6  0.578885
3 7  0.565353
3 8  0.552896
3 9  0.569245
3 10  0.571454
3 11  0.573599
3 12  0.570356
3 13  0.576266
3 14  0.556508
3 15  0.555976
3 16  0.565748
3 17  0.601538
3 18  0.590335
3 19  0.586752
3 20  0.553003
3 21  0.572105
3 22  0.573104
3 23  0.331284
3 24  0.583093
3 25  0.567260
3 26  0.571753
4 5  0.615652
4 6  0.603919
4 7  0.586960
4 8  0.608966
4 9  0.552603
4 10  0.592148
4 11  0.609785
4 12  0.554070
4 13  0.593659
4 14  0.579497
4 15  0.554195
4 16  0.605092
4 17  0.378591
4 18  0.617904
4 19  0.605747
4 20  0.612373
4 21  0.545452
4 22  0.593518
4 23  0.602488
4 24  0.595130
4 25  0.588990
4 26  0.546413
5 6  0.601345
5 7  0.547801
5 8  0.603615
5 9  0.585189
5 10  0.550188
5 11  0.605147
5 12  0.586256
5 13  0.598019
5 14  0.555551
5 15  0.572060
5 16  0.600938
5 17  0.617473
5 18  0.374408
5 19  0.603868
5 20  0.605238
5 21  0.588071
5 22  0.541338
5 23  0.590131
5 24  0.600802
5 25  0.540992
5 26  0.587787
6 7  0.573070
6 8  0.588096
6 9  0.575287
6 10  0.578254
6 11  0.577922
6 12  0.576306
6 13  0.552583
6 14  0.564824
6 15  0.546684
6 16  0.570658
6 17  0.604873
6 18  0.604077
6 19  0.344558
6 20  0.595999
6 21  0.577960
6 22  0.579602
6 23  0.587492
6 24  0.552717
6 25  0.575021
6 26  0.578044
7 8  0.575868
7 9  0.556486
7 10  0.510756
7 11  0.577028
7 12  0.557554
7 13  0.569722
7 14  0.545476
7 15  0.543333
7 16  0.576011
7 17  0.588756
7 18  0.540345
7 19  0.574954
7 20  0.579561
7 21  0.559408
7 22  0.507388
7 23  0.568182
7 24  0.572330
7 25  0.281117
7 26  0.559136
8 9  0.578716
8 10  0.581192
8 11  0.578266
8 12  0.579777
8 13  0.588024
8 14  0.547952
8 15  0.564182
8 16  0.571012
8 17  0.610929
8 18  0.603327
8 19  0.595054
8 20  0.352408
8 21  0.581558
8 22  0.582455
8 23  0.552969
8 24  0.593311
8 25  0.578374
8 26  0.581313
9 10  0.561671
9 11  0.579537
9 12  0.511435
9 13  0.570100
9 14  0.548997
9 15  0.544604
9 16  0.578306
9 17  0.545214
9 18  0.587406
9 19  0.577402
9 20  0.581962
9 21  0.508426
9 22  0.563068
9 23  0.571895
9 24  0.573184
9 25  0.558577
9 26  0.283262
10 11  0.582549
10 12  0.562737
10 13  0.574964
10 14  0.546811
10 15  0.548518
10 16  0.581269
10 17  0.593981
10 18  0.544951
10 19  0.580225
10 20  0.584167
10 21  0.564597
10 22  0.285414
10 23  0.574724
10 24  0.577749
10 25  0.506447
10 26  0.564332
11 12  0.580734
11 13  0.573391
11 14  0.563741
11 15  0.560973
11 16  0.400309
11 17  0.608155
11 18  0.604633
11 19  0.574177
11 20  0.574504
11 21  0.582767
11 22  0.584018
11 23  0.570393
11 24  0.569289
11 25  0.579279
11 26  0.582193
12 13  0.572315
12 14  0.550026
12 15  0.542284
12 16  0.579556
12 17  0.548108
12 18  0.588509
12 19  0.578081
12 20  0.582945
12 21  0.283961
12 22  0.564139
12 23  0.573098
12 24  0.575906
12 25  0.559659
12 26  0.507491
13 14  0.562250
13 15  0.555020
13 16  0.564778
13 17  0.594654
13 18  0.600400
13 19  0.551347
13 20  0.593763
13 21  0.574745
13 22  0.576314
13 23  0.583220
13 24  0.339276
13 25  0.571634
13 26  0.572623
14 15  0.535821
14 16  0.566753
14 17  0.581364
14 18  0.557914
14 19  0.566606
14 20  0.550656
14 21  0.551984
14 22  0.548279
14 23  0.559416
14 24  0.564620
14 25  0.544810
14 26  0.551721
15 16  0.562495
15 17  0.557786
15 18  0.574363
15 19  0.544551
15 20  0.567609
15 21  0.544165
15 22  0.549976
15 23  0.558261
15 24  0.559360
15 25  0.545498
15 26  0.544922
16 17  0.610231
16 18  0.606001
16 19  0.578900
16 20  0.581275
16 21  0.581213
16 22  0.582605
16 23  0.575401
16 24  0.575689
16 25  0.577818
16 26  0.580901
17 18  0.619807
17 19  0.607897
17 20  0.614028
17 21  0.558771
17 22  0.595412
17 23  0.603978
17 24  0.597776
17 25  0.590932
17 26  0.557283
18 19  0.605563
18 20  0.609280
18 21  0.590418
18 22  0.555051
18 23  0.591028
18 24  0.603100
18 25  0.552069
18 26  0.590155
19 20  0.593158
19 21  0.580272
19 22  0.581749
19 23  0.582568
19 24  0.555865
19 25  0.577241
19 26  0.580031
20 21  0.584964
20 22  0.585926
20 23  0.557197
20 24  0.593277
20 25  0.581286
20 26  0.584691
21 22  0.565995
21 23  0.575120
21 24  0.576496
21 25  0.561519
21 26  0.515144
22 23  0.575377
22 24  0.579247
22 25  0.513582
22 26  0.565733
23 24  0.581669
23 25  0.570034
23 26  0.574808
24 25  0.574715
24 26  0.575076
25 26  0.561257
