   -993.90087689
   -994.21710446
0.00008534074050
2 2 2 2 2 2 2 2 2 2 2 2 2 0 0 0 0 0 0 0 0 0 0 0 0 0 
1  0.270933
2  0.267565
3  0.302658
4  0.316199
5  0.312260
6  0.307389
7  0.280760
8  0.310967
9  0.282875
10  0.285736
11  0.311586
12  0.283943
13  0.304596
14  0.278654
15  0.275235
16  0.309569
17  0.318035
18  0.314490
19  0.310004
20  0.314704
21  0.285658
22  0.286979
23  0.305164
24  0.307788
25  0.282740
26  0.285427
1 2  0.538362
1 3  0.570423
1 4  0.587099
1 5  0.565775
1 6  0.577174
1 7  0.548183
1 8  0.559940
1 9  0.553807
1 10  0.551307
1 11  0.580711
1 12  0.554875
1 13  0.574914
1 14  0.252602
1 15  0.545509
1 16  0.574271
1 17  0.588924
1 18  0.564412
1 19  0.580042
1 20  0.564419
1 21  0.556535
1 22  0.553255
1 23  0.573481
1 24  0.578583
1 25  0.552717
1 26  0.556323
2 3  0.569283
2 4  0.565293
2 5  0.579784
2 6  0.554994
2 7  0.548323
2 8  0.577279
2 9  0.547510
2 10  0.553299
2 11  0.576458
2 12  0.546633
2 13  0.569530
2 14  0.545561
2 15  0.249089
2 16  0.571124
2 17  0.562691
2 18  0.581987
2 19  0.561504
2 20  0.580823
2 21  0.549056
2 22  0.554480
2 23  0.572477
2 24  0.571739
2 25  0.550262
2 26  0.552058
3 4  0.618219
3 5  0.604820
3 6  0.600998
3 7  0.581724
3 8  0.576966
3 9  0.585460
3 10  0.587619
3 11  0.596651
3 12  0.586586
3 13  0.600032
3 14  0.578176
3 15  0.577688
3 16  0.588240
3 17  0.620477
3 18  0.609217
3 19  0.610888
3 20  0.577295
3 21  0.588151
3 22  0.589189
3 23  0.354724
3 24  0.607739
3 25  0.583636
3 26  0.587775
4 5  0.628429
4 6  0.621356
4 7  0.596954
4 8  0.626782
4 9  0.562112
4 10  0.601934
4 11  0.627121
4 12  0.563715
4 13  0.610709
4 14  0.594828
4 15  0.569046
4 16  0.621798
4 17  0.392105
4 18  0.630614
4 19  0.623867
4 20  0.630782
4 21  0.554999
4 22  0.603136
4 23  0.621131
4 24  0.613173
4 25  0.598841
4 26  0.555959
5 6  0.619020
5 7  0.557759
5 8  0.621653
5 9  0.595130
5 10  0.560043
5 11  0.622750
5 12  0.596200
5 13  0.616238
5 14  0.570870
5 15  0.587458
5 16  0.617937
5 17  0.630216
5 18  0.388080
5 19  0.622225
5 20  0.623682
5 21  0.597855
5 22  0.551134
5 23  0.608589
5 24  0.619477
5 25  0.550950
5 26  0.597577
6 7  0.588119
6 8  0.610649
6 9  0.590034
6 10  0.593107
6 11  0.599994
6 12  0.591083
6 13  0.575415
6 14  0.585173
6 15  0.565928
6 16  0.592325
6 17  0.622323
6 18  0.621845
6 19  0.365707
6 20  0.619368
6 21  0.592658
6 22  0.594240
6 23  0.610796
6 24  0.576063
6 25  0.589965
6 26  0.592675
7 8  0.591186
7 9  0.563633
7 10  0.518240
7 11  0.591812
7 12  0.564701
7 13  0.585268
7 14  0.558052
7 15  0.555877
7 16  0.590102
7 17  0.598662
7 18  0.550255
7 19  0.590432
7 20  0.595301
7 21  0.566412
7 22  0.514789
7 23  0.584286
7 24  0.588118
7 25  0.288364
7 26  0.566159
8 9  0.593829
8 10  0.596353
8 11  0.600173
8 12  0.594890
8 13  0.610558
8 14  0.567576
8 15  0.584795
8 16  0.592244
8 17  0.628833
8 18  0.621418
8 19  0.618418
8 20  0.373950
8 21  0.596496
8 22  0.597507
8 23  0.576948
8 24  0.616909
8 25  0.593616
8 26  0.596318
9 10  0.568610
9 11  0.594030
9 12  0.518526
9 13  0.585177
9 14  0.561423
9 15  0.556808
9 16  0.592179
9 17  0.554711
9 18  0.597213
9 19  0.592656
9 20  0.597387
9 21  0.515517
9 22  0.569852
9 23  0.587621
9 24  0.588777
9 25  0.565591
9 26  0.290241
10 11  0.597132
10 12  0.569676
10 13  0.590319
10 14  0.559191
10 15  0.560834
10 16  0.595173
10 17  0.603710
10 18  0.554702
10 19  0.595500
10 20  0.599797
10 21  0.571394
10 22  0.292214
10 23  0.590533
10 24  0.593412
10 25  0.513910
10 26  0.571160
11 12  0.595245
11 13  0.594913
11 14  0.583906
11 15  0.581029
11 16  0.422933
11 17  0.625714
11 18  0.622397
11 19  0.597003
11 20  0.597353
11 21  0.597205
11 22  0.598504
11 23  0.592901
11 24  0.590872
11 25  0.593993
11 26  0.596659
12 13  0.587388
12 14  0.562455
12 15  0.554404
12 16  0.593435
12 17  0.557656
12 18  0.598338
12 19  0.593391
12 20  0.598369
12 21  0.290709
12 22  0.570921
12 23  0.588886
12 24  0.591438
12 25  0.566680
12 26  0.514643
13 14  0.583086
13 15  0.575674
13 16  0.585925
13 17  0.612639
13 18  0.618535
13 19  0.574797
13 20  0.617440
13 21  0.589828
13 22  0.591486
13 23  0.607212
13 24  0.362001
13 25  0.586969
13 26  0.587930
14 15  0.553674
14 16  0.586017
14 17  0.596640
14 18  0.572715
14 19  0.587249
14 20  0.569385
14 21  0.564312
14 22  0.560212
14 23  0.580561
14 24  0.585645
14 25  0.557034
14 26  0.564079
15 16  0.581690
15 17  0.572065
15 18  0.589665
15 19  0.563151
15 20  0.588332
15 21  0.555978
15 22  0.562214
15 23  0.579194
15 24  0.580132
15 25  0.557973
15 26  0.556892
16 17  0.626795
16 18  0.622797
16 19  0.600967
16 20  0.602918
16 21  0.594919
16 22  0.596304
16 23  0.597344
16 24  0.596978
16 25  0.591708
16 26  0.594533
17 18  0.632471
17 19  0.625789
17 20  0.632239
17 21  0.568150
17 22  0.605011
17 23  0.622407
17 24  0.615201
17 25  0.600764
17 26  0.566473
18 19  0.623714
18 20  0.627677
18 21  0.600144
18 22  0.564590
18 23  0.608827
18 24  0.621508
18 25  0.561735
18 26  0.599908
19 20  0.616411
19 21  0.595472
19 22  0.596967
19 23  0.604779
19 24  0.579306
19 25  0.592687
19 26  0.595173
20 21  0.600344
20 22  0.601385
20 23  0.581133
20 24  0.616513
20 25  0.596900
20 26  0.600105
21 22  0.572635
21 23  0.590800
21 24  0.591449
21 25  0.568397
21 26  0.522171
22 23  0.590921
22 24  0.594741
22 25  0.520881
22 26  0.572405
23 24  0.605388
23 25  0.585713
23 26  0.590495
24 25  0.590406
24 26  0.590370
25 26  0.568166
