   -993.90087689
   -994.21876795
0.00002994295430
2 2 2 2 2 2 2 2 2 2 2 2 2 0 0 0 0 0 0 0 0 0 0 0 0 0 
1  0.275499
2  0.272317
3  0.310080
4  0.319441
5  0.315622
6  0.314234
7  0.282986
8  0.317444
9  0.284948
10  0.287654
11  0.318809
12  0.285713
13  0.311505
14  0.283697
15  0.280292
16  0.315944
17  0.321441
18  0.318109
19  0.316447
20  0.320803
21  0.287505
22  0.288946
23  0.312587
24  0.314710
25  0.285090
26  0.287689
1 2  0.547611
1 3  0.582288
1 4  0.594897
1 5  0.573458
1 6  0.588375
1 7  0.554828
1 8  0.569571
1 9  0.560446
1 10  0.557567
1 11  0.592261
1 12  0.561210
1 13  0.586256
1 14  0.261305
1 15  0.554994
1 16  0.585184
1 17  0.596877
1 18  0.572644
1 19  0.591018
1 20  0.574752
1 21  0.562912
1 22  0.559716
1 23  0.585423
1 24  0.590038
1 25  0.559583
1 26  0.563135
2 3  0.581221
2 4  0.573032
2 5  0.587881
2 6  0.565187
2 7  0.555301
2 8  0.588232
2 9  0.554247
2 10  0.559967
2 11  0.588166
2 12  0.552957
2 13  0.581117
2 14  0.555205
2 15  0.257656
2 16  0.582270
2 17  0.570941
2 18  0.590351
2 19  0.572238
2 20  0.591586
2 21  0.555593
2 22  0.561171
2 23  0.584617
2 24  0.583437
2 25  0.557349
2 26  0.559024
3 4  0.628741
3 5  0.614869
3 6  0.614136
3 7  0.591175
3 8  0.590792
3 9  0.594938
3 10  0.596812
3 11  0.610715
3 12  0.595770
3 13  0.613543
3 14  0.590577
3 15  0.590116
3 16  0.601778
3 17  0.631297
3 18  0.620093
3 19  0.624481
3 20  0.590900
3 21  0.597368
3 22  0.598518
3 23  0.368093
3 24  0.621912
3 25  0.593352
3 26  0.597384
4 5  0.635017
4 6  0.631302
4 7  0.602418
4 8  0.636417
4 9  0.567355
4 10  0.607091
4 11  0.637490
4 12  0.568884
4 13  0.620186
4 14  0.603096
4 15  0.577413
4 16  0.631439
4 17  0.398743
4 18  0.637460
4 19  0.633536
4 20  0.640114
4 21  0.560218
4 22  0.608320
4 23  0.631778
4 24  0.623234
4 25  0.604383
4 26  0.561479
5 6  0.629089
5 7  0.563341
5 8  0.631386
5 9  0.600563
5 10  0.565457
5 11  0.633194
5 12  0.601330
5 13  0.626348
5 14  0.579341
5 15  0.595868
5 16  0.627720
5 17  0.636967
5 18  0.395118
5 19  0.632016
5 20  0.633180
5 21  0.603047
5 22  0.556564
5 23  0.619266
5 24  0.629712
5 25  0.556727
5 26  0.603160
6 7  0.597178
6 8  0.623333
6 9  0.598900
6 10  0.601867
6 11  0.613859
6 12  0.599685
6 13  0.589173
6 14  0.596975
6 15  0.577225
6 16  0.605526
6 17  0.632561
6 18  0.632297
6 19  0.377796
6 20  0.632192
6 21  0.601335
6 22  0.603005
6 23  0.624741
6 24  0.589988
6 25  0.599096
6 26  0.601739
7 8  0.599799
7 9  0.567932
7 10  0.522628
7 11  0.601134
7 12  0.568696
7 13  0.594370
7 14  0.565283
7 15  0.563134
7 16  0.598688
7 17  0.604237
7 18  0.556178
7 19  0.599040
7 20  0.603598
7 21  0.570489
7 22  0.519287
7 23  0.593899
7 24  0.597204
7 25  0.292817
7 26  0.570635
8 9  0.602369
8 10  0.604719
8 11  0.613434
8 12  0.603129
8 13  0.623422
8 14  0.578445
8 15  0.596219
8 16  0.604948
8 17  0.638709
8 18  0.631470
8 19  0.631248
8 20  0.385938
8 21  0.604781
8 22  0.605945
8 23  0.590971
8 24  0.630135
8 25  0.602416
8 26  0.605031
9 10  0.572600
9 11  0.603237
9 12  0.522600
9 13  0.593926
9 14  0.568514
9 15  0.563899
9 16  0.600620
9 17  0.560217
9 18  0.602870
9 19  0.601135
9 20  0.605525
9 21  0.519742
9 22  0.573893
9 23  0.597045
9 24  0.597739
9 25  0.569999
9 26  0.294571
10 11  0.606236
10 12  0.573363
10 13  0.599136
10 14  0.566129
10 15  0.567770
10 16  0.603459
10 17  0.609006
10 18  0.560352
10 19  0.603826
10 20  0.607815
10 21  0.575157
10 22  0.295943
10 23  0.599824
10 24  0.602233
10 25  0.518469
10 26  0.575339
11 12  0.604177
11 13  0.608120
11 14  0.596138
11 15  0.593284
11 16  0.435826
11 17  0.636291
11 18  0.633178
11 19  0.610504
11 20  0.610466
11 21  0.606269
11 22  0.607682
11 23  0.607165
11 24  0.604449
11 25  0.603552
11 26  0.606115
12 13  0.595860
12 14  0.569222
12 15  0.561206
12 16  0.601571
12 17  0.562963
12 18  0.603714
12 19  0.601602
12 20  0.606206
12 21  0.294276
12 22  0.574656
12 23  0.598039
12 24  0.600076
12 25  0.570799
12 26  0.518990
13 14  0.595000
13 15  0.587648
13 16  0.598830
13 17  0.622803
13 18  0.629062
13 19  0.588288
13 20  0.630266
13 21  0.598523
13 22  0.600337
13 23  0.621385
13 24  0.374749
13 25  0.596180
13 26  0.597022
14 15  0.563701
14 16  0.597178
14 17  0.605079
14 18  0.581110
14 19  0.598551
14 20  0.579086
14 21  0.571201
14 22  0.567034
14 23  0.592871
14 24  0.597461
14 25  0.564254
14 26  0.571384
15 16  0.592869
15 17  0.580254
15 18  0.598315
15 19  0.573226
15 20  0.599270
15 21  0.562726
15 22  0.569237
15 23  0.591432
15 24  0.592029
15 25  0.565379
15 26  0.564087
16 17  0.636461
16 18  0.632659
16 19  0.613712
16 20  0.615031
16 21  0.603067
16 22  0.604604
16 23  0.610715
16 24  0.609582
16 25  0.600321
16 26  0.603097
17 18  0.639478
17 19  0.635497
17 20  0.641660
17 21  0.573592
17 22  0.610381
17 23  0.633103
17 24  0.624773
17 25  0.606516
17 26  0.572009
18 19  0.633591
18 20  0.637284
18 21  0.605607
18 22  0.570309
18 23  0.619062
18 24  0.631887
18 25  0.567647
18 26  0.605786
19 20  0.628432
19 21  0.603745
19 22  0.605376
19 23  0.617584
19 24  0.592675
19 25  0.601476
19 26  0.603826
20 21  0.608287
20 22  0.609414
20 23  0.594576
20 24  0.629023
20 25  0.605257
20 26  0.608456
21 22  0.576449
21 23  0.600049
21 24  0.599956
21 25  0.572593
21 26  0.526546
22 23  0.600132
22 24  0.603617
22 25  0.525451
22 26  0.576633
23 24  0.618952
23 25  0.595261
23 26  0.600157
24 25  0.599656
24 26  0.599249
25 26  0.572775
