   -993.90087689
   -994.21938521
0.00000011461694
2 2 2 2 2 2 2 2 2 2 2 2 2 0 0 0 0 0 0 0 0 0 0 0 0 0 
1  0.277459
2  0.274170
3  0.312851
4  0.320853
5  0.317061
6  0.316719
7  0.283923
8  0.320023
9  0.285872
10  0.288457
11  0.321462
12  0.286486
13  0.314178
14  0.285776
15  0.282283
16  0.318502
17  0.322820
18  0.319548
19  0.318909
20  0.323332
21  0.288286
22  0.289766
23  0.315334
24  0.317338
25  0.286064
26  0.288638
1 2  0.551367
1 3  0.586969
1 4  0.598253
1 5  0.576799
1 6  0.592759
1 7  0.557694
1 8  0.573457
1 9  0.563328
1 10  0.560298
1 11  0.596794
1 12  0.563941
1 13  0.590800
1 14  0.265062
1 15  0.558833
1 16  0.589669
1 17  0.600204
1 18  0.576080
1 19  0.595424
1 20  0.579056
1 21  0.565611
1 22  0.562517
1 23  0.590107
1 24  0.594605
1 25  0.562503
1 26  0.566024
2 3  0.585725
2 4  0.576223
2 5  0.591149
2 6  0.568963
2 7  0.558090
2 8  0.592580
2 9  0.557001
2 10  0.562622
2 11  0.592593
2 12  0.555551
2 13  0.585613
2 14  0.559027
2 15  0.261209
2 16  0.586695
2 17  0.574212
2 18  0.593629
2 19  0.576391
2 20  0.595941
2 21  0.558242
2 22  0.563799
2 23  0.589211
2 24  0.587911
2 25  0.560149
2 26  0.561811
3 4  0.632856
3 5  0.618814
3 6  0.618908
3 7  0.594835
3 8  0.596177
3 9  0.598622
3 10  0.600343
3 11  0.615941
3 12  0.599305
3 13  0.618724
3 14  0.595400
3 15  0.594861
3 16  0.606985
3 17  0.635424
3 18  0.624243
3 19  0.629573
3 20  0.596244
3 21  0.600909
3 22  0.602071
3 23  0.373383
3 24  0.627300
3 25  0.597098
3 26  0.601044
4 5  0.637856
4 6  0.635162
4 7  0.604764
4 8  0.640356
4 9  0.569715
4 10  0.609303
4 11  0.641504
4 12  0.571182
4 13  0.624010
4 14  0.606575
4 15  0.580824
4 16  0.635379
4 17  0.401741
4 18  0.640302
4 19  0.637386
4 20  0.644038
4 21  0.562500
4 22  0.610537
4 23  0.635916
4 24  0.627231
4 25  0.606724
4 26  0.563895
5 6  0.632938
5 7  0.565749
5 8  0.635374
5 9  0.602922
5 10  0.567796
5 11  0.637243
5 12  0.603538
5 13  0.630378
5 14  0.582867
5 15  0.599286
5 16  0.631691
5 17  0.639779
5 18  0.398229
5 19  0.635911
5 20  0.637138
5 21  0.605240
5 22  0.558911
5 23  0.623393
5 24  0.633749
5 25  0.559194
5 26  0.605496
6 7  0.600587
6 8  0.628251
6 9  0.602282
6 10  0.605152
6 11  0.618918
6 12  0.602936
6 13  0.594392
6 14  0.601510
6 15  0.581483
6 16  0.610518
6 17  0.636403
6 18  0.636210
6 19  0.382571
6 20  0.637183
6 21  0.604606
6 22  0.606240
6 23  0.629824
6 24  0.595213
6 25  0.602550
6 26  0.605158
7 8  0.603270
7 9  0.569786
7 10  0.524480
7 11  0.604666
7 12  0.570402
7 13  0.597962
7 14  0.568280
7 15  0.566032
7 16  0.602177
7 17  0.606510
7 18  0.558615
7 19  0.602432
7 20  0.607049
7 21  0.572203
7 22  0.521193
7 23  0.597586
7 24  0.600700
7 25  0.294797
7 26  0.572499
8 9  0.605864
8 10  0.608092
8 11  0.618466
8 12  0.606478
8 13  0.628414
8 14  0.582864
8 15  0.600772
8 16  0.609900
8 17  0.642642
8 18  0.635486
8 19  0.636278
8 20  0.390944
8 21  0.608074
8 22  0.609343
8 23  0.596381
8 24  0.635245
8 25  0.605955
8 26  0.608557
9 10  0.574323
9 11  0.606763
9 12  0.524408
9 13  0.597452
9 14  0.571490
9 15  0.566794
9 16  0.604097
9 17  0.562578
9 18  0.605172
9 19  0.604510
9 20  0.608974
9 21  0.521597
9 22  0.575634
9 23  0.600643
9 24  0.601297
9 25  0.571875
9 26  0.296513
10 11  0.609665
10 12  0.574938
10 13  0.602601
10 14  0.569024
10 15  0.570510
10 16  0.606804
10 17  0.611180
10 18  0.562680
10 19  0.607021
10 20  0.611153
10 21  0.576741
10 22  0.297641
10 23  0.603344
10 24  0.605654
10 25  0.520402
10 26  0.577092
11 12  0.607559
11 13  0.613078
11 14  0.600822
11 15  0.597936
11 16  0.441340
11 17  0.640292
11 18  0.637244
11 19  0.615554
11 20  0.615534
11 21  0.609695
11 22  0.611144
11 23  0.612429
11 24  0.609477
11 25  0.607169
11 26  0.609708
12 13  0.599240
12 14  0.572020
12 15  0.563980
12 16  0.604890
12 17  0.565202
12 18  0.605902
12 19  0.604852
12 20  0.609442
12 21  0.295897
12 22  0.576249
12 23  0.601543
12 24  0.603448
12 25  0.572545
12 26  0.520868
13 14  0.599734
13 15  0.592308
13 16  0.603836
13 17  0.626811
13 18  0.633144
13 19  0.593485
13 20  0.635373
13 21  0.601940
13 22  0.603812
13 23  0.626799
13 24  0.379909
13 25  0.599763
13 26  0.600646
14 15  0.567716
14 16  0.601710
14 17  0.608515
14 18  0.584574
14 19  0.603015
14 20  0.583038
14 21  0.574060
14 22  0.569899
14 23  0.597648
14 24  0.602097
14 25  0.567269
14 26  0.574411
15 16  0.597333
15 17  0.583553
15 18  0.601716
15 19  0.577108
15 20  0.603685
15 21  0.565466
15 22  0.572047
15 23  0.596064
15 24  0.596619
15 25  0.568345
15 26  0.566999
16 17  0.640348
16 18  0.636610
16 19  0.618685
16 20  0.619951
16 21  0.606369
16 22  0.607947
16 23  0.615831
16 24  0.614452
16 25  0.603788
16 26  0.606558
17 18  0.642287
17 19  0.639305
17 20  0.645532
17 21  0.575866
17 22  0.612573
17 23  0.637143
17 24  0.628527
17 25  0.608866
17 26  0.574338
18 19  0.637426
18 20  0.641217
18 21  0.607820
18 22  0.572675
18 23  0.622982
18 24  0.635841
18 25  0.570074
18 26  0.608171
19 20  0.633263
19 21  0.606983
19 22  0.608654
19 23  0.622295
19 24  0.597817
19 25  0.604899
19 26  0.607215
20 21  0.611595
20 22  0.612754
20 23  0.599883
20 24  0.633907
20 25  0.608721
20 26  0.611925
21 22  0.578048
21 23  0.603564
21 24  0.603260
21 25  0.574343
21 26  0.528389
22 23  0.603622
22 24  0.607048
22 25  0.527364
22 26  0.578396
23 24  0.624098
23 25  0.598916
23 26  0.603842
24 25  0.603235
24 26  0.602743
25 26  0.574692
