  -1146.53678999
  -1146.90443039
0.00008234684980
2 2 2 2 2 2 2 2 2 2 2 2 2 2 2 0 0 0 0 0 0 0 0 0 0 0 0 0 0 0 
1  0.270205
2  0.296717
3  0.285674
4  0.261643
5  0.280813
6  0.282778
7  0.307221
8  0.307849
9  0.326530
10  0.303494
11  0.300202
12  0.309899
13  0.320488
14  0.317488
15  0.314458
16  0.311007
17  0.278710
18  0.301959
19  0.290646
20  0.266653
21  0.283649
22  0.284860
23  0.313921
24  0.309512
25  0.326432
26  0.308861
27  0.305540
28  0.324596
29  0.319447
30  0.301625
1 2  0.566833
1 3  0.555687
1 4  0.531608
1 5  0.550961
1 6  0.552867
1 7  0.575295
1 8  0.573225
1 9  0.595787
1 10  0.570094
1 11  0.555966
1 12  0.579594
1 13  0.567092
1 14  0.587326
1 15  0.582818
1 16  0.579775
1 17  0.251688
1 18  0.572055
1 19  0.560308
1 20  0.536814
1 21  0.553680
1 22  0.554361
1 23  0.578991
1 24  0.573562
1 25  0.596026
1 26  0.578001
1 27  0.573465
1 28  0.572693
1 29  0.589431
1 30  0.557548
2 3  0.537974
2 4  0.558354
2 5  0.577529
2 6  0.579495
2 7  0.602161
2 8  0.604552
2 9  0.615352
2 10  0.600111
2 11  0.596911
2 12  0.606613
2 13  0.616157
2 14  0.589354
2 15  0.608681
2 16  0.606988
2 17  0.575364
2 18  0.290418
2 19  0.542130
2 20  0.563300
2 21  0.580364
2 22  0.581577
2 23  0.604352
2 24  0.606199
2 25  0.618952
2 26  0.605558
2 27  0.601954
2 28  0.620943
2 29  0.590175
2 30  0.598316
3 4  0.547314
3 5  0.566486
3 6  0.568452
3 7  0.591244
3 8  0.593508
3 9  0.592627
3 10  0.589095
3 11  0.585862
3 12  0.595572
3 13  0.604308
3 14  0.597117
3 15  0.595272
3 16  0.596476
3 17  0.563904
3 18  0.542398
3 19  0.282337
3 20  0.552286
3 21  0.569323
3 22  0.570532
3 23  0.593180
3 24  0.595183
3 25  0.601447
3 26  0.594509
3 27  0.591176
3 28  0.609066
3 29  0.595604
3 30  0.587202
4 5  0.537341
4 6  0.541435
4 7  0.568508
4 8  0.557742
4 9  0.588149
4 10  0.559443
4 11  0.554931
4 12  0.552449
4 13  0.582044
4 14  0.579107
4 15  0.576025
4 16  0.571535
4 17  0.540271
4 18  0.563522
4 19  0.552238
4 20  0.246235
4 21  0.541445
4 22  0.545290
4 23  0.575446
4 24  0.551348
4 25  0.587862
4 26  0.544942
4 27  0.562823
4 28  0.586227
4 29  0.580908
4 30  0.561846
5 6  0.515684
5 7  0.588011
5 8  0.586412
5 9  0.607342
5 10  0.583981
5 11  0.580917
5 12  0.558950
5 13  0.601297
5 14  0.598301
5 15  0.595268
5 16  0.591628
5 17  0.559304
5 18  0.582767
5 19  0.571458
5 20  0.543746
5 21  0.284132
5 22  0.513321
5 23  0.594653
5 24  0.589998
5 25  0.607231
5 26  0.548134
5 27  0.585768
5 28  0.605338
5 29  0.600235
5 30  0.581966
6 7  0.589970
6 8  0.587775
6 9  0.609307
6 10  0.586035
6 11  0.582642
6 12  0.558106
6 13  0.603260
6 14  0.600265
6 15  0.597230
6 16  0.593710
6 17  0.560713
6 18  0.584738
6 19  0.573423
6 20  0.548148
6 21  0.512318
6 22  0.286887
6 23  0.596636
6 24  0.590739
6 25  0.609210
6 26  0.549308
6 27  0.588052
6 28  0.607246
6 29  0.602220
6 30  0.583351
7 8  0.613422
7 9  0.619544
7 10  0.600086
7 11  0.606774
7 12  0.617042
7 13  0.594152
7 14  0.617378
7 15  0.610845
7 16  0.357387
7 17  0.584138
7 18  0.608409
7 19  0.597647
7 20  0.572681
7 21  0.590776
7 22  0.592066
7 23  0.605815
7 24  0.615112
7 25  0.629375
7 26  0.615901
7 27  0.604197
7 28  0.596280
7 29  0.622670
7 30  0.608317
8 9  0.634204
8 10  0.579334
8 11  0.577882
8 12  0.609049
8 13  0.627961
8 14  0.625225
8 15  0.622201
8 16  0.617292
8 17  0.580702
8 18  0.609792
8 19  0.598489
8 20  0.557976
8 21  0.591137
8 22  0.590955
8 23  0.620915
8 24  0.406878
8 25  0.634253
8 26  0.600851
8 27  0.573415
8 28  0.631295
8 29  0.627143
8 30  0.575064
9 10  0.629147
9 11  0.626668
9 12  0.636419
9 13  0.638695
9 14  0.607306
9 15  0.617499
9 16  0.633194
9 17  0.604665
9 18  0.623575
9 19  0.606151
9 20  0.592981
9 21  0.610174
9 22  0.611389
9 23  0.612533
9 24  0.636009
9 25  0.405395
9 26  0.635318
9 27  0.631555
9 28  0.647707
9 29  0.607551
9 30  0.627964
10 11  0.570366
10 12  0.612179
10 13  0.623231
10 14  0.620354
10 15  0.616984
10 16  0.604788
10 17  0.578792
10 18  0.605110
10 19  0.594078
10 20  0.565777
10 21  0.586689
10 22  0.588186
10 23  0.615404
10 24  0.576983
10 25  0.629300
10 26  0.610989
10 27  0.372790
10 28  0.627052
10 29  0.621819
10 30  0.563303
11 12  0.606930
11 13  0.619245
11 14  0.617663
11 15  0.614491
11 16  0.610650
11 17  0.566250
11 18  0.602083
11 19  0.590686
11 20  0.564806
11 21  0.583348
11 22  0.584144
11 23  0.613746
11 24  0.571909
11 25  0.626323
11 26  0.608208
11 27  0.566374
11 28  0.622629
11 29  0.619583
11 30  0.360975
12 13  0.630342
12 14  0.627377
12 15  0.624345
12 16  0.620815
12 17  0.587386
12 18  0.611838
12 19  0.600518
12 20  0.549101
12 21  0.552471
12 22  0.550715
12 23  0.623807
12 24  0.603601
12 25  0.636270
12 26  0.382521
12 27  0.614399
12 28  0.634298
12 29  0.629324
12 30  0.610447
13 14  0.633904
13 15  0.612548
13 16  0.596759
13 17  0.576090
13 18  0.621993
13 19  0.609880
13 20  0.587135
13 21  0.604073
13 22  0.605209
13 23  0.608589
13 24  0.628743
13 25  0.643820
13 26  0.629169
13 27  0.624780
13 28  0.380330
13 29  0.636735
13 30  0.619796
14 15  0.608086
14 16  0.624748
14 17  0.595898
14 18  0.592579
14 19  0.598051
14 20  0.583968
14 21  0.601123
14 22  0.602347
14 23  0.601033
14 24  0.626807
14 25  0.606089
14 26  0.626323
14 27  0.621949
14 28  0.638701
14 29  0.409502
14 30  0.619087
15 16  0.610048
15 17  0.587873
15 18  0.609930
15 19  0.599040
15 20  0.580987
15 21  0.598053
15 22  0.599275
15 23  0.428807
15 24  0.623117
15 25  0.613525
15 26  0.623312
15 27  0.617998
15 28  0.612503
15 29  0.603492
15 30  0.615753
16 17  0.587506
16 18  0.610981
16 19  0.599609
16 20  0.577183
16 21  0.594644
16 22  0.595846
16 23  0.614048
16 24  0.618612
16 25  0.621908
16 26  0.619781
16 27  0.604104
16 28  0.600043
16 29  0.622687
16 30  0.611801
17 18  0.580541
17 19  0.569119
17 20  0.545029
17 21  0.562296
17 22  0.563441
17 23  0.590342
17 24  0.583303
17 25  0.604130
17 26  0.587030
17 27  0.580665
17 28  0.577264
17 29  0.597693
17 30  0.562451
18 19  0.546243
18 20  0.568606
18 21  0.585608
18 22  0.586819
18 23  0.612849
18 24  0.611450
18 25  0.620548
18 26  0.610818
18 27  0.607362
18 28  0.625195
18 29  0.595369
18 30  0.603572
19 20  0.557296
19 21  0.574294
19 22  0.575505
19 23  0.599122
19 24  0.600137
19 25  0.595642
19 26  0.599505
19 27  0.596074
19 28  0.613044
19 29  0.603801
19 30  0.592252
20 21  0.544610
20 22  0.547213
20 23  0.580470
20 24  0.561513
20 25  0.593051
20 26  0.555644
20 27  0.566192
20 28  0.591136
20 29  0.586068
20 30  0.561286
21 22  0.519795
21 23  0.597568
21 24  0.590383
21 25  0.610080
21 26  0.560219
21 27  0.589008
21 28  0.608242
21 29  0.603096
21 30  0.585139
22 23  0.598775
22 24  0.591014
22 25  0.611290
22 26  0.559663
22 27  0.590176
22 28  0.609449
22 29  0.604306
22 30  0.586033
23 24  0.623287
23 25  0.616665
23 26  0.622764
23 27  0.618378
23 28  0.616771
23 29  0.611051
23 30  0.615429
24 25  0.635726
24 26  0.609803
24 27  0.585015
24 28  0.633817
24 29  0.628811
24 30  0.582039
25 26  0.635284
25 27  0.630858
25 28  0.642526
25 29  0.608034
25 30  0.627957
26 27  0.612689
26 28  0.633403
26 29  0.628300
26 30  0.606913
27 28  0.629313
27 29  0.624239
27 30  0.572170
28 29  0.639260
28 30  0.624834
29 30  0.621028
