  -1146.53678999
  -1146.90659519
0.00002777633580
2 2 2 2 2 2 2 2 2 2 2 2 2 2 2 0 0 0 0 0 0 0 0 0 0 0 0 0 0 0 
1  0.276516
2  0.300192
3  0.289224
4  0.265556
5  0.282719
6  0.284892
7  0.315497
8  0.313059
9  0.332621
10  0.309707
11  0.305449
12  0.313150
13  0.327147
14  0.322514
15  0.320313
16  0.319358
17  0.285468
18  0.305423
19  0.294426
20  0.270852
21  0.285477
22  0.286896
23  0.319374
24  0.314968
25  0.332239
26  0.311946
27  0.312016
28  0.331083
29  0.324543
30  0.306815
1 2  0.576583
1 3  0.565486
1 4  0.541772
1 5  0.559153
1 6  0.561253
1 7  0.589813
1 8  0.584393
1 9  0.608077
1 10  0.582575
1 11  0.566555
1 12  0.589120
1 13  0.578381
1 14  0.598596
1 15  0.594779
1 16  0.594363
1 17  0.263452
1 18  0.581789
1 19  0.570285
1 20  0.547309
1 21  0.561784
1 22  0.562615
1 23  0.590710
1 24  0.585324
1 25  0.608096
1 26  0.587325
1 27  0.586228
1 28  0.585087
1 29  0.600806
1 30  0.568916
2 3  0.545265
2 4  0.565741
2 5  0.582909
2 6  0.585084
2 7  0.613576
2 8  0.613226
2 9  0.624645
2 10  0.609759
2 11  0.605627
2 12  0.613339
2 13  0.626057
2 14  0.596956
2 15  0.617887
2 16  0.618703
2 17  0.585552
2 18  0.297004
2 19  0.549764
2 20  0.570906
2 21  0.585664
2 22  0.587087
2 23  0.613169
2 24  0.615123
2 25  0.628266
2 26  0.612094
2 27  0.611844
2 28  0.630826
2 29  0.598645
2 30  0.606970
3 4  0.554777
3 5  0.571942
3 6  0.574115
3 7  0.602741
3 8  0.602256
3 9  0.601131
3 10  0.598825
3 11  0.594654
3 12  0.602373
3 13  0.614240
3 14  0.605652
3 15  0.604390
3 16  0.608335
3 17  0.574079
3 18  0.549811
3 19  0.289153
3 20  0.560008
3 21  0.574701
3 22  0.576116
3 23  0.602106
3 24  0.604188
3 25  0.610430
3 26  0.601127
3 27  0.601192
3 28  0.619026
3 29  0.604349
3 30  0.595914
4 5  0.542928
4 6  0.547345
4 7  0.580630
4 8  0.566692
4 9  0.598139
4 10  0.569158
4 11  0.563631
4 12  0.559375
4 13  0.592587
4 14  0.588033
4 15  0.585756
4 16  0.583716
4 17  0.550927
4 18  0.570824
4 19  0.559892
4 20  0.253483
4 21  0.547118
4 22  0.551180
4 23  0.584773
4 24  0.560765
4 25  0.597485
4 26  0.551992
4 27  0.573096
4 28  0.596629
4 29  0.589830
4 30  0.570830
5 6  0.519923
5 7  0.598175
5 8  0.593239
5 9  0.615334
5 10  0.592051
5 11  0.588051
5 12  0.564189
5 13  0.609857
5 14  0.605229
5 15  0.603026
5 16  0.601843
5 17  0.567945
5 18  0.588129
5 19  0.577143
5 20  0.549759
5 21  0.287789
5 22  0.517535
5 23  0.601977
5 24  0.597302
5 25  0.614938
5 26  0.553218
5 27  0.594084
5 28  0.613734
5 29  0.607217
5 30  0.589028
6 7  0.600346
6 8  0.594806
6 9  0.617508
6 10  0.594313
6 11  0.589953
6 12  0.563257
6 13  0.612028
6 14  0.607402
6 15  0.605198
6 16  0.604159
6 17  0.569498
6 18  0.590315
6 19  0.579316
6 20  0.554397
6 21  0.516526
6 22  0.290974
6 23  0.604179
6 24  0.598269
6 25  0.617131
6 26  0.554502
6 27  0.596622
6 28  0.615837
6 29  0.609427
6 30  0.590607
7 8  0.626801
7 9  0.632282
7 10  0.613394
7 11  0.620291
7 12  0.628563
7 13  0.609084
7 14  0.629976
7 15  0.624674
7 16  0.372473
7 17  0.599095
7 18  0.620074
7 19  0.609667
7 20  0.585095
7 21  0.600847
7 22  0.602373
7 23  0.619437
7 24  0.628789
7 25  0.643001
7 26  0.627232
7 27  0.618609
7 28  0.611317
7 29  0.635895
7 30  0.621760
8 9  0.645456
8 10  0.590248
8 11  0.588355
8 12  0.617043
8 13  0.639801
8 14  0.635431
8 15  0.633251
8 16  0.630742
8 17  0.592628
8 18  0.618467
8 19  0.607475
8 20  0.567369
8 21  0.598117
8 22  0.598201
8 23  0.631573
8 24  0.417130
8 25  0.645271
8 26  0.609000
8 27  0.584802
8 28  0.643041
8 29  0.637457
8 30  0.585435
9 10  0.641235
9 11  0.637980
9 12  0.645761
9 13  0.650969
9 14  0.618491
9 15  0.629483
9 16  0.647136
9 17  0.617422
9 18  0.633126
9 19  0.615566
9 20  0.603199
9 21  0.618089
9 22  0.619515
9 23  0.624114
9 24  0.647549
9 25  0.416482
9 26  0.644466
9 27  0.644028
9 28  0.660169
9 29  0.618869
9 30  0.639224
10 11  0.581932
10 12  0.621495
10 13  0.636055
10 14  0.631475
10 15  0.628985
10 16  0.619127
10 17  0.591763
10 18  0.614704
10 19  0.604045
10 20  0.576062
10 21  0.594687
10 22  0.596417
10 23  0.627169
10 24  0.588211
10 25  0.641250
10 26  0.620239
10 27  0.384928
10 28  0.639757
10 29  0.633129
10 30  0.574818
11 12  0.615145
11 13  0.630941
11 14  0.627921
11 15  0.625552
11 16  0.624205
11 17  0.578022
11 18  0.610775
11 19  0.599677
11 20  0.574090
11 21  0.590422
11 22  0.591347
11 23  0.624414
11 24  0.582556
11 25  0.637356
11 26  0.616478
11 27  0.578213
11 28  0.634193
11 29  0.629925
11 30  0.370710
12 13  0.640243
12 14  0.635658
12 15  0.633448
12 16  0.632394
12 17  0.597337
12 18  0.618526
12 19  0.607524
12 20  0.556630
12 21  0.557584
12 22  0.555942
12 23  0.632515
12 24  0.612195
12 25  0.645285
12 26  0.388795
12 27  0.624036
12 28  0.644031
12 29  0.637648
12 30  0.618812
13 14  0.645271
13 15  0.624421
13 16  0.611993
13 17  0.589029
13 18  0.632053
13 19  0.620236
13 20  0.597991
13 21  0.612547
13 22  0.613889
13 23  0.620487
13 24  0.640873
13 25  0.656210
13 26  0.638892
13 27  0.637905
13 28  0.392915
13 29  0.648361
13 30  0.631543
14 15  0.618341
14 16  0.637962
14 17  0.607646
14 18  0.600863
14 19  0.606960
14 20  0.593095
14 21  0.607967
14 22  0.609409
14 23  0.611207
14 24  0.637278
14 25  0.617026
14 26  0.634409
14 27  0.633450
14 28  0.650070
14 29  0.419176
14 30  0.629301
15 16  0.624159
15 17  0.600321
15 18  0.619121
15 19  0.608658
15 20  0.590976
15 21  0.605710
15 22  0.607159
15 23  0.439598
15 24  0.634418
15 25  0.625167
15 26  0.632257
15 27  0.630447
15 28  0.624608
15 29  0.613993
15 30  0.626749
16 17  0.602522
16 18  0.622395
16 19  0.611420
16 20  0.589657
16 21  0.604810
16 22  0.606222
16 23  0.627608
16 24  0.632254
16 25  0.634566
16 26  0.631199
16 27  0.617621
16 28  0.614852
16 29  0.635415
16 30  0.625352
17 18  0.590730
17 19  0.579568
17 20  0.555938
17 21  0.570853
17 22  0.572190
17 23  0.602287
17 24  0.595171
17 25  0.616586
17 26  0.596810
17 27  0.593833
17 28  0.588781
17 29  0.609472
17 30  0.573382
18 19  0.553760
18 20  0.576267
18 21  0.590899
18 22  0.592319
18 23  0.621589
18 24  0.620350
18 25  0.629632
18 26  0.617368
18 27  0.617238
18 28  0.634993
18 29  0.603190
18 30  0.612213
19 20  0.565275
19 21  0.579902
19 22  0.581321
19 23  0.608070
19 24  0.609353
19 25  0.604002
19 26  0.606371
19 27  0.606284
19 28  0.623044
19 29  0.612631
19 30  0.601208
20 21  0.550452
20 22  0.553288
20 23  0.590087
20 24  0.570932
20 25  0.603041
20 26  0.562691
20 27  0.576392
20 28  0.601795
20 29  0.595345
20 30  0.570156
21 22  0.523879
21 23  0.604847
21 24  0.597417
21 25  0.617713
21 26  0.565234
21 27  0.597295
21 28  0.616554
21 29  0.610018
21 30  0.592140
22 23  0.606263
22 24  0.598254
22 25  0.619131
22 26  0.564683
22 27  0.598645
22 28  0.617969
22 29  0.611435
22 30  0.593196
23 24  0.634184
23 25  0.628094
23 26  0.631299
23 27  0.630228
23 28  0.628157
23 29  0.621018
23 30  0.626032
24 25  0.646909
24 26  0.617969
24 27  0.596465
24 28  0.645720
24 29  0.639312
24 30  0.592497
25 26  0.644178
25 27  0.642907
25 28  0.654413
25 29  0.618859
25 30  0.638918
26 27  0.622011
26 28  0.642962
26 29  0.636484
26 30  0.614903
27 28  0.642236
27 29  0.635667
27 30  0.584036
28 29  0.650483
28 30  0.636300
29 30  0.631281
