  -1146.53678999
  -1146.90719407
0.00000812295680
2 2 2 2 2 2 2 2 2 2 2 2 2 2 2 0 0 0 0 0 0 0 0 0 0 0 0 0 0 0 
1  0.278544
2  0.301285
3  0.290263
4  0.266756
5  0.283192
6  0.285467
7  0.317993
8  0.314630
9  0.334221
10  0.311635
11  0.307026
12  0.314054
13  0.329166
14  0.324033
15  0.322001
16  0.321848
17  0.287626
18  0.306552
19  0.295546
20  0.272088
21  0.285960
22  0.287488
23  0.320999
24  0.316533
25  0.333841
26  0.312822
27  0.313993
28  0.333016
29  0.326029
30  0.308322
1 2  0.579690
1 3  0.568510
1 4  0.544989
1 5  0.561648
1 6  0.563838
1 7  0.594312
1 8  0.587897
1 9  0.611687
1 10  0.586521
1 11  0.569860
1 12  0.592020
1 13  0.581893
1 14  0.602123
1 15  0.598410
1 16  0.598860
1 17  0.267272
1 18  0.584939
1 19  0.573355
1 20  0.550567
1 21  0.564276
1 22  0.565194
1 23  0.594334
1 24  0.588921
1 25  0.611702
1 26  0.590204
1 27  0.590221
1 28  0.588944
1 29  0.604307
1 30  0.572407
2 3  0.547478
2 4  0.568033
2 5  0.584476
2 6  0.586751
2 7  0.617050
2 8  0.615884
2 9  0.627297
2 10  0.612757
2 11  0.608291
2 12  0.615337
2 13  0.629097
2 14  0.599369
2 15  0.620629
2 16  0.622235
2 17  0.588797
2 18  0.299223
2 19  0.552111
2 20  0.573191
2 21  0.587238
2 22  0.588772
2 23  0.615870
2 24  0.617778
2 25  0.630962
2 26  0.614045
2 27  0.614850
2 28  0.633830
2 29  0.601232
2 30  0.609552
3 4  0.557016
3 5  0.573454
3 6  0.575729
3 7  0.606187
3 8  0.604859
3 9  0.603506
3 10  0.601778
3 11  0.597260
3 12  0.604317
3 13  0.617196
3 14  0.608196
3 15  0.607056
3 16  0.611856
3 17  0.577201
3 18  0.552106
3 19  0.291298
3 20  0.562262
3 21  0.576224
3 22  0.577743
3 23  0.604796
3 24  0.606788
3 25  0.612989
3 26  0.603021
3 27  0.604206
3 28  0.621958
3 29  0.606903
3 30  0.598440
4 5  0.544570
4 6  0.549087
4 7  0.584286
4 8  0.569412
4 9  0.600927
4 10  0.572156
4 11  0.566258
4 12  0.561431
4 13  0.595794
4 14  0.590743
4 15  0.588628
4 16  0.587357
4 17  0.554276
4 18  0.573104
4 19  0.562186
4 20  0.255761
4 21  0.548809
4 22  0.552952
4 23  0.587588
4 24  0.563551
4 25  0.600255
4 26  0.554077
4 27  0.576283
4 28  0.599759
4 29  0.592470
4 30  0.573498
5 6  0.521044
5 7  0.601142
5 8  0.595210
5 9  0.617406
5 10  0.594440
5 11  0.590098
5 12  0.565628
5 13  0.612349
5 14  0.607220
5 15  0.605187
5 16  0.604788
5 17  0.570561
5 18  0.589726
5 19  0.578736
5 20  0.551469
5 21  0.288802
5 22  0.518689
5 23  0.604069
5 24  0.599322
5 25  0.617011
5 26  0.554619
5 27  0.596498
5 28  0.616140
5 29  0.609166
5 30  0.591021
6 7  0.603411
6 8  0.596889
6 9  0.619680
6 10  0.596804
6 11  0.592089
6 12  0.564731
6 13  0.614622
6 14  0.609492
6 15  0.607460
6 16  0.607225
6 17  0.572193
6 18  0.592019
6 19  0.581009
6 20  0.556197
6 21  0.517672
6 22  0.292198
6 23  0.606364
6 24  0.600411
6 25  0.619307
6 26  0.555989
6 27  0.599175
6 28  0.618324
6 29  0.611487
6 30  0.592669
7 8  0.630817
7 9  0.635859
7 10  0.617477
7 11  0.624360
7 12  0.631959
7 13  0.613619
7 14  0.633807
7 15  0.628778
7 16  0.377198
7 17  0.603723
7 18  0.623655
7 19  0.613271
7 20  0.588791
7 21  0.603799
7 22  0.605465
7 23  0.623551
7 24  0.632841
7 25  0.646942
7 26  0.630591
7 27  0.622988
7 28  0.615799
7 29  0.639874
7 30  0.625747
8 9  0.648606
8 10  0.593558
8 11  0.591518
8 12  0.619396
8 13  0.643381
8 14  0.638502
8 15  0.636506
8 16  0.634797
8 17  0.596381
8 18  0.621163
8 19  0.610159
8 20  0.570159
8 21  0.600150
8 22  0.600368
8 23  0.634749
8 24  0.420336
8 25  0.648446
8 26  0.611403
8 27  0.588228
8 28  0.646543
8 29  0.640495
8 30  0.588504
9 10  0.644676
9 11  0.641148
9 12  0.648267
9 13  0.654539
9 14  0.621647
9 15  0.632840
9 16  0.651037
9 17  0.621154
9 18  0.635856
9 19  0.618202
9 20  0.606002
9 21  0.620172
9 22  0.621704
9 23  0.627385
9 24  0.650718
9 25  0.419583
9 26  0.646919
9 27  0.647602
9 28  0.663702
9 29  0.622037
9 30  0.642352
10 11  0.585522
10 12  0.624282
10 13  0.639992
10 14  0.634866
10 15  0.632567
10 16  0.623455
10 17  0.595842
10 18  0.617711
10 19  0.607091
10 20  0.579225
10 21  0.597062
10 22  0.598935
10 23  0.630757
10 24  0.591565
10 25  0.644766
10 26  0.623014
10 27  0.388787
10 28  0.643616
10 29  0.636507
10 30  0.578342
11 12  0.617567
11 13  0.634474
11 14  0.631009
11 15  0.628797
11 16  0.628256
11 17  0.581664
11 18  0.613452
11 19  0.602325
11 20  0.576851
11 21  0.592487
11 22  0.593492
11 23  0.627604
11 24  0.585697
11 25  0.640553
11 26  0.618919
11 27  0.581846
11 28  0.637655
11 29  0.632977
11 30  0.373685
12 13  0.643163
12 14  0.638081
12 15  0.636040
12 16  0.635767
12 17  0.600353
12 18  0.620542
12 19  0.609523
12 20  0.558807
12 21  0.559003
12 22  0.557461
12 23  0.635041
12 24  0.614639
12 25  0.647767
12 26  0.390740
12 27  0.626892
12 28  0.646856
12 29  0.640030
12 30  0.621213
13 14  0.648705
13 15  0.627930
13 16  0.616579
13 17  0.593047
13 18  0.635167
13 19  0.623353
13 20  0.601245
13 21  0.615056
13 22  0.616460
13 23  0.623985
13 24  0.644466
13 25  0.659836
13 26  0.641776
13 27  0.641906
13 28  0.396778
13 29  0.651808
13 30  0.635025
14 15  0.621323
14 16  0.641975
14 17  0.611313
14 18  0.603469
14 19  0.609615
14 20  0.595810
14 21  0.609962
14 22  0.611518
14 23  0.614231
14 24  0.640354
14 25  0.620235
14 26  0.636792
14 27  0.636909
14 28  0.653453
14 29  0.422230
14 30  0.632319
15 16  0.628331
15 17  0.604137
15 18  0.621912
15 19  0.611474
15 20  0.593890
15 21  0.607874
15 22  0.609421
15 23  0.442991
15 24  0.637647
15 25  0.628481
15 26  0.634820
15 27  0.634139
15 28  0.628166
15 29  0.617002
15 30  0.629920
16 17  0.607147
16 18  0.625910
16 19  0.614936
16 20  0.593333
16 21  0.607783
16 22  0.609299
16 23  0.631639
16 24  0.636233
16 25  0.638153
16 26  0.634558
16 27  0.621695
16 28  0.619310
16 29  0.639216
16 30  0.629325
17 18  0.593994
17 19  0.582810
17 20  0.559327
17 21  0.573484
17 22  0.574925
17 23  0.605970
17 24  0.598802
17 25  0.620323
17 26  0.599808
17 27  0.597957
17 28  0.592360
17 29  0.613103
17 30  0.576724
18 19  0.556080
18 20  0.578628
18 21  0.592511
18 22  0.594039
18 23  0.624299
18 24  0.623035
18 25  0.632332
18 26  0.619372
18 27  0.620316
18 28  0.637993
18 29  0.605640
18 30  0.614837
19 20  0.567629
19 21  0.581505
19 22  0.583032
19 23  0.610750
19 24  0.612029
19 25  0.606431
19 26  0.608367
19 27  0.609362
19 28  0.625997
19 29  0.615235
19 30  0.603826
20 21  0.552153
20 22  0.555081
20 23  0.592929
20 24  0.573670
20 25  0.605866
20 26  0.564762
20 27  0.579495
20 28  0.604945
20 29  0.598056
20 30  0.572740
21 22  0.525029
21 23  0.606955
21 24  0.599390
21 25  0.619797
21 26  0.566656
21 27  0.599749
21 28  0.618968
21 29  0.611987
21 30  0.594126
22 23  0.608479
22 24  0.600350
22 25  0.621321
22 26  0.566153
22 27  0.601200
22 28  0.620493
22 29  0.613510
22 30  0.595276
23 24  0.637366
23 25  0.631399
23 26  0.633799
23 27  0.633796
23 28  0.631539
23 29  0.623939
23 30  0.629154
24 25  0.650048
24 26  0.620309
24 27  0.599849
24 28  0.649203
24 29  0.642338
24 30  0.595549
25 26  0.646655
25 27  0.646390
25 28  0.657873
25 29  0.621980
25 30  0.642024
26 27  0.624794
26 28  0.645768
26 29  0.638846
26 30  0.617227
27 28  0.646125
27 29  0.639055
27 30  0.587623
28 29  0.653793
28 30  0.639692
29 30  0.634260
