  -1146.53385086
  -1146.90241504
0.00008784260870
2 2 2 2 2 2 2 2 2 2 2 2 2 2 2 0 0 0 0 0 0 0 0 0 0 0 0 0 0 0 
1  0.280365
2  0.297411
3  0.288121
4  0.279295
5  0.267683
6  0.281634
7  0.277146
8  0.310006
9  0.314800
10  0.326878
11  0.300781
12  0.303530
13  0.322334
14  0.320510
15  0.313485
16  0.287025
17  0.302709
18  0.293163
19  0.282561
20  0.272180
21  0.283745
22  0.280422
23  0.312573
24  0.302038
25  0.327859
26  0.317326
27  0.304749
28  0.325970
29  0.312993
30  0.322778
1 2  0.577647
1 3  0.568234
1 4  0.555060
1 5  0.547853
1 6  0.561980
1 7  0.557488
1 8  0.586238
1 9  0.574034
1 10  0.605739
1 11  0.581119
1 12  0.582125
1 13  0.578448
1 14  0.600221
1 15  0.592183
1 16  0.267536
1 17  0.583022
1 18  0.573121
1 19  0.557585
1 20  0.551546
1 21  0.564076
1 22  0.560778
1 23  0.587083
1 24  0.582264
1 25  0.607688
1 26  0.574480
1 27  0.584349
1 28  0.583800
1 29  0.590691
1 30  0.602870
2 3  0.540743
2 4  0.576704
2 5  0.565093
2 6  0.579045
2 7  0.574556
2 8  0.605572
2 9  0.612059
2 10  0.616646
2 11  0.598191
2 12  0.600929
2 13  0.618584
2 14  0.592463
2 15  0.608671
2 16  0.584403
2 17  0.290413
2 18  0.545827
2 19  0.579941
2 20  0.569591
2 21  0.581151
2 22  0.577818
2 23  0.603432
2 24  0.599421
2 25  0.620737
2 26  0.614569
2 27  0.602034
2 28  0.623020
2 29  0.609817
2 30  0.595269
3 4  0.567414
3 5  0.555802
3 6  0.569755
3 7  0.565267
3 8  0.596314
3 9  0.602801
3 10  0.593446
3 11  0.588902
3 12  0.591646
3 13  0.608450
3 14  0.603153
3 15  0.597463
3 16  0.574744
3 17  0.545914
3 18  0.283582
3 19  0.570632
3 20  0.560301
3 21  0.571864
3 22  0.568537
3 23  0.594231
3 24  0.590150
3 25  0.603311
3 26  0.605442
3 27  0.592797
3 28  0.612941
3 29  0.600885
3 30  0.602643
4 5  0.541795
4 6  0.560746
4 7  0.556326
4 8  0.588619
4 9  0.562354
4 10  0.606140
4 11  0.578219
4 12  0.555777
4 13  0.601368
4 14  0.599791
4 15  0.592669
4 16  0.560890
4 17  0.581929
4 18  0.572347
4 19  0.284688
4 20  0.547497
4 21  0.562347
4 22  0.559326
4 23  0.591761
4 24  0.580920
4 25  0.606973
4 26  0.559756
4 27  0.550648
4 28  0.604708
4 29  0.591985
4 30  0.602013
5 6  0.543464
5 7  0.540850
5 8  0.577651
5 9  0.580402
5 10  0.594558
5 11  0.549320
5 12  0.549385
5 13  0.590006
5 14  0.588190
5 15  0.581164
5 16  0.553535
5 17  0.570392
5 18  0.560842
5 19  0.545774
5 20  0.255208
5 21  0.547722
5 22  0.547203
5 23  0.580209
5 24  0.543223
5 25  0.595535
5 26  0.584251
5 27  0.543233
5 28  0.593515
5 29  0.580625
5 30  0.590461
6 7  0.511120
6 8  0.591626
6 9  0.596328
6 10  0.608511
6 11  0.550485
6 12  0.583263
6 13  0.603962
6 14  0.602143
6 15  0.595117
6 16  0.568594
6 17  0.584337
6 18  0.574794
6 19  0.563420
6 20  0.549694
6 21  0.280685
6 22  0.508346
6 23  0.594201
6 24  0.543158
6 25  0.609482
6 26  0.598595
6 27  0.585737
6 28  0.607602
6 29  0.594592
6 30  0.604401
7 8  0.587109
7 9  0.591549
7 10  0.604022
7 11  0.547939
7 12  0.577223
7 13  0.599472
7 14  0.597653
7 15  0.590624
7 16  0.564156
7 17  0.579836
7 18  0.570299
7 19  0.559347
7 20  0.548249
7 21  0.508096
7 22  0.278114
7 23  0.589660
7 24  0.539655
7 25  0.604963
7 26  0.593426
7 27  0.580695
7 28  0.603108
7 29  0.589893
7 30  0.599875
8 9  0.613084
8 10  0.623636
8 11  0.610633
8 12  0.612307
8 13  0.594644
8 14  0.622652
8 15  0.610898
8 16  0.593859
8 17  0.612090
8 18  0.602930
8 19  0.592271
8 20  0.582143
8 21  0.593712
8 22  0.590204
8 23  0.605006
8 24  0.611568
8 25  0.634458
8 26  0.619313
8 27  0.613463
8 28  0.597408
8 29  0.368248
8 30  0.629431
9 10  0.640520
9 11  0.613234
9 12  0.599717
9 13  0.635102
9 14  0.634411
9 15  0.627179
9 16  0.579189
9 17  0.617349
9 18  0.607957
9 19  0.559156
9 20  0.586205
9 21  0.598198
9 22  0.594225
9 23  0.624138
9 24  0.615920
9 25  0.642502
9 26  0.390822
9 27  0.592994
9 28  0.637050
9 29  0.619616
9 30  0.636900
10 11  0.627651
10 12  0.630354
10 13  0.640195
10 14  0.608179
10 15  0.619763
10 16  0.613306
10 17  0.624196
10 18  0.606681
10 19  0.609347
10 20  0.599058
10 21  0.610615
10 22  0.607268
10 23  0.614453
10 24  0.628866
10 25  0.405002
10 26  0.644071
10 27  0.631406
10 28  0.649587
10 29  0.636458
10 30  0.609881
11 12  0.594466
11 13  0.623101
11 14  0.621281
11 15  0.614234
11 16  0.587683
11 17  0.603463
11 18  0.593935
11 19  0.582833
11 20  0.547087
11 21  0.542587
11 22  0.542235
11 23  0.613190
11 24  0.371378
11 25  0.628589
11 26  0.617199
11 27  0.587244
11 28  0.626695
11 29  0.613261
11 30  0.623478
12 13  0.625556
12 14  0.623951
12 15  0.616698
12 16  0.589578
12 17  0.606053
12 18  0.596560
12 19  0.552900
12 20  0.546071
12 21  0.586683
12 22  0.582511
12 23  0.615964
12 24  0.588447
12 25  0.631043
12 26  0.593707
12 27  0.376897
12 28  0.629387
12 29  0.615227
12 30  0.625971
13 14  0.637953
13 15  0.614084
13 16  0.586048
13 17  0.624606
13 18  0.614346
13 19  0.604442
13 20  0.594375
13 21  0.606078
13 22  0.602749
13 23  0.608525
13 24  0.624314
13 25  0.647264
13 26  0.635286
13 27  0.627013
13 28  0.391500
13 29  0.597605
13 30  0.642293
14 15  0.611666
14 16  0.607198
14 17  0.597859
14 18  0.604949
14 19  0.603043
14 20  0.592687
14 21  0.604243
14 22  0.600885
14 23  0.603951
14 24  0.622456
14 25  0.609096
14 26  0.637075
14 27  0.624968
14 28  0.643600
14 29  0.630372
14 30  0.407659
15 16  0.594486
15 17  0.609507
15 18  0.600456
15 19  0.595965
15 20  0.585612
15 21  0.597220
15 22  0.593843
15 23  0.429049
15 24  0.615348
15 25  0.616405
15 26  0.627590
15 27  0.618034
15 28  0.612586
15 29  0.608417
15 30  0.607524
16 17  0.589544
16 18  0.579853
16 19  0.564808
16 20  0.559073
16 21  0.570747
16 22  0.567420
16 23  0.597525
16 24  0.589029
16 25  0.613196
16 26  0.581303
16 27  0.589470
16 28  0.586574
16 29  0.595846
16 30  0.608953
17 18  0.549100
17 19  0.585268
17 20  0.574886
17 21  0.586454
17 22  0.583131
17 23  0.612555
17 24  0.604745
17 25  0.622893
17 26  0.619828
17 27  0.607439
17 28  0.627230
17 29  0.613686
17 30  0.598643
18 19  0.575723
18 20  0.565340
18 21  0.576908
18 22  0.573585
18 23  0.601019
18 24  0.595200
18 25  0.597708
18 26  0.610316
18 27  0.597903
18 28  0.616775
18 29  0.603954
18 30  0.610258
19 20  0.549148
19 21  0.566187
19 22  0.562822
19 23  0.595000
19 24  0.582234
19 25  0.610393
19 26  0.568388
19 27  0.559560
19 28  0.608301
19 29  0.594562
19 30  0.605319
20 21  0.549474
20 22  0.547402
20 23  0.584739
20 24  0.553398
20 25  0.600032
20 26  0.586624
20 27  0.554601
20 28  0.598140
20 29  0.585110
20 30  0.594951
21 22  0.515657
21 23  0.596314
21 24  0.554342
21 25  0.611602
21 26  0.600923
21 27  0.585794
21 28  0.609707
21 29  0.596715
21 30  0.606521
22 23  0.592986
22 24  0.551992
22 25  0.608277
22 26  0.597275
22 27  0.581194
22 28  0.606384
22 29  0.593355
22 30  0.603196
23 24  0.614563
23 25  0.619743
23 26  0.628619
23 27  0.616963
23 28  0.617617
23 29  0.613053
23 30  0.614338
24 25  0.629882
24 26  0.616599
24 27  0.596896
24 28  0.627988
24 29  0.614823
24 30  0.624799
25 26  0.643747
25 27  0.632514
25 28  0.644527
25 29  0.625965
25 30  0.610154
26 27  0.604076
26 28  0.641402
26 29  0.617611
26 30  0.639000
27 28  0.630388
27 29  0.616174
27 30  0.627413
28 29  0.599180
28 30  0.643173
29 30  0.627581
