  -1146.53385086
  -1146.90439549
0.00002931747210
2 2 2 2 2 2 2 2 2 2 2 2 2 2 2 0 0 0 0 0 0 0 0 0 0 0 0 0 0 0 
1  0.285890
2  0.300735
3  0.291602
4  0.283019
5  0.270712
6  0.283444
7  0.279191
8  0.318172
9  0.320712
10  0.332926
11  0.303736
12  0.308268
13  0.328855
14  0.325761
15  0.319425
16  0.292927
17  0.306151
18  0.296965
19  0.286357
20  0.275286
21  0.285585
22  0.282487
23  0.317987
24  0.304946
25  0.333604
26  0.323501
27  0.309384
28  0.332226
29  0.321133
30  0.328064
1 2  0.586435
1 3  0.577144
1 4  0.564052
1 5  0.556385
1 6  0.569314
1 7  0.565054
1 8  0.599774
1 9  0.585181
1 10  0.617144
1 11  0.589591
1 12  0.592219
1 13  0.588941
1 14  0.610816
1 15  0.603438
1 16  0.277951
1 17  0.591968
1 18  0.582348
1 19  0.566845
1 20  0.560049
1 21  0.571444
1 22  0.568365
1 23  0.597988
1 24  0.590669
1 25  0.618906
1 26  0.586286
1 27  0.594456
1 28  0.595134
1 29  0.604309
1 30  0.613638
2 3  0.547829
2 4  0.583751
2 5  0.571445
2 6  0.584178
2 7  0.579926
2 8  0.616744
2 9  0.621234
2 10  0.625800
2 11  0.604469
2 12  0.608984
2 13  0.628193
2 14  0.600143
2 15  0.617805
2 16  0.593607
2 17  0.296851
2 18  0.553312
2 19  0.587035
2 20  0.576021
2 21  0.586311
2 22  0.583192
2 23  0.612053
2 24  0.605635
2 25  0.629872
2 26  0.624036
2 27  0.609931
2 28  0.632531
2 29  0.621211
2 30  0.603802
3 4  0.574619
3 5  0.562311
3 6  0.575045
3 7  0.570793
3 8  0.607607
3 9  0.612140
3 10  0.601762
3 11  0.595337
3 12  0.599862
3 13  0.618186
3 14  0.611832
3 15  0.606653
3 16  0.584032
3 17  0.553227
3 18  0.290399
3 19  0.577879
3 20  0.566887
3 21  0.577183
3 22  0.574075
3 23  0.603128
3 24  0.596533
3 25  0.612140
3 26  0.615094
3 27  0.600885
3 28  0.622617
3 29  0.612454
3 30  0.611500
4 5  0.548234
4 6  0.566249
4 7  0.562065
4 8  0.600389
4 9  0.572084
4 10  0.615915
4 11  0.584701
4 12  0.564195
4 13  0.611579
4 14  0.608761
4 15  0.602327
4 16  0.570489
4 17  0.589065
4 18  0.579834
4 19  0.291652
4 20  0.554205
4 21  0.567806
4 22  0.565071
4 23  0.600887
4 24  0.587504
4 25  0.616402
4 26  0.569805
4 27  0.559108
4 28  0.614685
4 29  0.603799
4 30  0.611011
5 6  0.547999
5 7  0.545730
5 8  0.588842
5 9  0.589168
5 10  0.603632
5 11  0.555099
5 12  0.556894
5 13  0.599549
5 14  0.596466
5 15  0.590130
5 16  0.562421
5 17  0.576861
5 18  0.567668
5 19  0.552519
5 20  0.260723
5 21  0.552499
5 22  0.552223
5 23  0.588636
5 24  0.549175
5 25  0.604301
5 26  0.593381
5 27  0.550940
5 28  0.602718
5 29  0.591793
5 30  0.598775
6 7  0.515210
6 8  0.601587
6 9  0.604034
6 10  0.616367
6 11  0.555199
6 12  0.589633
6 13  0.612291
6 14  0.609201
6 15  0.602864
6 16  0.576319
6 17  0.589582
6 18  0.580400
6 19  0.568953
6 20  0.554498
6 21  0.284156
6 22  0.512470
6 23  0.601425
6 24  0.547885
6 25  0.617030
6 26  0.606535
6 27  0.592139
6 28  0.615664
6 29  0.604536
6 30  0.611489
7 8  0.597292
7 9  0.599444
7 10  0.612110
7 11  0.552776
7 12  0.583715
7 13  0.608034
7 14  0.604946
7 15  0.598600
7 16  0.572098
7 17  0.585306
7 18  0.576135
7 19  0.565149
7 20  0.553329
7 21  0.512232
7 22  0.282011
7 23  0.597114
7 24  0.544587
7 25  0.612731
7 26  0.601597
7 27  0.587316
7 28  0.611415
7 29  0.600042
7 30  0.607183
8 9  0.626160
8 10  0.636251
8 11  0.621724
8 12  0.625031
8 13  0.609259
8 14  0.635341
8 15  0.624592
8 16  0.607859
8 17  0.623639
8 18  0.614852
8 19  0.604183
8 20  0.593402
8 21  0.603707
8 22  0.600378
8 23  0.618375
8 24  0.622623
8 25  0.647962
8 26  0.633425
8 27  0.626241
8 28  0.612054
8 29  0.382992
8 30  0.642729
9 10  0.652249
9 11  0.621814
9 12  0.610022
9 13  0.647406
9 14  0.645368
9 15  0.638902
9 16  0.591108
9 17  0.626674
9 18  0.617670
9 19  0.569024
9 20  0.595165
9 21  0.605909
9 22  0.602159
9 23  0.635543
9 24  0.624727
9 25  0.654124
9 26  0.402636
9 27  0.603345
9 28  0.649230
9 29  0.633476
9 30  0.648078
10 11  0.636645
10 12  0.641103
10 13  0.652231
10 14  0.619543
10 15  0.631734
10 16  0.625186
10 17  0.633709
10 18  0.616016
10 19  0.619154
10 20  0.608210
10 21  0.618502
10 22  0.615367
10 23  0.625915
10 24  0.637813
10 25  0.416030
10 26  0.656248
10 27  0.642021
10 28  0.661780
10 29  0.650189
10 30  0.621373
11 12  0.601760
11 13  0.632572
11 14  0.629477
11 15  0.623113
11 16  0.596516
11 17  0.609846
11 18  0.600688
11 19  0.589524
11 20  0.553144
11 21  0.547318
11 22  0.547161
11 23  0.621538
11 24  0.377055
11 25  0.637282
11 26  0.626312
11 27  0.594683
11 28  0.635902
11 29  0.624350
11 30  0.631703
12 13  0.636732
12 14  0.633913
12 15  0.627311
12 16  0.600168
12 17  0.614170
12 18  0.605059
12 19  0.561496
12 20  0.553870
12 21  0.593217
12 22  0.589270
12 23  0.626115
12 24  0.595887
12 25  0.641459
12 26  0.604425
12 27  0.385885
12 28  0.640362
12 29  0.628080
12 30  0.635963
13 14  0.649290
13 15  0.626031
13 16  0.597855
13 17  0.634510
13 18  0.624558
13 19  0.614747
13 20  0.603954
13 21  0.614438
13 22  0.611337
13 23  0.620271
13 24  0.633733
13 25  0.659432
13 26  0.647942
13 27  0.638154
13 28  0.403790
13 29  0.612478
13 30  0.653954
14 15  0.622192
14 16  0.618303
14 17  0.606317
14 18  0.614092
14 19  0.612073
14 20  0.601043
14 21  0.611329
14 22  0.608178
14 23  0.614340
14 24  0.630594
14 25  0.620183
14 26  0.648528
14 27  0.634828
14 28  0.654926
14 29  0.643614
14 30  0.417757
15 16  0.606253
15 17  0.618717
15 18  0.610182
15 19  0.605696
15 20  0.594657
15 21  0.604999
15 22  0.601834
15 23  0.439948
15 24  0.624186
15 25  0.628039
15 26  0.639699
15 27  0.628633
15 28  0.624579
15 29  0.622311
15 30  0.618283
16 17  0.598827
16 18  0.589432
16 19  0.574276
16 20  0.568076
16 21  0.578488
16 22  0.575379
16 23  0.608588
16 24  0.597832
16 25  0.624654
16 26  0.593062
16 27  0.599813
16 28  0.597118
16 29  0.609706
16 30  0.619990
17 18  0.556627
17 19  0.592502
17 20  0.581433
17 21  0.591734
17 22  0.588636
17 23  0.621232
17 24  0.611092
17 25  0.631933
17 26  0.629365
17 27  0.615507
17 28  0.636754
17 29  0.624845
17 30  0.606608
18 19  0.583321
18 20  0.572248
18 21  0.582549
18 22  0.579451
18 23  0.609998
18 24  0.601908
18 25  0.605976
18 26  0.620225
18 27  0.606340
18 28  0.626571
18 29  0.615538
18 30  0.619264
19 20  0.555748
19 21  0.571809
19 22  0.568656
19 23  0.604194
19 24  0.588728
19 25  0.619932
19 26  0.578407
19 27  0.567930
19 28  0.618322
19 29  0.606366
19 30  0.614395
20 21  0.554202
20 22  0.552376
20 23  0.593255
20 24  0.559182
20 25  0.608878
20 26  0.595691
20 27  0.562170
20 28  0.607499
20 29  0.596347
20 30  0.603337
21 22  0.519779
21 23  0.603566
21 24  0.559097
21 25  0.619184
21 26  0.608918
21 27  0.592077
21 28  0.617801
21 29  0.606675
21 30  0.613645
22 23  0.600455
22 24  0.556835
22 25  0.616081
22 26  0.605447
22 27  0.587634
22 28  0.614698
22 29  0.603526
22 30  0.610542
23 24  0.622868
23 25  0.631021
23 26  0.640094
23 27  0.626949
23 28  0.628861
23 29  0.626321
23 30  0.624420
24 25  0.638524
24 26  0.625372
24 27  0.604068
24 28  0.637146
24 29  0.625837
24 30  0.632980
25 26  0.655424
25 27  0.642879
25 28  0.656066
25 29  0.638390
25 30  0.621135
26 27  0.614506
26 28  0.653693
26 29  0.630872
26 30  0.650288
27 28  0.641183
27 29  0.628719
27 30  0.637311
28 29  0.613515
28 30  0.654268
29 30  0.640247
