  -1146.53385086
  -1146.90494125
0.00000872855744
2 2 2 2 2 2 2 2 2 2 2 2 2 2 2 0 0 0 0 0 0 0 0 0 0 0 0 0 0 0 
1  0.287642
2  0.301845
3  0.292663
4  0.284159
5  0.271504
6  0.283846
7  0.279688
8  0.320476
9  0.322530
10  0.334482
11  0.304446
12  0.309589
13  0.330774
14  0.327304
15  0.321124
16  0.294780
17  0.307287
18  0.298100
19  0.287537
20  0.276091
21  0.285998
22  0.282999
23  0.319613
24  0.305656
25  0.335165
26  0.325285
27  0.310680
28  0.334104
29  0.323430
30  0.329568
1 2  0.589268
1 3  0.579900
1 4  0.566885
1 5  0.558915
1 6  0.571468
1 7  0.567301
1 8  0.603777
1 9  0.588674
1 10  0.620407
1 11  0.592051
1 12  0.595238
1 13  0.592082
1 14  0.614066
1 15  0.606828
1 16  0.281395
1 17  0.594849
1 18  0.585168
1 19  0.569788
1 20  0.562525
1 21  0.573609
1 22  0.570626
1 23  0.601334
1 24  0.593124
1 25  0.622199
1 26  0.589871
1 27  0.597486
1 28  0.598641
1 29  0.608340
1 30  0.616876
2 3  0.550083
2 4  0.585997
2 5  0.573346
2 6  0.585689
2 7  0.581531
2 8  0.620046
2 9  0.624122
2 10  0.628435
2 11  0.606287
2 12  0.611411
2 13  0.631150
2 14  0.602586
2 15  0.620567
2 16  0.596559
2 17  0.299071
2 18  0.555682
2 19  0.589314
2 20  0.577936
2 21  0.587832
2 22  0.584801
2 23  0.614774
2 24  0.607446
2 25  0.632542
2 26  0.626907
2 27  0.612287
2 28  0.635495
2 29  0.624562
2 30  0.606416
3 4  0.576820
3 5  0.564164
3 6  0.576508
3 7  0.572350
3 8  0.610875
3 9  0.614991
3 10  0.604093
3 11  0.597107
3 12  0.602245
3 13  0.621062
3 14  0.614420
3 15  0.609357
3 16  0.586877
3 17  0.555548
3 18  0.292560
3 19  0.580095
3 20  0.568752
3 21  0.578655
3 22  0.575641
3 23  0.605837
3 24  0.598301
3 25  0.614692
3 26  0.617936
3 27  0.603220
3 28  0.625508
3 29  0.615799
3 30  0.614088
4 5  0.550109
4 6  0.567783
4 7  0.563698
4 8  0.603796
4 9  0.575070
4 10  0.618609
4 11  0.586482
4 12  0.566645
4 13  0.614630
4 14  0.611440
4 15  0.605154
4 16  0.573498
4 17  0.591331
4 18  0.582073
4 19  0.293915
4 20  0.556157
4 21  0.569304
4 22  0.566727
4 23  0.603639
4 24  0.589332
4 25  0.619058
4 26  0.572774
4 27  0.561546
4 28  0.617703
4 29  0.607207
4 30  0.613653
5 6  0.549167
5 7  0.546976
5 8  0.591936
5 9  0.591712
5 10  0.605979
5 11  0.556576
5 12  0.558955
5 13  0.602261
5 14  0.598798
5 15  0.592619
5 16  0.564959
5 17  0.578788
5 18  0.569590
5 19  0.554503
5 20  0.262289
5 21  0.553713
5 22  0.553508
5 23  0.591040
5 24  0.550670
5 25  0.606651
5 26  0.595933
5 27  0.553043
5 28  0.605351
5 29  0.594884
5 30  0.601071
6 7  0.516173
6 8  0.604288
6 9  0.606248
6 10  0.618324
6 11  0.556338
6 12  0.591307
6 13  0.614612
6 14  0.611145
6 15  0.604964
6 16  0.578574
6 17  0.591117
6 18  0.581933
6 19  0.570481
6 20  0.555704
6 21  0.285033
6 22  0.513459
6 23  0.603453
6 24  0.549028
6 25  0.618987
6 26  0.608714
6 27  0.593822
6 28  0.617945
6 29  0.607234
6 30  0.613391
7 8  0.600082
7 9  0.601739
7 10  0.614160
7 11  0.553969
7 12  0.585483
7 13  0.610447
7 14  0.606983
7 15  0.600793
7 16  0.574442
7 17  0.586925
7 18  0.577757
7 19  0.566828
7 20  0.554616
7 21  0.513212
7 22  0.283063
7 23  0.599235
7 24  0.545811
7 25  0.614775
7 26  0.603858
7 27  0.589104
7 28  0.613791
7 29  0.602819
7 30  0.609164
8 9  0.629999
8 10  0.639637
8 11  0.624729
8 12  0.628610
8 13  0.613490
8 14  0.639016
8 15  0.628517
8 16  0.611997
8 17  0.627041
8 18  0.618276
8 19  0.607638
8 20  0.596512
8 21  0.606426
8 22  0.603177
8 23  0.622281
8 24  0.625622
8 25  0.651678
8 26  0.637454
8 27  0.629843
8 28  0.616272
8 29  0.387371
8 30  0.646539
9 10  0.655531
9 11  0.624281
9 12  0.613069
9 13  0.651113
9 14  0.648636
9 15  0.642383
9 16  0.594793
9 17  0.629604
9 18  0.620620
9 19  0.572047
9 20  0.597758
9 21  0.608139
9 22  0.604472
9 23  0.638965
9 24  0.627259
9 25  0.657502
9 26  0.406401
9 27  0.606398
9 28  0.652929
9 29  0.637519
9 30  0.651373
10 11  0.638905
10 12  0.643970
10 13  0.655631
10 14  0.622692
10 15  0.635012
10 16  0.628573
10 17  0.636406
10 18  0.618614
10 19  0.621853
10 20  0.610572
10 21  0.620467
10 22  0.617422
10 23  0.629120
10 24  0.640077
10 25  0.419072
10 26  0.659588
10 27  0.644874
10 28  0.665209
10 29  0.653876
10 30  0.624513
11 12  0.603717
11 13  0.635197
11 14  0.631726
11 15  0.625517
11 16  0.599070
11 17  0.611683
11 18  0.602531
11 19  0.591392
11 20  0.554665
11 21  0.548452
11 22  0.548390
11 23  0.623862
11 24  0.378596
11 25  0.639558
11 26  0.628809
11 27  0.596670
11 28  0.638488
11 29  0.627343
11 30  0.633906
12 13  0.639939
12 14  0.636769
12 15  0.630294
12 16  0.603321
12 17  0.616575
12 18  0.607485
12 19  0.564018
12 20  0.555977
12 21  0.594934
12 22  0.591103
12 23  0.629063
12 24  0.597880
12 25  0.644340
12 26  0.607495
12 27  0.388622
12 28  0.643551
12 29  0.631706
12 30  0.638756
13 14  0.652621
13 15  0.629487
13 16  0.601454
13 17  0.637536
13 18  0.627589
13 19  0.617842
13 20  0.606647
13 21  0.616771
13 22  0.613769
13 23  0.623676
13 24  0.636361
13 25  0.662910
13 26  0.651651
13 27  0.641357
13 28  0.407561
13 29  0.616755
13 30  0.657318
14 15  0.625206
14 16  0.621685
14 17  0.608942
14 18  0.616784
14 19  0.614793
14 20  0.603393
14 21  0.613283
14 22  0.610217
14 23  0.617372
14 24  0.632839
14 25  0.623380
14 26  0.651823
14 27  0.637634
14 28  0.658279
14 29  0.647457
14 30  0.420828
15 16  0.609766
15 17  0.621534
15 18  0.613026
15 19  0.608561
15 20  0.597151
15 21  0.607111
15 22  0.604040
15 23  0.443391
15 24  0.626588
15 25  0.631296
15 26  0.643151
15 27  0.631628
15 28  0.628083
15 29  0.626285
15 30  0.621311
16 17  0.601776
16 18  0.592366
16 19  0.577244
16 20  0.570725
16 21  0.580755
16 22  0.577742
16 23  0.611987
16 24  0.600392
16 25  0.628011
16 26  0.596636
16 27  0.602896
16 28  0.600316
16 29  0.613806
16 30  0.623313
17 18  0.558975
17 19  0.594814
17 20  0.583372
17 21  0.593283
17 22  0.590283
17 23  0.623949
17 24  0.612936
17 25  0.634604
17 26  0.632245
17 27  0.617935
17 28  0.639701
17 29  0.628180
17 30  0.609075
18 19  0.585636
18 20  0.574187
18 21  0.584097
18 22  0.581098
18 23  0.612703
18 24  0.603753
18 25  0.608360
18 26  0.623116
18 27  0.608770
18 28  0.629485
18 29  0.618860
18 30  0.621895
19 20  0.557679
19 21  0.573400
19 22  0.570342
19 23  0.606989
19 24  0.590545
19 25  0.622670
19 26  0.581398
19 27  0.570387
19 28  0.621372
19 29  0.609782
19 30  0.617074
20 21  0.555404
20 22  0.553656
20 23  0.595684
20 24  0.560669
20 25  0.611242
20 26  0.598193
20 27  0.564232
20 28  0.610181
20 29  0.599444
20 30  0.605641
21 22  0.520768
21 23  0.605604
21 24  0.560256
21 25  0.621157
21 26  0.611104
21 27  0.593730
21 28  0.620093
21 29  0.609381
21 30  0.615560
22 23  0.602589
22 24  0.558049
22 25  0.618150
22 26  0.607720
22 27  0.589386
22 28  0.617085
22 29  0.606325
22 30  0.612555
23 24  0.625200
23 25  0.634256
23 26  0.643469
23 27  0.629830
23 28  0.632220
23 29  0.630160
23 30  0.627346
24 25  0.640787
24 26  0.627790
24 27  0.606001
24 28  0.639730
24 29  0.628830
24 30  0.635189
25 26  0.658682
25 27  0.645722
25 28  0.659410
25 29  0.641771
25 30  0.624237
26 27  0.617493
26 28  0.657323
26 29  0.634675
26 30  0.653459
27 28  0.644328
27 29  0.632247
27 30  0.640100
28 29  0.617693
28 30  0.657511
29 30  0.643882
