  -1146.53038492
  -1146.89991432
0.00009304565960
2 2 2 2 2 2 2 2 2 2 2 2 2 2 2 0 0 0 0 0 0 0 0 0 0 0 0 0 0 0 
1  0.276199
2  0.270728
3  0.316859
4  0.320579
5  0.314886
6  0.322611
7  0.344452
8  0.282219
9  0.284856
10  0.331163
11  0.287396
12  0.284770
13  0.319271
14  0.321847
15  0.315742
16  0.320741
17  0.278984
18  0.284784
19  0.342572
20  0.335850
21  0.322405
22  0.317724
23  0.318996
24  0.325367
25  0.286761
26  0.288541
27  0.326708
28  0.287538
29  0.283974
30  0.315428
1 2  0.546892
1 3  0.588921
1 4  0.596772
1 5  0.574467
1 6  0.598618
1 7  0.619197
1 8  0.554732
1 9  0.561053
1 10  0.581808
1 11  0.558236
1 12  0.560966
1 13  0.593526
1 14  0.597692
1 15  0.591631
1 16  0.596659
1 17  0.258589
1 18  0.560540
1 19  0.616880
1 20  0.611147
1 21  0.574777
1 22  0.593853
1 23  0.593140
1 24  0.585378
1 25  0.559216
1 26  0.564710
1 27  0.599166
1 28  0.563105
1 29  0.560158
1 30  0.588709
2 3  0.587345
2 4  0.572976
2 5  0.585604
2 6  0.590686
2 7  0.612659
2 8  0.552946
2 9  0.552831
2 10  0.601504
2 11  0.558122
2 12  0.550918
2 13  0.588600
2 14  0.570320
2 15  0.585115
2 16  0.589813
2 17  0.549629
2 18  0.258926
2 19  0.613184
2 20  0.583120
2 21  0.593133
2 22  0.570218
2 23  0.584515
2 24  0.595962
2 25  0.557479
2 26  0.554064
2 27  0.597408
2 28  0.558255
2 29  0.553382
2 30  0.585579
3 4  0.637260
3 5  0.620449
3 6  0.637179
3 7  0.640965
3 8  0.597443
3 9  0.601688
3 10  0.610156
3 11  0.603420
3 12  0.601619
3 13  0.629219
3 14  0.636217
3 15  0.626296
3 16  0.637393
3 17  0.593761
3 18  0.601418
3 19  0.657826
3 20  0.652240
3 21  0.632892
3 22  0.634577
3 23  0.632644
3 24  0.609168
3 25  0.602869
3 26  0.605355
3 27  0.399499
3 28  0.602236
3 29  0.600763
3 30  0.607013
4 5  0.635457
4 6  0.631817
4 7  0.664206
4 8  0.602798
4 9  0.567095
4 10  0.651637
4 11  0.607975
4 12  0.568554
4 13  0.639682
4 14  0.639429
4 15  0.635555
4 16  0.633991
4 17  0.599561
4 18  0.582367
4 19  0.662540
4 20  0.652470
4 21  0.642890
4 22  0.400169
4 23  0.637504
4 24  0.645875
4 25  0.607315
4 26  0.562844
4 27  0.646919
4 28  0.608057
4 29  0.556521
4 30  0.634975
5 6  0.637314
5 7  0.657910
5 8  0.561306
5 9  0.599740
5 10  0.644270
5 11  0.563145
5 12  0.599654
5 13  0.633624
5 14  0.636568
5 15  0.629972
5 16  0.635621
5 17  0.576525
5 18  0.599623
5 19  0.657402
5 20  0.650651
5 21  0.408844
5 22  0.632609
5 23  0.633346
5 24  0.638781
5 25  0.551540
5 26  0.603418
5 27  0.628670
5 28  0.559417
5 29  0.598848
5 30  0.627333
6 7  0.657349
6 8  0.604814
6 9  0.604862
6 10  0.652226
6 11  0.610005
6 12  0.606076
6 13  0.638558
6 14  0.607087
6 15  0.616231
6 16  0.398204
6 17  0.601544
6 18  0.602870
6 19  0.658660
6 20  0.618569
6 21  0.644678
6 22  0.628398
6 23  0.631913
6 24  0.647461
6 25  0.609302
6 26  0.610891
6 27  0.647854
6 28  0.609950
6 29  0.604772
6 30  0.633400
7 8  0.626532
7 9  0.629248
7 10  0.665736
7 11  0.631804
7 12  0.629205
7 13  0.635522
7 14  0.645197
7 15  0.633233
7 16  0.663318
7 17  0.623288
7 18  0.627454
7 19  0.640852
7 20  0.673159
7 21  0.666337
7 22  0.662076
7 23  0.582550
7 24  0.668100
7 25  0.631043
7 26  0.632770
7 27  0.664146
7 28  0.631512
7 29  0.628233
7 30  0.577768
8 9  0.567074
8 10  0.612886
8 11  0.521332
8 12  0.566988
8 13  0.601187
8 14  0.604060
8 15  0.597846
8 16  0.602852
8 17  0.559244
8 18  0.566954
8 19  0.624455
8 20  0.617966
8 21  0.555703
8 22  0.599919
8 23  0.601163
8 24  0.607178
8 25  0.520091
8 26  0.570759
8 27  0.607410
8 28  0.304587
8 29  0.566193
8 30  0.597415
9 10  0.616014
9 11  0.572251
9 12  0.521352
9 13  0.604116
9 14  0.606489
9 15  0.600251
9 16  0.603566
9 17  0.563810
9 18  0.568685
9 19  0.626779
9 20  0.620607
9 21  0.607186
9 22  0.558534
9 23  0.603763
9 24  0.610047
9 25  0.571609
9 26  0.517059
9 27  0.611324
9 28  0.572368
9 29  0.295478
9 30  0.599949
10 11  0.618222
10 12  0.615932
10 13  0.627249
10 14  0.650454
10 15  0.643673
10 16  0.651369
10 17  0.586242
10 18  0.615109
10 19  0.666926
10 20  0.665440
10 21  0.648783
10 22  0.648770
10 23  0.645163
10 24  0.411563
10 25  0.617635
10 26  0.619650
10 27  0.618984
10 28  0.618608
10 29  0.615104
10 30  0.636819
11 12  0.572164
11 13  0.606583
11 14  0.609240
11 15  0.603121
11 16  0.608081
11 17  0.560583
11 18  0.572120
11 19  0.629647
11 20  0.623140
11 21  0.566621
11 22  0.605104
11 23  0.606239
11 24  0.612082
11 25  0.307024
11 26  0.575932
11 27  0.613881
11 28  0.516959
11 29  0.571368
11 30  0.602776
12 13  0.604012
12 14  0.606417
12 15  0.600261
12 16  0.604947
12 17  0.563732
12 18  0.565101
12 19  0.627108
12 20  0.620078
12 21  0.607143
12 22  0.554698
12 23  0.603689
12 24  0.610047
12 25  0.571529
12 26  0.295283
12 27  0.611401
12 28  0.572299
12 29  0.517520
12 30  0.600153
13 14  0.634230
13 15  0.612899
13 16  0.636642
13 17  0.592909
13 18  0.602056
13 19  0.581255
13 20  0.650223
13 21  0.639677
13 22  0.636351
13 23  0.613211
13 24  0.619672
13 25  0.606005
13 26  0.607736
13 27  0.635505
13 28  0.606607
13 29  0.603237
13 30  0.585748
14 15  0.630302
14 16  0.610096
14 17  0.600730
14 18  0.589937
14 19  0.662940
14 20  0.414897
14 21  0.644206
14 22  0.637447
14 23  0.615473
14 24  0.647003
14 25  0.608557
14 26  0.609897
14 27  0.648114
14 28  0.609287
14 29  0.605593
14 30  0.634209
15 16  0.611481
15 17  0.594043
15 18  0.597515
15 19  0.576882
15 20  0.640923
15 21  0.637212
15 22  0.630421
15 23  0.585946
15 24  0.637709
15 25  0.602435
15 26  0.604266
15 27  0.637889
15 28  0.602935
15 29  0.599455
15 30  0.607334
16 17  0.599383
16 18  0.601285
16 19  0.641877
16 20  0.616197
16 21  0.642924
16 22  0.626160
16 23  0.632909
16 24  0.643117
16 25  0.607486
16 26  0.608073
16 27  0.644919
16 28  0.608244
16 29  0.602547
16 30  0.629351
17 18  0.563713
17 19  0.618602
17 20  0.614346
17 21  0.579992
17 22  0.596689
17 23  0.596331
17 24  0.579549
17 25  0.561207
17 26  0.567524
17 27  0.602832
17 28  0.563001
17 29  0.562956
17 30  0.592957
18 19  0.625779
18 20  0.592604
18 21  0.607179
18 22  0.582460
18 23  0.601339
18 24  0.609702
18 25  0.571543
18 26  0.567976
18 27  0.611242
18 28  0.572321
18 29  0.564313
18 30  0.599793
19 20  0.668690
19 21  0.664103
19 22  0.658588
19 23  0.632632
19 24  0.645792
19 25  0.629298
19 26  0.631056
19 27  0.659712
19 28  0.630028
19 29  0.626337
19 30  0.630036
20 21  0.658126
20 22  0.651799
20 23  0.632145
20 24  0.658339
20 25  0.622606
20 26  0.624124
20 27  0.660753
20 28  0.623378
20 29  0.619328
20 30  0.647469
21 22  0.640116
21 23  0.641182
21 24  0.644724
21 25  0.573308
21 26  0.610946
21 27  0.637031
21 28  0.571548
21 29  0.606376
21 30  0.636890
22 23  0.636163
22 24  0.642856
22 25  0.604483
22 26  0.568387
22 27  0.644193
22 28  0.605259
22 29  0.565565
22 30  0.632370
23 24  0.637025
23 25  0.605735
23 26  0.607431
23 27  0.641900
23 28  0.606521
23 29  0.602632
23 30  0.613926
24 25  0.611975
24 26  0.613906
24 27  0.612338
24 28  0.612642
24 29  0.609327
24 30  0.633766
25 26  0.575302
25 27  0.611098
25 28  0.525481
25 29  0.570734
25 30  0.601883
26 27  0.615245
26 28  0.576079
26 29  0.523716
26 30  0.603940
27 28  0.610889
27 29  0.610653
27 30  0.620492
28 29  0.571511
28 30  0.602581
29 30  0.599248
