  -1146.53038492
  -1146.90217941
0.00002698720700
2 2 2 2 2 2 2 2 2 2 2 2 2 2 2 0 0 0 0 0 0 0 0 0 0 0 0 0 0 0 
1  0.281200
2  0.275754
3  0.324886
4  0.324299
5  0.318564
6  0.330942
7  0.352878
8  0.284462
9  0.287256
10  0.338304
11  0.289353
12  0.286683
13  0.325881
14  0.328987
15  0.322636
16  0.328598
17  0.284194
18  0.289996
19  0.350773
20  0.343039
21  0.326179
22  0.321303
23  0.325358
24  0.332528
25  0.288719
26  0.290466
27  0.335179
28  0.290097
29  0.286181
30  0.322198
1 2  0.556895
1 3  0.601776
1 4  0.605486
1 5  0.582834
1 6  0.611880
1 7  0.632488
1 8  0.561805
1 9  0.568454
1 10  0.592403
1 11  0.564950
1 12  0.567880
1 13  0.604880
1 14  0.609731
1 15  0.603478
1 16  0.609503
1 17  0.267908
1 18  0.570697
1 19  0.629917
1 20  0.623243
1 21  0.583693
1 22  0.602416
1 23  0.604462
1 24  0.597099
1 25  0.566169
1 26  0.571623
1 27  0.612653
1 28  0.570620
1 29  0.567358
1 30  0.600561
2 3  0.600280
2 4  0.581410
2 5  0.594299
2 6  0.603902
2 7  0.625672
2 8  0.560214
2 9  0.560166
2 10  0.613541
2 11  0.565106
2 12  0.557675
2 13  0.600057
2 14  0.580898
2 15  0.596969
2 16  0.602645
2 17  0.559773
2 18  0.268264
2 19  0.626372
2 20  0.594927
2 21  0.601931
2 22  0.578886
2 23  0.595813
2 24  0.608063
2 25  0.564451
2 26  0.560947
2 27  0.610908
2 28  0.565827
2 29  0.560570
2 30  0.597330
3 4  0.648927
3 5  0.631226
3 6  0.653064
3 7  0.655680
3 8  0.607563
3 9  0.612106
3 10  0.625233
3 11  0.613301
3 12  0.611557
3 13  0.643755
3 14  0.650830
3 15  0.640782
3 16  0.653192
3 17  0.606945
3 18  0.614645
3 19  0.674004
3 20  0.667435
3 21  0.644480
3 22  0.646174
3 23  0.646841
3 24  0.624426
3 25  0.612802
3 26  0.615281
3 27  0.415122
3 28  0.612756
3 29  0.610952
3 30  0.621354
4 5  0.642849
4 6  0.642977
4 7  0.676201
4 8  0.608758
4 9  0.573160
4 10  0.662446
4 11  0.613652
4 12  0.574438
4 13  0.649970
4 14  0.650080
4 15  0.646059
4 16  0.645408
4 17  0.608492
4 18  0.591430
4 19  0.674433
4 20  0.663363
4 21  0.650384
4 22  0.407791
4 23  0.647563
4 24  0.656770
4 25  0.612980
4 26  0.568653
4 27  0.659106
4 28  0.614313
4 29  0.562535
4 30  0.645525
5 6  0.649254
5 7  0.669773
5 8  0.567253
5 9  0.605818
5 10  0.654936
5 11  0.568950
5 12  0.605246
5 13  0.643887
5 14  0.647320
5 15  0.640442
5 16  0.647137
5 17  0.585428
5 18  0.608507
5 19  0.669276
5 20  0.661532
5 21  0.416556
5 22  0.639864
5 23  0.643302
5 24  0.649595
5 25  0.557325
5 26  0.609011
5 27  0.640806
5 28  0.565681
5 29  0.604717
5 30  0.637673
6 7  0.673583
6 8  0.615379
6 9  0.615296
6 10  0.667359
6 11  0.620293
6 12  0.616089
6 13  0.653279
6 14  0.622355
6 15  0.630009
6 16  0.413670
6 17  0.615095
6 18  0.616439
6 19  0.674694
6 20  0.634383
6 21  0.656782
6 22  0.640291
6 23  0.646505
6 24  0.662923
6 25  0.619548
6 26  0.621101
6 27  0.664515
6 28  0.620771
6 29  0.615260
6 30  0.648292
7 8  0.637156
7 9  0.640064
7 10  0.680900
7 11  0.642183
7 12  0.639535
7 13  0.650758
7 14  0.659346
7 15  0.648559
7 16  0.679577
7 17  0.636890
7 18  0.640956
7 19  0.657676
7 20  0.688288
7 21  0.678522
7 22  0.674087
7 23  0.596696
7 24  0.683635
7 25  0.641381
7 26  0.643103
7 27  0.680471
7 28  0.642437
7 29  0.638860
7 30  0.592148
8 9  0.571716
8 10  0.622176
8 11  0.525815
8 12  0.571143
8 13  0.609958
8 14  0.613439
8 15  0.606944
8 16  0.612880
8 17  0.566640
8 18  0.574398
8 19  0.634894
8 20  0.627353
8 21  0.561841
8 22  0.605714
8 23  0.609779
8 24  0.616492
8 25  0.524571
8 26  0.574927
8 27  0.618046
8 28  0.309351
8 29  0.570641
8 30  0.606426
9 10  0.625554
9 11  0.576608
9 12  0.525901
9 13  0.613118
9 14  0.615994
9 15  0.609461
9 16  0.613740
9 17  0.571395
9 18  0.576259
9 19  0.637335
9 20  0.630168
9 21  0.613334
9 22  0.564605
9 23  0.612520
9 24  0.619551
9 25  0.575965
9 26  0.521748
9 27  0.622108
9 28  0.577318
9 29  0.300060
9 30  0.609084
10 11  0.627274
10 12  0.624985
10 13  0.639960
10 14  0.664379
10 15  0.657519
10 16  0.666340
10 17  0.598066
10 18  0.627357
10 19  0.681850
10 20  0.679629
10 21  0.659691
10 22  0.659488
10 23  0.658597
10 24  0.425431
10 25  0.626736
10 26  0.628680
10 27  0.634975
10 28  0.628294
10 29  0.624423
10 30  0.650774
11 12  0.576034
11 13  0.615130
11 14  0.618336
11 15  0.611966
11 16  0.617853
11 17  0.567674
11 18  0.579271
11 19  0.639781
11 20  0.632229
11 21  0.572534
11 22  0.610623
11 23  0.614529
11 24  0.621185
11 25  0.310880
11 26  0.579814
11 27  0.624273
11 28  0.521848
11 29  0.575534
11 30  0.611508
12 13  0.612523
12 14  0.615463
12 15  0.609001
12 16  0.614663
12 17  0.570828
12 18  0.572224
12 19  0.637182
12 20  0.629193
12 21  0.612817
12 22  0.560358
12 23  0.611938
12 24  0.619067
12 25  0.575400
12 26  0.299053
12 27  0.621741
12 28  0.576770
12 29  0.521949
12 30  0.608827
13 14  0.647732
13 15  0.626024
13 16  0.650897
13 17  0.604673
13 18  0.613816
13 19  0.595436
13 20  0.663924
13 21  0.650019
13 22  0.646433
13 23  0.626141
13 24  0.633031
13 25  0.614559
13 26  0.616258
13 27  0.650501
13 28  0.615782
13 29  0.612055
13 30  0.599502
14 15  0.644369
14 16  0.625185
14 17  0.612978
14 18  0.601709
14 19  0.678219
14 20  0.428911
14 21  0.655136
14 22  0.648151
14 23  0.628622
14 24  0.661213
14 25  0.617623
14 26  0.618938
14 27  0.663693
14 28  0.618952
14 29  0.614884
14 30  0.647921
15 16  0.625650
15 17  0.606058
15 18  0.609674
15 19  0.591216
15 20  0.655033
15 21  0.647900
15 22  0.640758
15 23  0.599593
15 24  0.651603
15 25  0.611267
15 26  0.613082
15 27  0.653060
15 28  0.612363
15 29  0.608533
15 30  0.620909
16 17  0.612318
16 18  0.614169
16 19  0.656221
16 20  0.631087
16 21  0.654454
16 22  0.636682
16 23  0.647049
16 24  0.657596
16 25  0.617297
16 26  0.617720
16 27  0.660710
16 28  0.618645
16 29  0.612396
16 30  0.643566
17 18  0.574107
17 19  0.631606
17 20  0.626594
17 21  0.588667
17 22  0.605468
17 23  0.607713
17 24  0.590368
17 25  0.568256
17 26  0.574659
17 27  0.616374
17 28  0.570659
17 29  0.570373
17 30  0.604862
18 19  0.639065
18 20  0.603493
18 21  0.616159
18 22  0.590962
18 23  0.612642
18 24  0.621954
18 25  0.578713
18 26  0.574914
18 27  0.624849
18 28  0.580091
18 29  0.571567
18 30  0.611720
19 20  0.683623
19 21  0.675912
19 22  0.670130
19 23  0.647405
19 24  0.659713
19 25  0.639445
19 26  0.641166
19 27  0.675938
19 28  0.640778
19 29  0.636711
19 30  0.645057
20 21  0.669034
20 22  0.662409
20 23  0.644663
20 24  0.672298
20 25  0.631753
20 26  0.633203
20 27  0.676070
20 28  0.633123
20 29  0.628648
20 30  0.661203
21 22  0.647460
21 23  0.651272
21 24  0.655451
21 25  0.579360
21 26  0.616643
21 27  0.648413
21 28  0.577787
21 29  0.612356
21 30  0.647302
22 23  0.646095
22 24  0.653532
22 25  0.610019
22 26  0.574069
22 27  0.656162
22 28  0.611396
22 29  0.571357
22 30  0.642595
23 24  0.650271
23 25  0.614049
23 26  0.615697
23 27  0.656462
23 28  0.615433
23 29  0.611134
23 30  0.626737
24 25  0.621082
24 26  0.622992
24 27  0.627707
24 28  0.622328
24 29  0.618695
24 30  0.647751
25 26  0.579184
25 27  0.621232
25 28  0.530211
25 29  0.574899
25 30  0.610541
26 27  0.625638
26 28  0.580562
26 29  0.528133
26 30  0.612620
27 28  0.621601
27 29  0.621321
27 30  0.634366
28 29  0.576277
28 30  0.611818
29 30  0.608184
