  -1146.53038492
  -1146.90286133
0.00000804553964
2 2 2 2 2 2 2 2 2 2 2 2 2 2 2 0 0 0 0 0 0 0 0 0 0 0 0 0 0 0 
1  0.282990
2  0.277374
3  0.327449
4  0.325550
5  0.319778
6  0.333696
7  0.355510
8  0.285236
9  0.288055
10  0.340874
11  0.290035
12  0.287290
13  0.328153
14  0.331402
15  0.325027
16  0.331162
17  0.285919
18  0.291853
19  0.353368
20  0.345588
21  0.327417
22  0.322495
23  0.327610
24  0.334992
25  0.289352
26  0.291116
27  0.337893
28  0.290938
29  0.286937
30  0.324497
1 2  0.560287
1 3  0.606060
1 4  0.608525
1 5  0.585769
1 6  0.616381
1 7  0.636855
1 8  0.564336
1 9  0.571043
1 10  0.596189
1 11  0.567371
1 12  0.570277
1 13  0.608838
1 14  0.613881
1 15  0.607637
1 16  0.613871
1 17  0.271214
1 18  0.574236
1 19  0.634295
1 20  0.627504
1 21  0.586766
1 22  0.605386
1 23  0.608509
1 24  0.601232
1 25  0.568610
1 26  0.574046
1 27  0.617156
1 28  0.573243
1 29  0.569898
1 30  0.604662
2 3  0.604401
2 4  0.584198
2 5  0.597126
2 6  0.608238
2 7  0.629781
2 8  0.562607
2 9  0.562569
2 10  0.617658
2 11  0.567407
2 12  0.559878
2 13  0.603870
2 14  0.584446
2 15  0.600967
2 16  0.606809
2 17  0.563060
2 18  0.271513
2 19  0.630583
2 20  0.599023
2 21  0.604785
2 22  0.581717
2 23  0.599638
2 24  0.612117
2 25  0.566688
2 26  0.563230
2 27  0.615238
2 28  0.568279
2 29  0.562935
2 30  0.601236
3 4  0.652706
3 5  0.634734
3 6  0.658190
3 7  0.660308
3 8  0.610851
3 9  0.615465
3 10  0.630377
3 11  0.616515
3 12  0.614724
3 13  0.648587
3 14  0.655620
3 15  0.645627
3 16  0.658282
3 17  0.611213
3 18  0.619067
3 19  0.679148
3 20  0.672529
3 21  0.648228
3 22  0.649919
3 23  0.651554
3 24  0.629521
3 25  0.615960
3 26  0.618471
3 27  0.420240
3 28  0.616153
3 29  0.614230
3 30  0.626066
4 5  0.645310
4 6  0.646701
4 7  0.680017
4 8  0.610783
4 9  0.575222
4 10  0.666243
4 11  0.615584
4 12  0.576414
4 13  0.653472
4 14  0.653695
4 15  0.649653
4 16  0.649181
4 17  0.611468
4 18  0.594574
4 19  0.678287
4 20  0.667158
4 21  0.652865
4 22  0.410454
4 23  0.651066
4 24  0.660494
4 25  0.614850
4 26  0.570641
4 27  0.663041
4 28  0.616377
4 29  0.564607
4 30  0.649054
5 6  0.653180
5 7  0.673526
5 8  0.569288
5 9  0.607829
5 10  0.658669
5 11  0.570930
5 12  0.607065
5 13  0.647366
5 14  0.650910
5 15  0.643996
5 16  0.650903
5 17  0.588381
5 18  0.611565
5 19  0.673084
5 20  0.665283
5 21  0.419198
5 22  0.642266
5 23  0.646768
5 24  0.653256
5 25  0.559254
5 26  0.610860
5 27  0.644747
5 28  0.567787
5 29  0.606663
5 30  0.641168
6 7  0.678796
6 8  0.618899
6 9  0.618767
6 10  0.672527
6 11  0.623726
6 12  0.619400
6 13  0.658206
6 14  0.627468
6 15  0.634676
6 16  0.418805
6 17  0.619571
6 18  0.621059
6 19  0.679877
6 20  0.639803
6 21  0.660763
6 22  0.644235
6 23  0.651500
6 24  0.668114
6 25  0.622920
6 26  0.624483
6 27  0.669944
6 28  0.624319
6 29  0.618774
6 30  0.653300
7 8  0.640542
7 9  0.643494
7 10  0.685955
7 11  0.645488
7 12  0.642770
7 13  0.655757
7 14  0.663908
7 15  0.653584
7 16  0.684754
7 17  0.641238
7 18  0.645430
7 19  0.663096
7 20  0.693320
7 21  0.682404
7 22  0.677908
7 23  0.601325
7 24  0.688707
7 25  0.644611
7 26  0.646378
7 27  0.685612
7 28  0.645924
7 29  0.642213
7 30  0.596833
8 9  0.573288
8 10  0.625493
8 11  0.527367
8 12  0.572523
8 13  0.612973
8 14  0.616625
8 15  0.610085
8 16  0.616163
8 17  0.569128
8 18  0.577005
8 19  0.638220
8 20  0.630652
8 21  0.563933
8 22  0.607653
8 23  0.612808
8 24  0.619725
8 25  0.526095
8 26  0.576351
8 27  0.621540
8 28  0.311013
8 29  0.572165
8 30  0.609488
9 10  0.628922
9 11  0.578088
9 12  0.527395
9 13  0.616181
9 14  0.619194
9 15  0.612615
9 16  0.617104
9 17  0.573900
9 18  0.578903
9 19  0.640729
9 20  0.633507
9 21  0.615338
9 22  0.566661
9 23  0.615569
9 24  0.622779
9 25  0.577396
9 26  0.523338
9 27  0.625573
9 28  0.578946
9 29  0.301671
9 30  0.612175
10 11  0.630517
10 12  0.628161
10 13  0.644391
10 14  0.669254
10 15  0.662390
10 16  0.671470
10 17  0.602236
10 18  0.631698
10 19  0.686861
10 20  0.684737
10 21  0.663493
10 22  0.663234
10 23  0.663370
10 24  0.430334
10 25  0.629936
10 26  0.631875
10 27  0.640404
10 28  0.631699
10 29  0.627739
10 30  0.655630
11 12  0.577322
11 13  0.618074
11 14  0.621434
11 15  0.615029
11 16  0.621066
11 17  0.570089
11 18  0.581772
11 19  0.643048
11 20  0.635422
11 21  0.574544
11 22  0.612482
11 23  0.617437
11 24  0.624335
11 25  0.312240
11 26  0.581144
11 27  0.627653
11 28  0.523517
11 29  0.576972
11 30  0.614488
12 13  0.615391
12 14  0.618481
12 15  0.611975
12 16  0.617806
12 17  0.573132
12 18  0.574704
12 19  0.640364
12 20  0.632350
12 21  0.614645
12 22  0.562247
12 23  0.614790
12 24  0.622110
12 25  0.576641
12 26  0.300364
12 27  0.625047
12 28  0.578218
12 29  0.523434
12 30  0.611737
13 14  0.652335
13 15  0.630490
13 16  0.655637
13 17  0.608619
13 18  0.617938
13 19  0.600047
13 20  0.668700
13 21  0.653519
13 22  0.649906
13 23  0.630638
13 24  0.637610
13 25  0.617461
13 26  0.619162
13 27  0.655473
13 28  0.618892
13 29  0.615084
13 30  0.604241
14 15  0.649202
14 16  0.630252
14 17  0.617090
14 18  0.605803
14 19  0.683208
14 20  0.433714
14 21  0.658792
14 22  0.651737
14 23  0.633190
14 24  0.666078
14 25  0.620651
14 26  0.621998
14 27  0.668793
14 28  0.622185
14 29  0.618045
14 30  0.652546
15 16  0.630413
15 17  0.610172
15 18  0.613938
15 19  0.595930
15 20  0.659956
15 21  0.651509
15 22  0.644323
15 23  0.604384
15 24  0.656373
15 25  0.614302
15 26  0.616121
15 27  0.658103
15 28  0.615584
15 29  0.611670
15 30  0.625481
16 17  0.616530
16 18  0.618521
16 19  0.660796
16 20  0.636193
16 21  0.658220
16 22  0.640179
16 23  0.651867
16 24  0.662451
16 25  0.620484
16 26  0.620881
16 27  0.665802
16 28  0.622046
16 29  0.615660
16 30  0.648308
17 18  0.577660
17 19  0.635793
17 20  0.630793
17 21  0.591554
17 22  0.608377
17 23  0.611603
17 24  0.594059
17 25  0.570599
17 26  0.577033
17 27  0.620777
17 28  0.573214
17 29  0.572854
17 30  0.608874
18 19  0.643462
18 20  0.607355
18 21  0.619248
18 22  0.593938
18 23  0.616631
18 24  0.626220
18 25  0.581202
18 26  0.577385
18 27  0.629366
18 28  0.582789
18 29  0.574147
18 30  0.615858
19 20  0.688626
19 21  0.679690
19 22  0.673825
19 23  0.652335
19 24  0.664243
19 25  0.642666
19 26  0.644400
19 27  0.681095
19 28  0.644211
19 29  0.640041
19 30  0.649946
20 21  0.672797
20 22  0.666097
20 23  0.649085
20 24  0.677193
20 25  0.634933
20 26  0.636391
20 27  0.681211
20 28  0.636512
20 29  0.631938
20 30  0.665941
21 22  0.649886
21 23  0.654743
21 24  0.659104
21 25  0.581363
21 26  0.618529
21 27  0.652113
21 28  0.579863
21 29  0.614349
21 30  0.650788
22 23  0.649534
22 24  0.657140
22 25  0.611841
22 26  0.576002
22 27  0.660022
22 28  0.613428
22 29  0.573338
22 30  0.646031
23 24  0.654887
23 25  0.616930
23 26  0.618590
23 27  0.661298
23 28  0.618522
23 29  0.614107
23 30  0.631131
24 25  0.624175
24 26  0.626105
24 27  0.632814
24 28  0.625618
24 29  0.621910
24 30  0.652540
25 26  0.580466
25 27  0.624497
25 28  0.531772
25 29  0.576288
25 30  0.613447
26 27  0.628994
26 28  0.582053
26 29  0.529638
26 30  0.615557
27 28  0.625062
27 29  0.624784
27 30  0.638922
28 29  0.577873
28 30  0.614927
29 30  0.611217
