  -1146.54246222
  -1146.90840951
0.00008640448900
2 2 2 2 2 2 2 2 2 2 2 2 2 2 2 0 0 0 0 0 0 0 0 0 0 0 0 0 0 0 
1  0.264298
2  0.264271
3  0.277155
4  0.283470
5  0.283472
6  0.277107
7  0.299191
8  0.310166
9  0.310166
10  0.304895
11  0.304870
12  0.311756
13  0.305778
14  0.305786
15  0.311605
16  0.279945
17  0.280096
18  0.288390
19  0.279880
20  0.279921
21  0.288353
22  0.314447
23  0.299681
24  0.307722
25  0.307840
26  0.299679
27  0.314484
28  0.302367
29  0.308529
30  0.308604
1 2  0.528358
1 3  0.540533
1 4  0.547324
1 5  0.547752
1 6  0.541401
1 7  0.553519
1 8  0.568761
1 9  0.567046
1 10  0.569085
1 11  0.549400
1 12  0.575916
1 13  0.567959
1 14  0.569699
1 15  0.573642
1 16  0.254284
1 17  0.544269
1 18  0.550836
1 19  0.543823
1 20  0.544116
1 21  0.552607
1 22  0.576764
1 23  0.563378
1 24  0.558237
1 25  0.572078
1 26  0.561145
1 27  0.554459
1 28  0.565810
1 29  0.567299
1 30  0.572833
2 3  0.541421
2 4  0.547723
2 5  0.547301
2 6  0.540458
2 7  0.553425
2 8  0.566982
2 9  0.568742
2 10  0.549422
2 11  0.569031
2 12  0.573766
2 13  0.569672
2 14  0.567943
2 15  0.575739
2 16  0.544089
2 17  0.254373
2 18  0.552622
2 19  0.544055
2 20  0.543842
2 21  0.550781
2 22  0.554370
2 23  0.561118
2 24  0.571936
2 25  0.558369
2 26  0.563371
2 27  0.576808
2 28  0.565787
2 29  0.572730
2 30  0.567367
3 4  0.516433
3 5  0.560626
3 6  0.554261
3 7  0.576327
3 8  0.587255
3 9  0.586937
3 10  0.582049
3 11  0.575079
3 12  0.588909
3 13  0.575707
3 14  0.582938
3 15  0.570821
3 16  0.556160
3 17  0.557163
3 18  0.278260
3 19  0.512236
3 20  0.557076
3 21  0.565506
3 22  0.591533
3 23  0.576800
3 24  0.583353
3 25  0.584988
3 26  0.575302
3 27  0.591585
3 28  0.579324
3 29  0.552948
3 30  0.585743
4 5  0.566942
4 6  0.560577
4 7  0.582626
4 8  0.593600
4 9  0.593131
4 10  0.588363
4 11  0.583909
4 12  0.595224
4 13  0.581969
4 14  0.589255
4 15  0.572204
4 16  0.563331
4 17  0.563223
4 18  0.517771
4 19  0.278925
4 20  0.563390
4 21  0.571811
4 22  0.597371
4 23  0.583095
4 24  0.589356
4 25  0.591282
4 26  0.578974
4 27  0.597729
4 28  0.585143
4 29  0.566816
4 30  0.592038
5 6  0.516393
5 7  0.582627
5 8  0.593131
5 9  0.593603
5 10  0.583934
5 11  0.588339
5 12  0.572371
5 13  0.589248
5 14  0.581973
5 15  0.595075
5 16  0.563074
5 17  0.563484
5 18  0.571849
5 19  0.563350
5 20  0.278810
5 21  0.517700
5 22  0.597695
5 23  0.578990
5 24  0.591166
5 25  0.589480
5 26  0.583095
5 27  0.597416
5 28  0.585156
5 29  0.591965
5 30  0.566914
6 7  0.576280
6 8  0.586887
6 9  0.587208
6 10  0.575066
6 11  0.581975
6 12  0.570913
6 13  0.582882
6 14  0.575691
6 15  0.588710
6 16  0.556963
6 17  0.556265
6 18  0.565495
6 19  0.556987
6 20  0.512179
6 21  0.278144
6 22  0.591501
6 23  0.575255
6 24  0.584822
6 25  0.583429
6 26  0.576749
6 27  0.591522
6 28  0.579276
6 29  0.585619
6 30  0.553010
7 8  0.576815
7 9  0.576856
7 10  0.602917
7 11  0.602893
7 12  0.610445
7 13  0.604063
7 14  0.604069
7 15  0.610297
7 16  0.572078
7 17  0.572184
7 18  0.587219
7 19  0.578811
7 20  0.578851
7 21  0.587184
7 22  0.526928
7 23  0.598635
7 24  0.605952
7 25  0.606061
7 26  0.598632
7 27  0.526522
7 28  0.563717
7 29  0.607631
7 30  0.607709
8 9  0.585290
8 10  0.614036
8 11  0.614728
8 12  0.620268
8 13  0.614894
8 14  0.605770
8 15  0.621622
8 16  0.583720
8 17  0.582393
8 18  0.598359
8 19  0.590032
8 20  0.589756
8 21  0.598476
8 22  0.555277
8 23  0.597996
8 24  0.617319
8 25  0.617314
8 26  0.608867
8 27  0.586345
8 28  0.523109
8 29  0.618065
8 30  0.615986
9 10  0.614750
9 11  0.614007
9 12  0.621774
9 13  0.605750
9 14  0.614908
9 15  0.620110
9 16  0.582282
9 17  0.583855
9 18  0.598513
9 19  0.589713
9 20  0.590072
9 21  0.598321
9 22  0.586365
9 23  0.608865
9 24  0.617196
9 25  0.617442
9 26  0.597960
9 27  0.555589
9 28  0.522623
9 29  0.615902
9 30  0.618136
10 11  0.609750
10 12  0.590481
10 13  0.610652
10 14  0.575045
10 15  0.616492
10 16  0.584712
10 17  0.562610
10 18  0.593257
10 19  0.584747
10 20  0.583222
10 21  0.589266
10 22  0.615772
10 23  0.562473
10 24  0.612593
10 25  0.385358
10 26  0.604507
10 27  0.618882
10 28  0.607005
10 29  0.613423
10 30  0.586952
11 12  0.616617
11 13  0.575052
11 14  0.610634
11 15  0.590314
11 16  0.562381
11 17  0.584832
11 18  0.589246
11 19  0.583146
11 20  0.584762
11 21  0.593193
11 22  0.618812
11 23  0.604480
11 24  0.385407
11 25  0.612685
11 26  0.562481
11 27  0.615783
11 28  0.606977
11 29  0.586864
11 30  0.613473
12 13  0.617515
12 14  0.592201
12 15  0.623354
12 16  0.591057
12 17  0.586018
12 18  0.600100
12 19  0.591616
12 20  0.559623
12 21  0.573376
12 22  0.624309
12 23  0.584234
12 24  0.619405
12 25  0.582678
12 26  0.611424
12 27  0.625085
12 28  0.613401
12 29  0.620249
12 30  0.436223
13 14  0.611494
13 15  0.592095
13 16  0.583731
13 17  0.584290
13 18  0.592293
13 19  0.584069
13 20  0.585683
13 21  0.594061
13 22  0.617740
13 23  0.605300
13 24  0.573770
13 25  0.613424
13 26  0.382955
13 27  0.618023
13 28  0.605263
13 29  0.576781
13 30  0.614232
14 15  0.617372
14 16  0.584150
14 17  0.583881
14 18  0.594104
14 19  0.585649
14 20  0.584120
14 21  0.592265
14 22  0.617981
14 23  0.382946
14 24  0.613314
14 25  0.573843
14 26  0.605307
14 27  0.617793
14 28  0.605306
14 29  0.614165
14 30  0.576878
15 16  0.585699
15 17  0.591050
15 18  0.573293
15 19  0.559416
15 20  0.591506
15 21  0.599912
15 22  0.624882
15 23  0.611275
15 24  0.582432
15 25  0.619371
15 26  0.584142
15 27  0.624192
15 28  0.613234
15 29  0.436367
15 30  0.620172
16 17  0.559499
16 18  0.566960
16 19  0.559003
16 20  0.559838
16 21  0.568289
16 22  0.591570
16 23  0.579207
16 24  0.567183
16 25  0.587718
16 26  0.576439
16 27  0.571631
16 28  0.579496
16 29  0.584299
16 30  0.588507
17 18  0.568476
17 19  0.559948
17 20  0.559194
17 21  0.567074
17 22  0.571660
17 23  0.576592
17 24  0.587750
17 25  0.567455
17 26  0.579366
17 27  0.591745
17 28  0.579613
17 29  0.588584
17 30  0.584528
18 19  0.522963
18 20  0.568310
18 21  0.576742
18 22  0.602765
18 23  0.588069
18 24  0.588243
18 25  0.596230
18 26  0.583004
18 27  0.602648
18 28  0.590660
18 29  0.573062
18 30  0.596994
19 20  0.559801
19 21  0.568232
19 22  0.594097
19 23  0.579557
19 24  0.578028
19 25  0.587719
19 26  0.572409
19 27  0.593906
19 28  0.581990
19 29  0.570592
19 30  0.588483
20 21  0.522981
20 22  0.593908
20 23  0.572445
20 24  0.587642
20 25  0.578187
20 26  0.579596
20 27  0.594171
20 28  0.582036
20 29  0.588449
20 30  0.570710
21 22  0.602572
21 23  0.582974
21 24  0.596075
21 25  0.588320
21 26  0.588030
21 27  0.602762
21 28  0.590623
21 29  0.596881
21 30  0.573109
22 23  0.610558
22 24  0.621857
22 25  0.620533
22 26  0.610984
22 27  0.596281
22 28  0.584173
22 29  0.622558
22 30  0.622681
23 24  0.607387
23 25  0.571063
23 26  0.599151
23 27  0.611025
23 28  0.595194
23 29  0.608179
23 30  0.584319
24 25  0.615560
24 26  0.570975
24 27  0.620463
24 28  0.609672
24 29  0.591230
24 30  0.616323
25 26  0.607503
25 27  0.622012
25 28  0.609796
25 29  0.616366
25 30  0.591406
26 27  0.610602
26 28  0.595118
26 29  0.584277
26 30  0.608252
27 28  0.584092
27 29  0.622644
27 30  0.622674
28 29  0.610038
28 30  0.610114
29 30  0.617130
