  -1146.54246222
  -1146.91041607
0.00002003339260
2 2 2 2 2 2 2 2 2 2 2 2 2 2 2 0 0 0 0 0 0 0 0 0 0 0 0 0 0 0 
1  0.269116
2  0.269062
3  0.279655
4  0.286316
5  0.286288
6  0.279596
7  0.303961
8  0.315876
9  0.315943
10  0.309149
11  0.309111
12  0.315888
13  0.311425
14  0.311426
15  0.315781
16  0.285367
17  0.285369
18  0.291014
19  0.282412
20  0.282428
21  0.290949
22  0.319952
23  0.305119
24  0.312200
25  0.312275
26  0.305180
27  0.319879
28  0.307944
29  0.312278
30  0.312290
1 2  0.537927
1 3  0.547737
1 4  0.554911
1 5  0.555376
1 6  0.548704
1 7  0.562565
1 8  0.578920
1 9  0.577524
1 10  0.578117
1 11  0.557363
1 12  0.584821
1 13  0.578363
1 14  0.580099
1 15  0.582490
1 16  0.263598
1 17  0.554361
1 18  0.558181
1 19  0.551145
1 20  0.551371
1 21  0.559995
1 22  0.587007
1 23  0.573429
1 24  0.567187
1 25  0.581327
1 26  0.571434
1 27  0.564657
1 28  0.576169
1 29  0.575813
1 30  0.581305
2 3  0.548709
2 4  0.555349
2 5  0.554828
2 6  0.547626
2 7  0.562496
2 8  0.577374
2 9  0.578946
2 10  0.557359
2 11  0.578024
2 12  0.582545
2 13  0.580050
2 14  0.578313
2 15  0.584657
2 16  0.554306
2 17  0.263586
2 18  0.560009
2 19  0.551303
2 20  0.551111
2 21  0.558082
2 22  0.564605
2 23  0.571317
2 24  0.581195
2 25  0.567243
2 26  0.573435
2 27  0.586888
2 28  0.576106
2 29  0.581237
2 30  0.575793
3 4  0.522051
3 5  0.565942
3 6  0.559250
3 7  0.583589
3 8  0.595450
3 9  0.595139
3 10  0.588802
3 11  0.581473
3 12  0.595541
3 13  0.583259
3 14  0.591077
3 15  0.577372
3 16  0.563952
3 17  0.564896
3 18  0.283215
3 19  0.517611
3 20  0.562083
3 21  0.570603
3 22  0.599516
3 23  0.584706
3 24  0.590243
3 25  0.591922
3 26  0.583179
3 27  0.599479
3 28  0.587347
3 29  0.559215
3 30  0.591918
4 5  0.572604
4 6  0.565911
4 7  0.590239
4 8  0.602137
4 9  0.601673
4 10  0.595463
4 11  0.590738
4 12  0.602202
4 13  0.589964
4 14  0.597738
4 15  0.578771
4 16  0.571584
4 17  0.571245
4 18  0.523662
4 19  0.284053
4 20  0.568743
4 21  0.577249
4 22  0.605693
4 23  0.591351
4 24  0.596580
4 25  0.598555
4 26  0.587088
4 27  0.605992
4 28  0.593534
4 29  0.573417
4 30  0.598553
5 6  0.521966
5 7  0.590211
5 8  0.601582
5 9  0.602177
5 10  0.590741
5 11  0.595397
5 12  0.578868
5 13  0.597710
5 14  0.589940
5 15  0.602067
5 16  0.571217
5 17  0.571558
5 18  0.577287
5 19  0.568698
5 20  0.283893
5 21  0.523529
5 22  0.606036
5 23  0.587022
5 24  0.598450
5 25  0.596632
5 26  0.591385
5 27  0.605594
5 28  0.593512
5 29  0.598513
5 30  0.573418
6 7  0.583530
6 8  0.595013
6 9  0.595458
6 10  0.581457
6 11  0.588705
6 12  0.577403
6 13  0.591018
6 14  0.583225
6 15  0.595375
6 16  0.564835
6 17  0.563902
6 18  0.570609
6 19  0.562007
6 20  0.517515
6 21  0.283072
6 22  0.599492
6 23  0.583057
6 24  0.591787
6 25  0.590265
6 26  0.584705
6 27  0.599386
6 28  0.587286
6 29  0.591846
6 30  0.559194
7 8  0.587418
7 9  0.587500
7 10  0.611776
7 11  0.611740
7 12  0.619307
7 13  0.614437
7 14  0.614439
7 15  0.619201
7 16  0.582061
7 17  0.582087
7 18  0.594580
7 19  0.586051
7 20  0.586072
7 21  0.594519
7 22  0.536824
7 23  0.608814
7 24  0.615091
7 25  0.615170
7 26  0.608870
7 27  0.536250
7 28  0.574114
7 29  0.616155
7 30  0.616168
8 9  0.596416
8 10  0.623953
8 11  0.624647
8 12  0.629992
8 13  0.626140
8 14  0.616085
8 15  0.631486
8 16  0.594803
8 17  0.593336
8 18  0.606681
8 19  0.598272
8 20  0.597919
8 21  0.606775
8 22  0.566612
8 23  0.609002
8 24  0.627507
8 25  0.627444
8 26  0.620011
8 27  0.597228
8 28  0.533760
8 29  0.627464
8 30  0.625287
9 10  0.624751
9 11  0.623979
9 12  0.631661
9 13  0.616139
9 14  0.626212
9 15  0.629945
9 16  0.593444
9 17  0.594856
9 18  0.606907
9 19  0.597966
9 20  0.598355
9 21  0.606681
9 22  0.597373
9 23  0.620029
9 24  0.627440
9 25  0.627648
9 26  0.609075
9 27  0.566903
9 28  0.533318
9 29  0.625328
9 30  0.627548
10 11  0.618233
10 12  0.598640
10 13  0.620551
10 14  0.585105
10 15  0.624917
10 16  0.594400
10 17  0.571735
10 18  0.600128
10 19  0.591519
10 20  0.589869
10 21  0.595995
10 22  0.625433
10 23  0.572379
10 24  0.621327
10 25  0.393414
10 26  0.614231
10 27  0.628514
10 28  0.616827
10 29  0.621425
10 30  0.594722
11 12  0.624987
11 13  0.585106
11 14  0.620513
11 15  0.598492
11 16  0.571660
11 17  0.594361
11 18  0.596001
11 19  0.589807
11 20  0.591500
11 21  0.600026
11 22  0.628545
11 23  0.614128
11 24  0.393496
11 25  0.621363
11 26  0.572436
11 27  0.625342
11 28  0.616787
11 29  0.594676
11 30  0.621399
12 13  0.627291
12 14  0.601481
12 15  0.631662
12 16  0.600534
12 17  0.595345
12 18  0.606843
12 19  0.598270
12 20  0.566166
12 21  0.580042
12 22  0.633955
12 23  0.593331
12 24  0.628001
12 25  0.591051
12 26  0.621060
12 27  0.634608
12 28  0.623115
12 29  0.628126
12 30  0.444090
13 14  0.622771
13 15  0.601399
13 16  0.594742
13 17  0.595099
13 18  0.600441
13 19  0.592176
13 20  0.593833
13 21  0.602295
13 22  0.628872
13 23  0.616392
13 24  0.583813
13 25  0.623468
13 26  0.393360
13 27  0.629008
13 28  0.616277
13 29  0.585838
13 30  0.623556
14 15  0.627185
14 16  0.595111
14 17  0.594732
14 18  0.602359
14 19  0.593816
14 20  0.592197
14 21  0.600381
14 22  0.629069
14 23  0.393235
14 24  0.623394
14 25  0.583833
14 26  0.616453
14 27  0.628810
14 28  0.616295
14 29  0.623543
14 30  0.585870
15 16  0.595225
15 17  0.600422
15 18  0.580028
15 19  0.566025
15 20  0.598179
15 21  0.606670
15 22  0.634564
15 23  0.620892
15 24  0.590886
15 25  0.627970
15 26  0.593319
15 27  0.633779
15 28  0.622999
15 29  0.444337
15 30  0.628031
16 17  0.570192
16 18  0.574870
16 19  0.566838
16 20  0.567756
16 21  0.576303
16 22  0.602353
16 23  0.590003
16 24  0.575947
16 25  0.597563
16 26  0.587310
16 27  0.581701
16 28  0.590407
16 29  0.593171
16 30  0.597602
17 18  0.576370
17 19  0.567742
17 20  0.566859
17 21  0.574807
17 22  0.581758
17 23  0.587250
17 24  0.597490
17 25  0.576019
17 26  0.590066
17 27  0.602285
17 28  0.590393
17 29  0.597591
17 30  0.593191
18 19  0.528449
18 20  0.573441
18 21  0.581962
18 22  0.610872
18 23  0.596130
18 24  0.595005
18 25  0.603288
18 26  0.590774
18 27  0.610627
18 28  0.598841
18 29  0.579151
18 30  0.603305
19 20  0.564839
19 21  0.573359
19 22  0.602069
19 23  0.587526
19 24  0.584597
19 25  0.594685
19 26  0.580059
19 27  0.601738
19 28  0.590027
19 29  0.576832
19 30  0.594701
20 21  0.528403
20 22  0.601829
20 23  0.580016
20 24  0.594626
20 25  0.584691
20 26  0.587603
20 27  0.602011
20 28  0.590048
20 29  0.594705
20 30  0.576862
21 22  0.610635
21 23  0.590656
21 24  0.603148
21 25  0.595019
21 26  0.596126
21 27  0.610734
21 28  0.598776
21 29  0.603227
21 30  0.579100
22 23  0.621325
22 24  0.631813
22 25  0.630332
22 26  0.621699
22 27  0.606795
22 28  0.595400
22 29  0.631754
22 30  0.631843
23 24  0.617292
23 25  0.580940
23 26  0.610034
23 27  0.621561
23 28  0.605465
23 29  0.617350
23 30  0.592859
24 25  0.624471
24 26  0.580959
24 27  0.630189
24 28  0.619701
24 29  0.599297
24 30  0.624485
25 26  0.617429
25 27  0.631816
25 28  0.619780
25 29  0.624548
25 30  0.599375
26 27  0.621327
26 28  0.605469
26 29  0.592915
26 30  0.617424
27 28  0.595290
27 29  0.631760
27 30  0.631692
28 29  0.619231
28 30  0.619248
29 30  0.624563
