  -1146.54246222
  -1146.91098064
0.00000544558329
2 2 2 2 2 2 2 2 2 2 2 2 2 2 2 0 0 0 0 0 0 0 0 0 0 0 0 0 0 0 
1  0.270807
2  0.270722
3  0.280380
4  0.287147
5  0.287117
6  0.280319
7  0.305546
8  0.317777
9  0.317897
10  0.310377
11  0.310356
12  0.317136
13  0.313064
14  0.313067
15  0.317034
16  0.287242
17  0.287231
18  0.291873
19  0.283220
20  0.283244
21  0.291820
22  0.321786
23  0.306688
24  0.313439
25  0.313519
26  0.306736
27  0.321672
28  0.309696
29  0.313357
30  0.313384
1 2  0.541274
1 3  0.550112
1 4  0.557409
1 5  0.557887
1 6  0.551114
1 7  0.565629
1 8  0.582374
1 9  0.581141
1 10  0.581021
1 11  0.559949
1 12  0.587737
1 13  0.581680
1 14  0.583401
1 15  0.585386
1 16  0.266845
1 17  0.557906
1 18  0.560685
1 19  0.553636
1 20  0.553807
1 21  0.562539
1 22  0.590497
1 23  0.576641
1 24  0.570003
1 25  0.584266
1 26  0.574669
1 27  0.568127
1 28  0.579611
1 29  0.578577
1 30  0.584078
2 3  0.551089
2 4  0.557831
2 5  0.557296
2 6  0.549968
2 7  0.565559
2 8  0.580914
2 9  0.582403
2 10  0.559906
2 11  0.580916
2 12  0.585403
2 13  0.583314
2 14  0.581601
2 15  0.587550
2 16  0.557833
2 17  0.266814
2 18  0.562508
2 19  0.553700
2 20  0.553579
2 21  0.560562
2 22  0.568093
2 23  0.574535
2 24  0.584101
2 25  0.570042
2 26  0.576604
2 27  0.590316
2 28  0.579522
2 29  0.583967
2 30  0.578539
3 4  0.523687
3 5  0.567495
3 6  0.560697
3 7  0.585892
3 8  0.598063
3 9  0.597779
3 10  0.590754
3 11  0.583403
3 12  0.597513
3 13  0.585478
3 14  0.593441
3 15  0.579352
3 16  0.566504
3 17  0.567477
3 18  0.284826
3 19  0.519248
3 20  0.563621
3 21  0.572198
3 22  0.602084
3 23  0.586973
3 24  0.592201
3 25  0.593887
3 26  0.585411
3 27  0.601993
3 28  0.589797
3 29  0.561041
3 30  0.593723
4 5  0.574263
4 6  0.567464
4 7  0.592651
4 8  0.604858
4 9  0.604415
4 10  0.597521
4 11  0.592753
4 12  0.604278
4 13  0.592329
4 14  0.600208
4 15  0.580759
4 16  0.574285
4 17  0.573879
4 18  0.525487
4 19  0.285725
4 20  0.570389
4 21  0.578945
4 22  0.608321
4 23  0.593740
4 24  0.598624
4 25  0.600610
4 26  0.589461
4 27  0.608610
4 28  0.596108
4 29  0.575335
4 30  0.600461
5 6  0.523602
5 7  0.592622
5 8  0.604267
5 9  0.604950
5 10  0.592740
5 11  0.597470
5 12  0.580851
5 13  0.600176
5 14  0.592306
5 15  0.604148
5 16  0.573863
5 17  0.574245
5 18  0.578969
5 19  0.570336
5 20  0.285572
5 21  0.525366
5 22  0.608696
5 23  0.589406
5 24  0.600500
5 25  0.598681
5 26  0.593760
5 27  0.608182
5 28  0.596085
5 29  0.600406
5 30  0.575349
6 7  0.585832
6 8  0.597600
6 9  0.598123
6 10  0.583369
6 11  0.590672
6 12  0.579378
6 13  0.593378
6 14  0.585439
6 15  0.597351
6 16  0.567428
6 17  0.566437
6 18  0.572191
6 19  0.563537
6 20  0.519159
6 21  0.284697
6 22  0.602047
6 23  0.585302
6 24  0.593746
6 25  0.592228
6 26  0.586961
6 27  0.601908
6 28  0.589736
6 29  0.593635
6 30  0.561033
7 8  0.590955
7 9  0.591067
7 10  0.614547
7 11  0.614524
7 12  0.622114
7 13  0.617642
7 14  0.617642
7 15  0.622014
7 16  0.585451
7 17  0.585462
7 18  0.597008
7 19  0.588410
7 20  0.588435
7 21  0.596958
7 22  0.540123
7 23  0.611963
7 24  0.617885
7 25  0.617966
7 26  0.612011
7 27  0.539438
7 28  0.577543
7 29  0.618815
7 30  0.618843
8 9  0.600129
8 10  0.627069
8 11  0.627784
8 12  0.633085
8 13  0.629652
8 14  0.619317
8 15  0.634632
8 16  0.598546
8 17  0.597081
8 18  0.609403
8 19  0.600982
8 20  0.600603
8 21  0.609545
8 22  0.570427
8 23  0.612422
8 24  0.630650
8 25  0.630576
8 26  0.623450
8 27  0.600859
8 28  0.537176
8 29  0.630439
8 30  0.628287
9 10  0.627924
9 11  0.627165
9 12  0.634855
9 13  0.619417
9 14  0.629777
9 15  0.633096
9 16  0.597251
9 17  0.598644
9 18  0.609719
9 19  0.600697
9 20  0.601125
9 21  0.609471
9 22  0.601024
9 23  0.623529
9 24  0.630618
9 25  0.630852
9 26  0.612538
9 27  0.570740
9 28  0.536841
9 29  0.628368
9 30  0.630591
10 11  0.620700
10 12  0.601036
10 13  0.623416
10 14  0.588069
10 15  0.627396
10 16  0.597507
10 17  0.574719
10 18  0.602208
10 19  0.593539
10 20  0.591881
10 21  0.598081
10 22  0.628460
10 23  0.575239
10 24  0.623786
10 25  0.395768
10 26  0.617003
10 27  0.631524
10 28  0.619803
10 29  0.623731
10 30  0.596996
11 12  0.627476
11 13  0.588089
11 14  0.623396
11 15  0.600912
11 16  0.574666
11 17  0.597472
11 18  0.598091
11 19  0.591827
11 20  0.593544
11 21  0.602136
11 22  0.631611
11 23  0.616931
11 24  0.395846
11 25  0.623845
11 26  0.575299
11 27  0.628339
11 28  0.619779
11 29  0.596955
11 30  0.623736
12 13  0.630177
12 14  0.604216
12 15  0.634162
12 16  0.603631
12 17  0.598425
12 18  0.608934
12 19  0.600316
12 20  0.568228
12 21  0.582157
12 22  0.637026
12 23  0.596055
12 24  0.630461
12 25  0.593503
12 26  0.623867
12 27  0.637637
12 28  0.626122
12 29  0.630451
12 30  0.446584
13 14  0.626048
13 15  0.604140
13 16  0.598241
13 17  0.598545
13 18  0.602902
13 19  0.594624
13 20  0.596285
13 21  0.604776
13 22  0.632352
13 23  0.619603
13 24  0.586723
13 25  0.626366
13 26  0.396407
13 27  0.632431
13 28  0.619581
13 29  0.588420
13 30  0.626246
14 15  0.630077
14 16  0.598558
14 17  0.598222
14 18  0.604831
14 19  0.596264
14 20  0.594655
14 21  0.602853
14 22  0.632531
14 23  0.396317
14 24  0.626286
14 25  0.586743
14 26  0.619652
14 27  0.632247
14 28  0.619605
14 29  0.626222
14 30  0.588462
15 16  0.598317
15 17  0.603516
15 18  0.582135
15 19  0.568085
15 20  0.600237
15 21  0.608778
15 22  0.637639
15 23  0.623718
15 24  0.593339
15 25  0.630438
15 26  0.596035
15 27  0.636814
15 28  0.626009
15 29  0.446812
15 30  0.630375
16 17  0.573930
16 18  0.577532
16 19  0.569491
16 20  0.570438
16 21  0.579044
16 22  0.606000
16 23  0.593418
16 24  0.578695
16 25  0.600673
16 26  0.590735
16 27  0.585096
16 28  0.594001
16 29  0.596047
16 30  0.600566
17 18  0.579086
17 19  0.570403
17 20  0.569504
17 21  0.577468
17 22  0.585180
17 23  0.590675
17 24  0.600581
17 25  0.578770
17 26  0.593455
17 27  0.605875
17 28  0.593975
17 29  0.600529
17 30  0.596067
18 19  0.530202
18 20  0.575114
18 21  0.583691
18 22  0.613555
18 23  0.598558
18 24  0.597067
18 25  0.605391
18 26  0.593058
18 27  0.613279
18 28  0.601439
18 29  0.581027
18 30  0.605257
19 20  0.566462
19 21  0.575037
19 22  0.604678
19 23  0.589901
19 24  0.586533
19 25  0.596737
19 26  0.582331
19 27  0.604298
19 28  0.592561
19 29  0.578721
19 30  0.596602
20 21  0.530176
20 22  0.604435
20 23  0.582306
20 24  0.596681
20 25  0.586637
20 26  0.589973
20 27  0.604589
20 28  0.592587
20 29  0.596599
20 30  0.578774
21 22  0.613340
21 23  0.592963
21 24  0.605258
21 25  0.597098
21 26  0.598553
21 27  0.613388
21 28  0.601386
21 29  0.605177
21 30  0.581000
22 23  0.624687
22 24  0.634873
22 25  0.633385
22 26  0.624983
22 27  0.610271
22 28  0.599041
22 29  0.634646
22 30  0.634752
23 24  0.620098
23 25  0.583766
23 26  0.613136
23 27  0.624825
23 28  0.608543
23 29  0.619990
23 30  0.595365
24 25  0.626953
24 26  0.583766
24 27  0.633194
24 28  0.622690
24 29  0.601607
24 30  0.626816
25 26  0.620227
25 27  0.634840
25 28  0.622774
25 29  0.626870
25 30  0.601700
26 27  0.624636
26 28  0.608549
26 29  0.595395
26 30  0.620065
27 28  0.598920
27 29  0.634613
27 30  0.634557
28 29  0.622030
28 30  0.622059
29 30  0.626734
