  -1146.54246222
  -1146.91115390
0.00000003876808
2 2 2 2 2 2 2 2 2 2 2 2 2 2 2 0 0 0 0 0 0 0 0 0 0 0 0 0 0 0 
1  0.271459
2  0.271377
3  0.280642
4  0.287457
5  0.287427
6  0.280581
7  0.306148
8  0.318503
9  0.318625
10  0.310816
11  0.310794
12  0.317575
13  0.313669
14  0.313670
15  0.317472
16  0.287971
17  0.287961
18  0.292176
19  0.283514
20  0.283537
21  0.292121
22  0.322477
23  0.307242
24  0.313878
25  0.313959
26  0.307293
27  0.322358
28  0.310378
29  0.313747
30  0.313773
1 2  0.542580
1 3  0.551017
1 4  0.558358
1 5  0.558842
1 6  0.552025
1 7  0.566798
1 8  0.583705
1 9  0.582507
1 10  0.582103
1 11  0.560917
1 12  0.588821
1 13  0.582929
1 14  0.584645
1 15  0.586458
1 16  0.268117
1 17  0.559284
1 18  0.561636
1 19  0.554583
1 20  0.554718
1 21  0.563479
1 22  0.591830
1 23  0.577843
1 24  0.571051
1 25  0.585361
1 26  0.575872
1 27  0.569452
1 28  0.580943
1 29  0.579618
1 30  0.585120
2 3  0.552004
2 4  0.558789
2 5  0.558248
2 6  0.550876
2 7  0.566740
2 8  0.582279
2 9  0.583737
2 10  0.560877
2 11  0.581998
2 12  0.586480
2 13  0.584561
2 14  0.582852
2 15  0.588636
2 16  0.559213
2 17  0.268092
2 18  0.563452
2 19  0.554611
2 20  0.554528
2 21  0.561515
2 22  0.569425
2 23  0.575739
2 24  0.585199
2 25  0.571094
2 26  0.577806
2 27  0.591648
2 28  0.580856
2 29  0.585011
2 30  0.579583
3 4  0.524291
3 5  0.568067
3 6  0.561220
3 7  0.586753
3 8  0.599045
3 9  0.598754
3 10  0.591454
3 11  0.584092
3 12  0.598213
3 13  0.586298
3 14  0.594305
3 15  0.580055
3 16  0.567490
3 17  0.568471
3 18  0.285414
3 19  0.519845
3 20  0.564174
3 21  0.572762
3 22  0.603039
3 23  0.587774
3 24  0.592900
3 25  0.594586
3 26  0.586216
3 27  0.602941
3 28  0.590726
3 29  0.561705
3 30  0.594367
4 5  0.574882
4 6  0.568035
4 7  0.593562
4 8  0.605890
4 9  0.605441
4 10  0.598269
4 11  0.593485
4 12  0.605027
4 13  0.593217
4 14  0.601119
4 15  0.581481
4 16  0.575322
4 17  0.574889
4 18  0.526150
4 19  0.286348
4 20  0.570993
4 21  0.579554
4 22  0.609309
4 23  0.594606
4 24  0.599366
4 25  0.601346
4 26  0.590326
4 27  0.609607
4 28  0.597100
4 29  0.576041
4 30  0.601150
5 6  0.524206
5 7  0.593533
5 8  0.605290
5 9  0.605984
5 10  0.593472
5 11  0.598218
5 12  0.581575
5 13  0.601089
5 14  0.593194
5 15  0.604895
5 16  0.574874
5 17  0.575282
5 18  0.579580
5 19  0.570941
5 20  0.286194
5 21  0.526028
5 22  0.609698
5 23  0.590268
5 24  0.601237
5 25  0.599423
5 26  0.594627
5 27  0.609167
5 28  0.597078
5 29  0.601095
5 30  0.576055
6 7  0.586693
6 8  0.598573
6 9  0.599107
6 10  0.584058
6 11  0.591371
6 12  0.580083
6 13  0.594243
6 14  0.586259
6 15  0.598050
6 16  0.568421
6 17  0.567423
6 18  0.572756
6 19  0.564090
6 20  0.519756
6 21  0.285284
6 22  0.602999
6 23  0.586104
6 24  0.594445
6 25  0.592927
6 26  0.587764
6 27  0.602859
6 28  0.590665
6 29  0.594280
6 30  0.561696
7 8  0.592310
7 9  0.592416
7 10  0.615569
7 11  0.615546
7 12  0.623147
7 13  0.618842
7 14  0.618841
7 15  0.623046
7 16  0.586745
7 17  0.586762
7 18  0.597920
7 19  0.589299
7 20  0.589324
7 21  0.597868
7 22  0.541376
7 23  0.613119
7 24  0.618911
7 25  0.618994
7 26  0.613169
7 27  0.540657
7 28  0.578866
7 29  0.619808
7 30  0.619835
8 9  0.601523
8 10  0.628226
8 11  0.628946
8 12  0.634229
8 13  0.630966
8 14  0.620517
8 15  0.635793
8 16  0.599987
8 17  0.598523
8 18  0.610423
8 19  0.602001
8 20  0.601617
8 21  0.610571
8 22  0.571877
8 23  0.613682
8 24  0.631824
8 25  0.631732
8 26  0.624723
8 27  0.602244
8 28  0.538478
8 29  0.631549
8 30  0.629404
9 10  0.629091
9 11  0.628324
9 12  0.636019
9 13  0.620621
9 14  0.631092
9 15  0.634241
9 16  0.598696
9 17  0.600087
9 18  0.610749
9 19  0.601713
9 20  0.602146
9 21  0.610492
9 22  0.602398
9 23  0.624801
9 24  0.631776
9 25  0.632027
9 26  0.613803
9 27  0.572189
9 28  0.538175
9 29  0.629488
9 30  0.631703
10 11  0.621572
10 12  0.601895
10 13  0.624460
10 14  0.589152
10 15  0.628271
10 16  0.598681
10 17  0.575837
10 18  0.602948
10 19  0.594257
10 20  0.592603
10 21  0.598816
10 22  0.629571
10 23  0.576262
10 24  0.624662
10 25  0.396615
10 26  0.618001
10 27  0.632644
10 28  0.620921
10 29  0.624558
10 30  0.597817
11 12  0.628352
11 13  0.589172
11 14  0.624439
11 15  0.601768
11 16  0.575782
11 17  0.598647
11 18  0.598826
11 19  0.592549
11 20  0.594259
11 21  0.602871
11 22  0.632734
11 23  0.617929
11 24  0.396692
11 25  0.624720
11 26  0.576324
11 27  0.629445
11 28  0.620897
11 29  0.597775
11 30  0.624562
12 13  0.631219
12 14  0.605216
12 15  0.635038
12 16  0.604787
12 17  0.599593
12 18  0.609667
12 19  0.601045
12 20  0.568966
12 21  0.582900
12 22  0.638148
12 23  0.597014
12 24  0.631332
12 25  0.594376
12 26  0.624864
12 27  0.638753
12 28  0.627251
12 29  0.631279
12 30  0.447490
13 14  0.627253
13 15  0.605140
13 16  0.599565
13 17  0.599871
13 18  0.603795
13 19  0.595520
13 20  0.597184
13 21  0.605666
13 22  0.633648
13 23  0.620764
13 24  0.587781
13 25  0.627416
13 26  0.397530
13 27  0.633710
13 28  0.620830
13 29  0.589383
13 30  0.627228
14 15  0.631117
14 16  0.599886
14 17  0.599546
14 18  0.605722
14 19  0.597162
14 20  0.595549
14 21  0.603743
14 22  0.633814
14 23  0.397436
14 24  0.627337
14 25  0.587801
14 26  0.620816
14 27  0.633538
14 28  0.620852
14 29  0.627203
14 30  0.589422
15 16  0.599484
15 17  0.604668
15 18  0.582878
15 19  0.568822
15 20  0.600965
15 21  0.609510
15 22  0.638757
15 23  0.624710
15 24  0.594210
15 25  0.631309
15 26  0.596996
15 27  0.637931
15 28  0.627137
15 29  0.447718
15 30  0.631202
16 17  0.575390
16 18  0.578545
16 19  0.570503
16 20  0.571455
16 21  0.580071
16 22  0.607393
16 23  0.594697
16 24  0.579732
16 25  0.601835
16 26  0.592014
16 27  0.586398
16 28  0.595398
16 29  0.597142
16 30  0.601682
17 18  0.580116
17 19  0.571422
17 20  0.570516
17 21  0.578481
17 22  0.586488
17 23  0.591953
17 24  0.601744
17 25  0.579807
17 26  0.594736
17 27  0.607265
17 28  0.595372
17 29  0.601646
17 30  0.597162
18 19  0.530832
18 20  0.575710
18 21  0.584294
18 22  0.614546
18 23  0.599415
18 24  0.597794
18 25  0.606133
18 26  0.593882
18 27  0.614268
18 28  0.602415
18 29  0.581702
18 30  0.605949
19 20  0.567049
19 21  0.575632
19 22  0.605650
19 23  0.590749
19 24  0.587243
19 25  0.597470
19 26  0.583159
19 27  0.605260
19 28  0.593527
19 29  0.579408
19 30  0.597285
20 21  0.530805
20 22  0.605401
20 23  0.583132
20 24  0.597412
20 25  0.587346
20 26  0.590823
20 27  0.605556
20 28  0.593552
20 29  0.597283
20 30  0.579460
21 22  0.614331
21 23  0.593784
21 24  0.605997
21 25  0.597823
21 26  0.599410
21 27  0.614374
21 28  0.602362
21 29  0.605869
21 30  0.581672
22 23  0.625914
22 24  0.635995
22 25  0.634499
22 26  0.626202
22 27  0.611594
22 28  0.600440
22 29  0.635720
22 30  0.635825
23 24  0.621089
23 25  0.584779
23 26  0.614237
23 27  0.626039
23 28  0.609676
23 29  0.620932
23 30  0.596268
24 25  0.627831
24 26  0.584782
24 27  0.634304
24 28  0.623808
24 29  0.602436
24 30  0.627643
25 26  0.621220
25 27  0.635958
25 28  0.623892
25 29  0.627698
25 30  0.602529
26 27  0.625861
26 28  0.609691
26 29  0.596301
26 30  0.621008
27 28  0.600324
27 29  0.635683
27 30  0.635626
28 29  0.623089
28 30  0.623118
29 30  0.627513
