   -993.90825437
   -994.21939441
0.00018855803400
2 2 2 2 2 2 2 2 2 2 2 2 2 0 0 0 0 0 0 0 0 0 0 0 0 0 
1  0.269546
2  0.255865
3  0.266040
4  0.272196
5  0.278282
6  0.293743
7  0.307955
8  0.294051
9  0.294857
10  0.279879
11  0.298209
12  0.278322
13  0.289066
14  0.275027
15  0.262193
16  0.269793
17  0.275254
18  0.280415
19  0.298594
20  0.309727
21  0.295428
22  0.296399
23  0.280604
24  0.291298
25  0.295109
26  0.282799
1 2  0.524676
1 3  0.531351
1 4  0.541693
1 5  0.547698
1 6  0.541019
1 7  0.577355
1 8  0.562147
1 9  0.559007
1 10  0.549400
1 11  0.547690
1 12  0.547848
1 13  0.556270
1 14  0.255556
1 15  0.529878
1 16  0.534288
1 17  0.544531
1 18  0.549253
1 19  0.542078
1 20  0.579079
1 21  0.562252
1 22  0.538457
1 23  0.550054
1 24  0.558279
1 25  0.564236
1 26  0.552307
2 3  0.521890
2 4  0.528058
2 5  0.534141
2 6  0.549290
2 7  0.545040
2 8  0.549910
2 9  0.538363
2 10  0.533161
2 11  0.549408
2 12  0.529826
2 13  0.540520
2 14  0.529140
2 15  0.234608
2 16  0.525454
2 17  0.531109
2 18  0.536279
2 19  0.547690
2 20  0.540953
2 21  0.542724
2 22  0.552148
2 23  0.532682
2 24  0.540262
2 25  0.550857
2 26  0.537591
3 4  0.534318
3 5  0.538641
3 6  0.532702
3 7  0.573992
3 8  0.540363
3 9  0.560582
3 10  0.545913
3 11  0.563794
3 12  0.544354
3 13  0.554967
3 14  0.535970
3 15  0.528003
3 16  0.254877
3 17  0.540473
3 18  0.542987
3 19  0.564226
3 20  0.575679
3 21  0.560931
3 22  0.528270
3 23  0.546644
3 24  0.557233
3 25  0.534768
3 26  0.548834
4 5  0.503023
4 6  0.562030
4 7  0.580145
4 8  0.539097
4 9  0.566951
4 10  0.552073
4 11  0.570217
4 12  0.550517
4 13  0.561149
4 14  0.546914
4 15  0.534381
4 16  0.541043
4 17  0.268132
4 18  0.499810
4 19  0.570396
4 20  0.581878
4 21  0.567488
4 22  0.567071
4 23  0.552793
4 24  0.563263
4 25  0.530338
4 26  0.554978
5 6  0.570028
5 7  0.586235
5 8  0.542315
5 9  0.573114
5 10  0.558160
5 11  0.576461
5 12  0.556604
5 13  0.567328
5 14  0.552584
5 15  0.540473
5 16  0.544274
5 17  0.500206
5 18  0.271942
5 19  0.576703
5 20  0.588004
5 21  0.573700
5 22  0.573816
5 23  0.558883
5 24  0.569542
5 25  0.534132
5 26  0.561077
6 7  0.601434
6 8  0.576243
6 9  0.583346
6 10  0.573587
6 11  0.586711
6 12  0.572050
6 13  0.579498
6 14  0.542066
6 15  0.555841
6 16  0.528838
6 17  0.567348
6 18  0.573385
6 19  0.581262
6 20  0.603268
6 21  0.587757
6 22  0.354341
6 23  0.574237
6 24  0.582268
6 25  0.569751
6 26  0.576352
7 8  0.601983
7 9  0.600327
7 10  0.552181
7 11  0.605407
7 12  0.552904
7 13  0.589253
7 14  0.582798
7 15  0.545605
7 16  0.577678
7 17  0.583154
7 18  0.588364
7 19  0.603231
7 20  0.376204
7 21  0.602003
7 22  0.604154
7 23  0.545061
7 24  0.586894
7 25  0.602895
7 26  0.546006
8 9  0.588699
8 10  0.573925
8 11  0.591369
8 12  0.572370
8 13  0.582784
8 14  0.568482
8 15  0.556088
8 16  0.537994
8 17  0.533065
8 18  0.534356
8 19  0.592277
8 20  0.603556
8 21  0.588797
8 22  0.570365
8 23  0.574643
8 24  0.584660
8 25  0.359889
8 26  0.576802
9 10  0.574590
9 11  0.562657
9 12  0.573049
9 13  0.549884
9 14  0.567004
9 15  0.548218
9 16  0.564145
9 17  0.569889
9 18  0.575264
9 19  0.556486
9 20  0.602796
9 21  0.348465
9 22  0.589914
9 23  0.574892
9 24  0.546432
9 25  0.589171
9 26  0.577385
10 11  0.577772
10 12  0.509566
10 13  0.566878
10 14  0.554835
10 15  0.540767
10 16  0.549670
10 17  0.555110
10 18  0.560287
10 19  0.578293
10 20  0.544586
10 21  0.574971
10 22  0.576028
10 23  0.506776
10 24  0.569439
10 25  0.574949
10 26  0.281225
11 12  0.576194
11 13  0.559170
11 14  0.545402
11 15  0.554309
11 16  0.567510
11 17  0.573038
11 18  0.578488
11 19  0.386105
11 20  0.604475
11 21  0.557734
11 22  0.583601
11 23  0.578730
11 24  0.554848
11 25  0.593005
11 26  0.580794
12 13  0.566028
12 14  0.553102
12 15  0.536496
12 16  0.548110
12 17  0.553566
12 18  0.558733
12 19  0.576736
12 20  0.546018
12 21  0.573313
12 22  0.574530
12 23  0.279860
12 24  0.569404
12 25  0.573423
12 26  0.506534
13 14  0.561228
13 15  0.544049
13 16  0.558748
13 17  0.564066
13 18  0.569456
13 19  0.552623
13 20  0.586910
13 21  0.544588
13 22  0.583227
13 23  0.569373
13 24  0.359437
13 25  0.583659
13 26  0.569709
14 15  0.536216
14 16  0.540518
14 17  0.550225
14 18  0.555357
14 19  0.552758
14 20  0.584482
14 21  0.565120
14 22  0.547589
14 23  0.555617
14 24  0.562950
14 25  0.568268
14 26  0.557800
15 16  0.531975
15 17  0.537441
15 18  0.542601
15 19  0.555754
15 20  0.551427
15 21  0.543263
15 22  0.558149
15 23  0.538212
15 24  0.548448
15 25  0.557287
15 26  0.541442
16 17  0.539787
16 18  0.543809
16 19  0.567813
16 20  0.579512
16 21  0.564934
16 22  0.539149
16 23  0.550390
16 24  0.560903
16 25  0.543695
16 26  0.552587
17 18  0.507429
17 19  0.573610
17 20  0.584974
17 21  0.570540
17 22  0.567322
17 23  0.555857
17 24  0.566425
17 25  0.542506
17 26  0.558052
18 19  0.578919
18 20  0.590138
18 21  0.575785
18 22  0.574152
18 23  0.561018
18 24  0.571663
18 25  0.545618
18 26  0.563213
19 20  0.607449
19 21  0.563681
19 22  0.589707
19 23  0.578892
19 24  0.563245
19 25  0.592611
19 26  0.581122
20 21  0.602639
20 22  0.605782
20 23  0.557151
20 24  0.592825
20 25  0.604798
20 26  0.556715
21 22  0.585430
21 23  0.575909
21 24  0.552214
21 25  0.590176
21 26  0.578037
22 23  0.576982
22 24  0.584091
22 25  0.580314
22 26  0.579148
23 24  0.569795
23 25  0.575709
23 26  0.514158
24 25  0.586020
24 26  0.571322
25 26  0.577904
