   -993.90825437
   -994.22257164
0.00006871741100
2 2 2 2 2 2 2 2 2 2 2 2 2 0 0 0 0 0 0 0 0 0 0 0 0 0 
1  0.277527
2  0.263840
3  0.272921
4  0.275780
5  0.281754
6  0.303417
7  0.313792
8  0.300214
9  0.304568
10  0.282964
11  0.307987
12  0.281588
13  0.298567
14  0.283357
15  0.270795
16  0.276641
17  0.279110
18  0.283996
19  0.307545
20  0.315508
21  0.305485
22  0.306017
23  0.283891
24  0.301079
25  0.300867
26  0.285977
1 2  0.540389
1 3  0.545792
1 4  0.553229
1 5  0.559106
1 6  0.558321
1 7  0.591090
1 8  0.576017
1 9  0.576480
1 10  0.560469
1 11  0.564153
1 12  0.559087
1 13  0.573274
1 14  0.269985
1 15  0.546535
1 16  0.549140
1 17  0.556305
1 18  0.560714
1 19  0.558116
1 20  0.592847
1 21  0.580313
1 22  0.556058
1 23  0.561225
1 24  0.575701
1 25  0.577920
1 26  0.563413
2 3  0.536748
2 4  0.539615
2 5  0.545589
2 6  0.566859
2 7  0.558182
2 8  0.564048
2 9  0.554332
2 10  0.543964
2 11  0.566923
2 12  0.540585
2 13  0.557645
2 14  0.545293
2 15  0.248580
2 16  0.540242
2 17  0.542940
2 18  0.547835
2 19  0.564615
2 20  0.554570
2 21  0.559916
2 22  0.569684
2 23  0.543877
2 24  0.558103
2 25  0.564592
2 26  0.548653
3 4  0.544201
3 5  0.548478
3 6  0.548618
3 7  0.586709
3 8  0.552910
3 9  0.577148
3 10  0.555878
3 11  0.580392
3 12  0.554499
3 13  0.571329
3 14  0.551055
3 15  0.543329
3 16  0.266420
3 17  0.551073
3 18  0.553336
3 19  0.579986
3 20  0.588310
3 21  0.577796
3 22  0.544560
3 23  0.556809
3 24  0.573867
3 25  0.547173
3 26  0.558896
4 5  0.510458
4 6  0.574882
4 7  0.589562
4 8  0.548446
4 9  0.580196
4 10  0.558742
4 11  0.583525
4 12  0.557366
4 13  0.574202
4 14  0.558816
4 15  0.546565
4 16  0.551352
4 17  0.275488
4 18  0.507324
4 19  0.582824
4 20  0.591221
4 21  0.581052
4 22  0.580302
4 23  0.559658
4 24  0.576526
4 25  0.539589
4 26  0.561723
5 6  0.582808
5 7  0.595543
5 8  0.551417
5 9  0.586279
5 10  0.564718
5 11  0.589700
5 12  0.563342
5 13  0.580282
5 14  0.564198
5 15  0.552541
5 16  0.554481
5 17  0.507908
5 18  0.279115
5 19  0.589100
5 20  0.597259
5 21  0.587227
5 22  0.586826
5 23  0.565640
5 24  0.582797
5 25  0.543277
5 26  0.567723
6 7  0.616847
6 8  0.591369
6 9  0.601560
6 10  0.586326
6 11  0.605760
6 12  0.584987
6 13  0.598341
6 14  0.560186
6 15  0.574087
6 16  0.545074
6 17  0.580764
6 18  0.586520
6 19  0.599802
6 20  0.618693
6 21  0.607087
6 22  0.373129
6 23  0.587144
6 24  0.601670
6 25  0.584509
6 26  0.589095
7 8  0.613976
7 9  0.615740
7 10  0.560788
7 11  0.620904
7 12  0.561797
7 13  0.603677
7 14  0.596959
7 15  0.559692
7 16  0.590362
7 17  0.592832
7 18  0.597778
7 19  0.617993
7 20  0.388246
7 21  0.617748
7 22  0.619608
7 23  0.554147
7 24  0.602265
7 25  0.614444
7 26  0.554800
8 9  0.604489
8 10  0.583172
8 11  0.607118
8 12  0.581797
8 13  0.598443
8 14  0.582938
8 15  0.570798
8 16  0.550705
8 17  0.542792
8 18  0.543775
8 19  0.607442
8 20  0.615452
8 21  0.604910
8 22  0.585485
8 23  0.584094
8 24  0.600577
8 25  0.372020
8 26  0.586126
9 10  0.587369
9 11  0.581797
9 12  0.586000
9 13  0.568807
9 14  0.584867
9 15  0.565652
9 16  0.580606
9 17  0.583475
9 18  0.588551
9 19  0.575095
9 20  0.618106
9 21  0.366076
9 22  0.608895
9 23  0.587973
9 24  0.565797
9 25  0.604708
9 26  0.590155
10 11  0.590562
10 12  0.516338
10 13  0.579110
10 14  0.566139
10 15  0.552341
10 16  0.559605
10 17  0.562039
10 18  0.566949
10 19  0.590348
10 20  0.553555
10 21  0.588030
10 22  0.588608
10 23  0.513579
10 24  0.582222
10 25  0.583773
10 26  0.287782
11 12  0.589157
11 13  0.577037
11 14  0.563000
11 15  0.572565
11 16  0.584153
11 17  0.586605
11 18  0.591776
11 19  0.404561
11 20  0.620068
11 21  0.577174
11 22  0.602691
11 23  0.591722
11 24  0.572325
11 25  0.608538
11 26  0.593743
12 13  0.578513
12 14  0.564620
12 15  0.548143
12 16  0.558216
12 17  0.560686
12 18  0.565579
12 19  0.588912
12 20  0.555117
12 21  0.586519
12 22  0.587378
12 23  0.286565
12 24  0.582372
12 25  0.582446
12 26  0.513398
13 14  0.578843
13 15  0.562122
13 16  0.575089
13 17  0.577338
13 18  0.582513
13 19  0.569973
13 20  0.601913
13 21  0.563661
13 22  0.602166
13 23  0.582067
13 24  0.378092
13 25  0.598778
13 26  0.582476
14 15  0.552831
14 16  0.555220
14 17  0.562368
14 18  0.567249
14 19  0.568688
14 20  0.598539
14 21  0.583011
14 22  0.565098
14 23  0.567222
14 24  0.580810
14 25  0.581983
14 26  0.569303
15 16  0.547425
15 17  0.549899
15 18  0.554784
15 19  0.572881
15 20  0.564934
15 21  0.560028
15 22  0.576202
15 23  0.549691
15 24  0.566549
15 25  0.571653
15 26  0.552971
16 17  0.549928
16 18  0.553793
16 19  0.583517
16 20  0.592143
16 21  0.581819
16 22  0.554826
16 23  0.560525
16 24  0.577506
16 25  0.555863
16 26  0.562612
17 18  0.515103
17 19  0.586354
17 20  0.594607
17 21  0.584409
17 22  0.580305
17 23  0.563000
17 24  0.580017
17 25  0.551789
17 26  0.565085
18 19  0.591459
18 20  0.599500
18 21  0.589416
18 22  0.586881
18 23  0.567886
18 24  0.585013
18 25  0.554708
18 26  0.569972
19 20  0.622012
19 21  0.582571
19 22  0.607945
19 23  0.591053
19 24  0.580898
19 25  0.607161
19 26  0.593117
20 21  0.618251
20 22  0.621067
20 23  0.566206
20 24  0.607413
20 25  0.616334
20 26  0.565484
21 22  0.604105
21 23  0.589248
21 24  0.571402
21 25  0.605922
21 26  0.591250
22 23  0.589885
22 24  0.602947
22 25  0.594973
22 26  0.591922
23 24  0.582301
23 25  0.584754
23 26  0.520999
24 25  0.601536
24 26  0.584077
25 26  0.586836
