   -993.90825437
   -994.22383276
0.00002193321810
2 2 2 2 2 2 2 2 2 2 2 2 2 0 0 0 0 0 0 0 0 0 0 0 0 0 
1  0.281430
2  0.267513
3  0.275851
4  0.277778
5  0.283575
6  0.308258
7  0.316817
8  0.303150
9  0.309489
10  0.284892
11  0.312862
12  0.283284
13  0.303698
14  0.287459
15  0.274747
16  0.279732
17  0.281173
18  0.285822
19  0.312288
20  0.318351
21  0.310233
22  0.310813
23  0.285586
24  0.306180
25  0.303793
26  0.287920
1 2  0.547784
1 3  0.552385
1 4  0.559114
1 5  0.564808
1 6  0.566879
1 7  0.597981
1 8  0.582681
1 9  0.585036
1 10  0.566291
1 11  0.572393
1 12  0.564680
1 13  0.582142
1 14  0.277354
1 15  0.554250
1 16  0.556054
1 17  0.562239
1 18  0.566336
1 19  0.566614
1 20  0.599563
1 21  0.588908
1 22  0.564851
1 23  0.566773
1 24  0.584633
1 25  0.584699
1 26  0.569239
2 3  0.543341
2 4  0.545285
2 5  0.551082
2 6  0.575251
2 7  0.564673
2 8  0.570656
2 9  0.562048
2 10  0.549468
2 11  0.575124
2 12  0.545765
2 13  0.566365
2 14  0.552932
2 15  0.255374
2 16  0.546935
2 17  0.548675
2 18  0.553333
2 19  0.572941
2 20  0.561099
2 21  0.568066
2 22  0.578129
2 23  0.549213
2 24  0.566900
2 25  0.571156
2 26  0.554214
3 4  0.548897
3 5  0.552895
3 6  0.556312
3 7  0.592662
3 8  0.558578
3 9  0.584970
3 10  0.560733
3 11  0.588127
3 12  0.559123
3 13  0.579373
3 14  0.558039
3 15  0.550145
3 16  0.271882
3 17  0.555983
3 18  0.558001
3 19  0.587625
3 20  0.594051
3 21  0.585393
3 22  0.552300
3 23  0.561423
3 24  0.581882
3 25  0.553021
3 26  0.563769
4 5  0.514501
4 6  0.581398
4 7  0.594580
4 8  0.553207
4 9  0.587068
4 10  0.562666
4 11  0.590375
4 12  0.561059
4 13  0.581280
4 14  0.564884
4 15  0.552519
4 16  0.556362
4 17  0.279330
4 18  0.511393
4 19  0.589555
4 20  0.596039
4 21  0.587786
4 22  0.587015
4 23  0.563344
4 24  0.583575
4 25  0.544493
4 26  0.565642
5 6  0.589299
5 7  0.600387
5 8  0.556057
5 9  0.593007
5 10  0.568465
5 11  0.596390
5 12  0.566858
5 13  0.587215
5 14  0.570035
5 15  0.558303
5 16  0.559265
5 17  0.512047
5 18  0.282570
5 19  0.595632
5 20  0.601922
5 21  0.593791
5 22  0.593388
5 23  0.569154
5 24  0.589709
5 25  0.548020
5 26  0.571482
6 7  0.624650
6 8  0.598831
6 9  0.610613
6 10  0.593086
6 11  0.615272
6 12  0.591519
6 13  0.607958
6 14  0.569158
6 15  0.582855
6 16  0.552996
6 17  0.587608
6 18  0.593135
6 19  0.609314
6 20  0.626382
6 21  0.616493
6 22  0.382199
6 23  0.593630
6 24  0.611561
6 25  0.592077
6 26  0.595821
7 8  0.619927
7 9  0.623495
7 10  0.565549
7 11  0.628711
7 12  0.566627
7 13  0.611241
7 14  0.604050
7 15  0.566692
7 16  0.596437
7 17  0.597885
7 18  0.602627
7 19  0.625671
7 20  0.394080
7 21  0.625488
7 22  0.627419
7 23  0.558937
7 24  0.610281
7 25  0.620311
7 26  0.559735
8 9  0.612286
8 10  0.588031
8 11  0.614813
8 12  0.586427
8 13  0.606446
8 14  0.589921
8 15  0.577646
8 16  0.556703
8 17  0.547696
8 18  0.548455
8 19  0.615124
8 20  0.621154
8 21  0.612588
8 22  0.593055
8 23  0.588723
8 24  0.608592
8 25  0.377654
8 26  0.590979
9 10  0.594182
9 11  0.591604
9 12  0.592604
9 13  0.578840
9 14  0.593796
9 15  0.574160
9 16  0.588522
9 17  0.590436
9 18  0.595293
9 19  0.584731
9 20  0.625819
9 21  0.374820
9 22  0.618410
9 23  0.594571
9 24  0.575770
9 25  0.612525
9 26  0.596961
10 11  0.597290
10 12  0.520161
10 13  0.585938
10 14  0.572154
10 15  0.558161
10 16  0.564624
10 17  0.566009
10 18  0.570698
10 19  0.597006
10 20  0.558340
10 21  0.594640
10 22  0.595281
10 23  0.517464
10 24  0.589190
10 25  0.588606
10 26  0.291654
11 12  0.595677
11 13  0.586441
11 14  0.571836
11 15  0.581331
11 16  0.592074
11 17  0.593521
11 18  0.598456
11 19  0.413595
11 20  0.627712
11 21  0.586750
11 22  0.612256
11 23  0.598273
11 24  0.581731
11 25  0.616337
11 26  0.600541
12 13  0.585050
12 14  0.570335
12 15  0.553718
12 16  0.562996
12 17  0.564440
12 18  0.569100
12 19  0.595344
12 20  0.559762
12 21  0.592963
12 22  0.593837
12 23  0.289873
12 24  0.589105
12 25  0.587069
12 26  0.517309
13 14  0.587922
13 15  0.571232
13 16  0.583289
13 17  0.584490
13 18  0.589469
13 19  0.579469
13 20  0.609724
13 21  0.573481
13 22  0.612014
13 23  0.588812
13 24  0.387541
13 25  0.606816
13 26  0.589503
14 15  0.560718
14 16  0.562161
14 17  0.568517
14 18  0.573172
14 19  0.576935
14 20  0.605460
14 21  0.591609
14 22  0.573851
14 23  0.573011
14 24  0.589759
14 25  0.588791
14 26  0.575340
15 16  0.554461
15 17  0.555910
15 18  0.560562
15 19  0.581230
15 20  0.571416
15 21  0.567807
15 22  0.584817
15 23  0.555167
15 24  0.575547
15 25  0.578530
15 26  0.558723
16 17  0.554853
16 18  0.558464
16 19  0.591252
16 20  0.598074
16 21  0.589619
16 22  0.562552
16 23  0.565308
16 24  0.585684
16 25  0.561666
16 26  0.567643
17 18  0.519209
17 19  0.593130
17 20  0.599502
17 21  0.591171
17 22  0.586837
17 23  0.566755
17 24  0.587123
17 25  0.556652
17 26  0.569087
18 19  0.598025
18 20  0.604165
18 21  0.595978
18 22  0.593293
18 23  0.571407
18 24  0.591913
18 25  0.559432
18 26  0.573739
19 20  0.629493
19 21  0.592141
19 22  0.617325
19 23  0.597442
19 24  0.590220
19 25  0.614662
19 26  0.599739
20 21  0.625695
20 22  0.628635
20 23  0.570874
20 24  0.614882
20 25  0.622088
20 26  0.570154
21 22  0.612985
21 23  0.595682
21 24  0.581127
21 25  0.613530
21 26  0.597909
22 23  0.596363
22 24  0.612488
22 25  0.602345
22 26  0.598645
23 24  0.588796
23 25  0.589372
23 26  0.524838
24 25  0.609499
24 26  0.590875
25 26  0.591699
