   -993.90825437
   -994.22423987
0.00000005251515
2 2 2 2 2 2 2 2 2 2 2 2 2 0 0 0 0 0 0 0 0 0 0 0 0 0 
1  0.282977
2  0.268850
3  0.276857
4  0.278398
5  0.284102
6  0.309896
7  0.317914
8  0.304080
9  0.311108
10  0.285630
11  0.314502
12  0.283884
13  0.305438
14  0.289087
15  0.276183
16  0.280748
17  0.281827
18  0.286380
19  0.313866
20  0.319419
21  0.311867
22  0.312407
23  0.286197
24  0.307876
25  0.304702
26  0.288665
1 2  0.550594
1 3  0.554875
1 4  0.561279
1 5  0.566873
1 6  0.570014
1 7  0.600588
1 8  0.585083
1 9  0.588161
1 10  0.568571
1 11  0.575362
1 12  0.566821
1 13  0.585341
1 14  0.280379
1 15  0.557184
1 16  0.558629
1 17  0.564441
1 18  0.568368
1 19  0.569644
1 20  0.602152
1 21  0.592095
1 22  0.568029
1 23  0.568862
1 24  0.587808
1 25  0.587129
1 26  0.571524
2 3  0.545678
2 4  0.547237
2 5  0.552945
2 6  0.578168
2 7  0.567051
2 8  0.572921
2 9  0.564636
2 10  0.551518
2 11  0.578011
2 12  0.547671
2 13  0.569417
2 14  0.555832
2 15  0.257915
2 16  0.549215
2 17  0.550667
2 18  0.555226
2 19  0.575884
2 20  0.563514
2 21  0.570921
2 22  0.581046
2 23  0.551169
2 24  0.569939
2 25  0.573376
2 26  0.556276
3 4  0.550467
3 5  0.554401
3 6  0.558907
3 7  0.594763
3 8  0.560483
3 9  0.587580
3 10  0.562472
3 11  0.590753
3 12  0.560727
3 13  0.582111
3 14  0.560689
3 15  0.552504
3 16  0.273818
3 17  0.557619
3 18  0.559576
3 19  0.590191
3 20  0.596126
3 21  0.587959
3 22  0.554884
3 23  0.563041
3 24  0.584578
3 25  0.554923
3 26  0.565521
4 5  0.515734
4 6  0.583597
4 7  0.596291
4 8  0.554741
4 9  0.589278
4 10  0.564020
4 11  0.592631
4 12  0.562277
4 13  0.583609
4 14  0.567129
4 15  0.554576
4 16  0.557980
4 17  0.280632
4 18  0.512660
4 19  0.591757
4 20  0.597713
4 21  0.590038
4 22  0.589219
4 23  0.564562
4 24  0.585868
4 25  0.546042
4 26  0.566978
5 6  0.591403
5 7  0.602007
5 8  0.557534
5 9  0.595152
5 10  0.569729
5 11  0.598554
5 12  0.567985
5 13  0.589468
5 14  0.572117
5 15  0.560264
5 16  0.560807
5 17  0.513323
5 18  0.283729
5 19  0.597720
5 20  0.603520
5 21  0.595951
5 22  0.595495
5 23  0.570285
5 24  0.591933
5 25  0.549496
5 26  0.572751
6 7  0.627355
6 8  0.601303
6 9  0.613611
6 10  0.595454
6 11  0.618477
6 12  0.593751
6 13  0.611210
6 14  0.572427
6 15  0.585912
6 16  0.555627
6 17  0.589895
6 18  0.595305
6 19  0.612497
6 20  0.629082
6 21  0.619675
6 22  0.385493
6 23  0.595859
6 24  0.614893
6 25  0.594569
6 26  0.598152
7 8  0.621954
7 9  0.626176
7 10  0.567365
7 11  0.631401
7 12  0.568392
7 13  0.613889
7 14  0.606748
7 15  0.569225
7 16  0.598549
7 17  0.599615
7 18  0.604284
7 19  0.628306
7 20  0.396373
7 21  0.628189
7 22  0.630102
7 23  0.560694
7 24  0.613049
7 25  0.622297
7 26  0.561594
8 9  0.614815
8 10  0.589692
8 11  0.617327
8 12  0.587951
8 13  0.609099
8 14  0.592452
8 15  0.579993
8 16  0.558653
8 17  0.549289
8 18  0.549960
8 19  0.617633
8 20  0.623129
8 21  0.615155
8 22  0.595539
8 23  0.590265
8 24  0.611206
8 25  0.379609
8 26  0.592640
9 10  0.596525
9 11  0.594903
9 12  0.594820
9 13  0.582256
9 14  0.597034
9 15  0.577090
9 16  0.591085
9 17  0.592711
9 18  0.597468
9 19  0.587942
9 20  0.628474
9 21  0.377866
9 22  0.621523
9 23  0.596806
9 24  0.579141
9 25  0.615064
9 26  0.599304
10 11  0.599636
10 12  0.521587
10 13  0.588342
10 14  0.574512
10 15  0.560321
10 16  0.566378
10 17  0.567365
10 18  0.571986
10 19  0.599317
10 20  0.560182
10 21  0.596995
10 22  0.597558
10 23  0.518925
10 24  0.591622
10 25  0.590241
10 26  0.293190
11 12  0.597888
11 13  0.589573
11 14  0.575046
11 15  0.584400
11 16  0.594711
11 17  0.595805
11 18  0.600639
11 19  0.416891
11 20  0.630380
11 21  0.590015
11 22  0.615465
11 23  0.600507
11 24  0.584842
11 25  0.618884
11 26  0.602917
12 13  0.587304
12 14  0.572501
12 15  0.555755
12 16  0.564614
12 17  0.565682
12 18  0.570250
12 19  0.597503
12 20  0.561496
12 21  0.595203
12 22  0.596006
12 23  0.291138
12 24  0.591373
12 25  0.588579
12 26  0.518772
13 14  0.591229
13 15  0.574403
13 16  0.586037
13 17  0.586871
13 18  0.591768
13 19  0.582595
13 20  0.612473
13 21  0.576898
13 22  0.615354
13 23  0.591128
13 24  0.390908
13 25  0.609451
13 26  0.591990
14 15  0.563697
14 16  0.564742
14 17  0.570796
14 18  0.575351
14 19  0.579922
14 20  0.608127
14 21  0.594820
14 22  0.577028
14 23  0.575250
14 24  0.592963
14 25  0.591238
14 26  0.577709
15 16  0.556909
15 17  0.557992
15 18  0.562553
15 19  0.584156
15 20  0.573845
15 21  0.570500
15 22  0.587792
15 23  0.557189
15 24  0.578665
15 25  0.580876
15 26  0.560871
16 17  0.556481
16 18  0.560012
16 19  0.593819
16 20  0.600155
16 21  0.592250
16 22  0.565106
16 23  0.566935
16 24  0.588385
16 25  0.563563
16 26  0.569397
17 18  0.520505
17 19  0.595360
17 20  0.601218
17 21  0.593428
17 22  0.589005
17 23  0.568018
17 24  0.589444
17 25  0.558203
17 26  0.570483
18 19  0.600155
18 20  0.605785
18 21  0.598166
18 22  0.595374
18 23  0.572575
18 24  0.594150
18 25  0.560929
18 26  0.575040
19 20  0.632088
19 21  0.595413
19 22  0.620426
19 23  0.599606
19 24  0.593278
19 25  0.617096
19 26  0.602033
20 21  0.628366
20 22  0.631256
20 23  0.572639
20 24  0.617478
20 25  0.624068
20 26  0.571957
21 22  0.615965
21 23  0.597925
21 24  0.584483
21 25  0.616046
21 26  0.600279
22 23  0.598559
22 24  0.615651
22 25  0.604753
22 26  0.600980
23 24  0.591006
23 25  0.590886
23 26  0.526283
24 25  0.612081
24 26  0.593246
25 26  0.593346
