   -993.87986081
   -994.18343482
0.00028572312800
2 2 2 2 2 2 2 2 2 2 2 2 2 0 0 0 0 0 0 0 0 0 0 0 0 0 
1  0.253868
2  0.255505
3  0.254830
4  0.271873
5  0.268026
6  0.271733
7  0.269228
8  0.274570
9  0.270826
10  0.278322
11  0.253372
12  0.287503
13  0.288190
14  0.258963
15  0.261082
16  0.273580
17  0.271087
18  0.274248
19  0.271337
20  0.275787
21  0.289105
22  0.272735
23  0.255779
24  0.279313
25  0.289148
26  0.257265
1 2  0.509323
1 3  0.508371
1 4  0.520186
1 5  0.518152
1 6  0.525589
1 7  0.523088
1 8  0.501600
1 9  0.523244
1 10  0.531571
1 11  0.507182
1 12  0.541321
1 13  0.521233
1 14  0.240297
1 15  0.514871
1 16  0.524324
1 17  0.524118
1 18  0.528111
1 19  0.525197
1 20  0.496059
1 21  0.542901
1 22  0.524548
1 23  0.509256
1 24  0.533073
1 25  0.514814
1 26  0.509724
2 3  0.510266
2 4  0.527366
2 5  0.523504
2 6  0.521777
2 7  0.521168
2 8  0.528571
2 9  0.525764
2 10  0.505979
2 11  0.508753
2 12  0.523086
2 13  0.543600
2 14  0.514396
2 15  0.240907
2 16  0.529046
2 17  0.526314
2 18  0.526344
2 19  0.525959
2 20  0.529128
2 21  0.518130
2 22  0.528131
2 23  0.511147
2 24  0.499105
2 25  0.544017
2 26  0.512596
3 4  0.526677
3 5  0.522827
3 6  0.526549
3 7  0.524035
3 8  0.527110
3 9  0.493956
3 10  0.531696
3 11  0.466947
3 12  0.542310
3 13  0.542966
3 14  0.512648
3 15  0.515671
3 16  0.528267
3 17  0.525916
3 18  0.529068
3 19  0.526138
3 20  0.529290
3 21  0.543755
3 22  0.487393
3 23  0.463547
3 24  0.533999
3 25  0.543652
3 26  0.246522
4 5  0.493221
4 6  0.543606
4 7  0.541101
4 8  0.544047
4 9  0.542614
4 10  0.550168
4 11  0.525229
4 12  0.559372
4 13  0.532440
4 14  0.526980
4 15  0.532917
4 16  0.262478
4 17  0.489799
4 18  0.546111
4 19  0.543206
4 20  0.546898
4 21  0.560977
4 22  0.544201
4 23  0.527643
4 24  0.550985
4 25  0.524558
4 26  0.529012
5 6  0.539758
5 7  0.537253
5 8  0.538373
5 9  0.538809
5 10  0.546194
5 11  0.521377
5 12  0.555521
5 13  0.529394
5 14  0.525938
5 15  0.528894
5 16  0.490721
5 17  0.261799
5 18  0.542241
5 19  0.539359
5 20  0.542303
5 21  0.557096
5 22  0.540464
5 23  0.523786
5 24  0.546647
5 25  0.519634
5 26  0.525269
6 7  0.494070
6 8  0.546215
6 9  0.542532
6 10  0.547594
6 11  0.525078
6 12  0.530861
6 13  0.559917
6 14  0.530696
6 15  0.528942
6 16  0.545295
6 17  0.542773
6 18  0.263336
6 19  0.490738
6 20  0.546971
6 21  0.523190
6 22  0.544202
6 23  0.527479
6 24  0.550267
6 25  0.560813
6 26  0.528997
7 8  0.543744
7 9  0.539905
7 10  0.543441
7 11  0.522531
7 12  0.528692
7 13  0.557407
7 14  0.528180
7 15  0.529367
7 16  0.542792
7 17  0.540290
7 18  0.490738
7 19  0.262727
7 20  0.544594
7 21  0.521484
7 22  0.541206
7 23  0.524788
7 24  0.546962
7 25  0.558357
7 26  0.526464
8 9  0.538777
8 10  0.545569
8 11  0.526794
8 12  0.561772
8 13  0.548758
8 14  0.498850
8 15  0.533149
8 16  0.547509
8 17  0.543532
8 18  0.548242
8 19  0.545739
8 20  0.313505
8 21  0.563507
8 22  0.534504
8 23  0.530159
8 24  0.541204
8 25  0.541689
8 26  0.530097
9 10  0.541731
9 11  0.492335
9 12  0.557616
9 13  0.558682
9 14  0.527449
9 15  0.531733
9 16  0.543896
9 17  0.541725
9 18  0.544801
9 19  0.541387
9 20  0.533835
9 21  0.558981
9 22  0.326015
9 23  0.485048
9 24  0.536492
9 25  0.559889
9 26  0.487302
10 11  0.528846
10 12  0.553119
10 13  0.565560
10 14  0.537028
10 15  0.505034
10 16  0.551575
10 17  0.548405
10 18  0.551904
10 19  0.547904
10 20  0.540037
10 21  0.545792
10 22  0.537547
10 23  0.532390
10 24  0.317071
10 25  0.566169
10 26  0.535430
11 12  0.540715
11 13  0.541487
11 14  0.512116
11 15  0.514352
11 16  0.526941
11 17  0.524409
11 18  0.527598
11 19  0.524408
11 20  0.528973
11 21  0.541657
11 22  0.484902
11 23  0.249295
11 24  0.530674
11 25  0.542248
11 26  0.463404
12 13  0.575680
12 14  0.546388
12 15  0.521275
12 16  0.561082
12 17  0.558561
12 18  0.522908
12 19  0.521616
12 20  0.563196
12 21  0.347677
12 22  0.559192
12 23  0.542593
12 24  0.545502
12 25  0.576524
12 26  0.544626
13 14  0.519638
13 15  0.548648
13 16  0.523252
13 17  0.523538
13 18  0.562359
13 19  0.559527
13 20  0.541334
13 21  0.577115
13 22  0.560828
13 23  0.543606
13 24  0.566305
13 25  0.350352
13 26  0.545154
14 15  0.519959
14 16  0.526303
14 17  0.525304
14 18  0.533201
14 19  0.530296
14 20  0.507054
14 21  0.548023
14 22  0.530013
14 23  0.514657
14 24  0.537485
14 25  0.525839
14 26  0.515825
15 16  0.534628
15 17  0.532130
15 18  0.529354
15 19  0.527411
15 20  0.534968
15 21  0.528557
15 22  0.532686
15 23  0.516732
15 24  0.511752
15 25  0.550098
15 26  0.518271
16 17  0.497652
16 18  0.547827
16 19  0.544916
16 20  0.545953
16 21  0.562674
16 22  0.546247
16 23  0.529338
16 24  0.552791
16 25  0.535457
16 26  0.530829
17 18  0.545335
17 19  0.542423
17 20  0.542316
17 21  0.560180
17 22  0.543785
17 23  0.526843
17 24  0.550180
17 25  0.532376
17 26  0.528329
18 19  0.498013
18 20  0.549955
18 21  0.535151
18 22  0.546910
18 23  0.529991
18 24  0.550400
18 25  0.563391
18 26  0.531493
19 20  0.547089
19 21  0.532344
19 22  0.543814
19 23  0.527042
19 24  0.546261
19 25  0.560481
19 26  0.528569
20 21  0.564284
20 22  0.542027
20 23  0.529612
20 24  0.547905
20 25  0.551854
20 26  0.530244
21 22  0.560676
21 23  0.544677
21 24  0.555934
21 25  0.578237
21 26  0.546310
22 23  0.496737
22 24  0.543341
22 25  0.561389
22 26  0.498311
23 24  0.532128
23 25  0.544846
23 26  0.471248
24 25  0.567339
24 26  0.534690
25 26  0.546334
