   -993.87986081
   -994.18716318
0.00017787359400
2 2 2 2 2 2 2 2 2 2 2 2 2 0 0 0 0 0 0 0 0 0 0 0 0 0 
1  0.259814
2  0.261997
3  0.264862
4  0.275015
5  0.271328
6  0.274945
7  0.272562
8  0.285432
9  0.283832
10  0.289756
11  0.264003
12  0.292722
13  0.293837
14  0.265020
15  0.268037
16  0.276823
17  0.274591
18  0.277688
19  0.274777
20  0.285960
21  0.294341
22  0.285838
23  0.266858
24  0.290944
25  0.294455
26  0.266828
1 2  0.521734
1 3  0.524349
1 4  0.528897
1 5  0.526863
1 6  0.534739
1 7  0.532361
1 8  0.518196
1 9  0.542074
1 10  0.548740
1 11  0.523706
1 12  0.552479
1 13  0.532474
1 14  0.250728
1 15  0.527785
1 16  0.533478
1 17  0.533400
1 18  0.537500
1 19  0.534551
1 20  0.512187
1 21  0.553989
1 22  0.543695
1 23  0.526282
1 24  0.550578
1 25  0.525835
1 26  0.525251
2 3  0.526777
2 4  0.536995
2 5  0.533282
2 6  0.531103
2 7  0.530441
2 8  0.545636
2 9  0.545116
2 10  0.523351
2 11  0.525872
2 12  0.534369
2 13  0.555678
2 14  0.526949
2 15  0.252832
2 16  0.538766
2 17  0.536271
2 18  0.536138
2 19  0.535741
2 20  0.545599
2 21  0.529683
2 22  0.547657
2 23  0.528730
2 24  0.517376
2 25  0.555804
2 26  0.528590
3 4  0.539830
3 5  0.536145
3 6  0.539785
3 7  0.537374
3 8  0.547721
3 9  0.516255
3 10  0.552678
3 11  0.484579
3 12  0.557509
3 13  0.558637
3 14  0.528768
3 15  0.532623
3 16  0.541538
3 17  0.539451
3 18  0.542540
3 19  0.539611
3 20  0.549414
3 21  0.558987
3 22  0.509393
3 23  0.481923
3 24  0.555541
3 25  0.559011
3 26  0.261434
4 5  0.500093
4 6  0.549959
4 7  0.547576
4 8  0.557689
4 9  0.558753
4 10  0.564728
4 11  0.538989
4 12  0.567730
4 13  0.540870
4 14  0.536090
4 15  0.543013
4 16  0.269082
4 17  0.496821
4 18  0.552685
4 19  0.549783
4 20  0.560138
4 21  0.569356
4 22  0.560224
4 23  0.541869
4 24  0.565739
4 25  0.532872
4 26  0.541664
5 6  0.546271
5 7  0.543888
5 8  0.552211
5 9  0.555116
5 10  0.560880
5 11  0.535296
5 12  0.564038
5 13  0.537974
5 14  0.535175
5 15  0.539014
5 16  0.497653
5 17  0.268671
5 18  0.548957
5 19  0.546092
5 20  0.555774
5 21  0.565629
5 22  0.556771
5 23  0.538092
5 24  0.561325
5 25  0.528125
5 26  0.538139
6 7  0.500804
6 8  0.560259
6 9  0.558740
6 10  0.561905
6 11  0.538906
6 12  0.539104
6 13  0.568768
6 14  0.539958
6 15  0.539053
6 16  0.551738
6 17  0.549464
6 18  0.270281
6 19  0.497711
6 20  0.560151
6 21  0.531366
6 22  0.560538
6 23  0.541775
6 24  0.565067
6 25  0.569314
6 26  0.541767
7 8  0.557934
7 9  0.556221
7 10  0.557839
7 11  0.536467
7 12  0.537007
7 13  0.566384
7 14  0.537529
7 15  0.539504
7 16  0.549365
7 17  0.547124
7 18  0.497838
7 19  0.269632
7 20  0.558103
7 21  0.529821
7 22  0.557479
7 23  0.539139
7 24  0.561910
7 25  0.567006
7 26  0.539370
8 9  0.562059
8 10  0.566451
8 11  0.548080
8 12  0.577752
8 13  0.564486
8 14  0.515784
8 15  0.550563
8 16  0.561488
8 17  0.557855
8 18  0.562360
8 19  0.559947
8 20  0.334370
8 21  0.579551
8 22  0.557994
8 23  0.552027
8 24  0.561875
8 25  0.557347
8 26  0.550532
9 10  0.565114
9 11  0.515042
9 12  0.575654
9 13  0.577193
9 14  0.546503
9 15  0.551642
9 16  0.559960
9 17  0.558124
9 18  0.561166
9 19  0.557704
9 20  0.556600
9 21  0.577279
9 22  0.343575
9 23  0.507772
9 24  0.560665
9 25  0.578182
9 26  0.509124
10 11  0.550600
10 12  0.569038
10 13  0.582428
10 14  0.554482
10 15  0.523173
10 16  0.566173
10 17  0.563227
10 18  0.566679
10 19  0.562713
10 20  0.560839
10 21  0.562002
10 22  0.561509
10 23  0.554752
10 24  0.339706
10 25  0.583050
10 26  0.556301
11 12  0.556509
11 13  0.557763
11 14  0.528848
11 15  0.531923
11 16  0.540824
11 17  0.538509
11 18  0.541656
11 19  0.538458
11 20  0.549706
11 21  0.557521
11 22  0.507710
11 23  0.263423
11 24  0.552948
11 25  0.558098
11 26  0.481290
12 13  0.586544
12 14  0.557613
12 15  0.533355
12 16  0.569544
12 17  0.567285
12 18  0.531371
12 19  0.530091
12 20  0.578582
12 21  0.358850
12 22  0.577580
12 23  0.558914
12 24  0.561928
12 25  0.587035
12 26  0.559437
13 14  0.531193
13 15  0.561047
13 16  0.531899
13 17  0.532417
13 18  0.571425
13 19  0.568610
13 20  0.556556
13 21  0.587989
13 22  0.579594
13 23  0.560252
13 24  0.583526
13 25  0.361786
13 26  0.560381
14 15  0.532936
14 16  0.535236
14 17  0.534366
14 18  0.542688
14 19  0.539786
14 20  0.522936
14 21  0.559315
14 22  0.549183
14 23  0.531699
14 24  0.554842
14 25  0.536827
14 26  0.531412
15 16  0.544826
15 17  0.542562
15 18  0.539274
15 19  0.537345
15 20  0.551741
15 21  0.540441
15 22  0.552620
15 23  0.534740
15 24  0.529717
15 25  0.562273
15 26  0.534787
16 17  0.504656
16 18  0.554510
16 19  0.551599
16 20  0.558840
16 21  0.571152
16 22  0.562597
16 23  0.543651
16 24  0.567668
16 25  0.543860
16 26  0.543622
17 18  0.552277
17 19  0.549366
17 20  0.555618
17 21  0.568914
17 22  0.560376
17 23  0.541419
17 24  0.565235
17 25  0.540860
17 26  0.541389
18 19  0.505204
18 20  0.563551
18 21  0.543535
18 22  0.563436
18 23  0.544490
18 24  0.565113
18 25  0.572134
18 26  0.544492
19 20  0.560691
19 21  0.540674
19 22  0.560328
19 23  0.541533
19 24  0.560838
19 25  0.569228
19 26  0.541556
20 21  0.579532
20 22  0.564592
20 23  0.550642
20 24  0.568118
20 25  0.566625
20 26  0.549783
21 22  0.578841
21 23  0.560976
21 24  0.572352
21 25  0.588767
21 26  0.561081
22 23  0.519915
22 24  0.567321
22 25  0.579608
22 26  0.520236
23 24  0.554430
23 25  0.561227
23 26  0.488912
24 25  0.584111
24 26  0.555429
25 26  0.561198
