   -993.87986081
   -994.18897478
0.00009536448180
2 2 2 2 2 2 2 2 2 2 2 2 2 0 0 0 0 0 0 0 0 0 0 0 0 0 
1  0.263111
2  0.266246
3  0.270900
4  0.276905
5  0.273429
6  0.276750
7  0.274430
8  0.294131
9  0.291606
10  0.298853
11  0.270470
12  0.295846
13  0.297157
14  0.268473
15  0.272505
16  0.278780
17  0.276816
18  0.279536
19  0.276651
20  0.294608
21  0.297298
22  0.293508
23  0.273287
24  0.299722
25  0.297735
26  0.273094
1 2  0.529261
1 3  0.533658
1 4  0.533786
1 5  0.532039
1 6  0.539831
1 7  0.537517
1 8  0.530333
1 9  0.553005
1 10  0.560967
1 11  0.533453
1 12  0.558900
1 13  0.538968
1 14  0.256871
1 15  0.535531
1 16  0.538659
1 17  0.538854
1 18  0.542644
1 19  0.539718
1 20  0.524380
1 21  0.560187
1 22  0.554572
1 23  0.536013
1 24  0.562598
1 25  0.532439
1 26  0.534817
2 3  0.537029
2 4  0.543128
2 5  0.539613
2 6  0.536868
2 7  0.536365
2 8  0.558111
2 9  0.557050
2 10  0.536524
2 11  0.536573
2 12  0.541584
2 13  0.563214
2 14  0.534646
2 15  0.260514
2 16  0.544935
2 17  0.542650
2 18  0.542139
2 19  0.541800
2 20  0.558380
2 21  0.536956
2 22  0.559538
2 23  0.539391
2 24  0.530562
2 25  0.563217
2 26  0.539062
3 4  0.547742
3 5  0.544263
3 6  0.547625
3 7  0.545267
3 8  0.562247
3 9  0.529408
3 10  0.567606
3 11  0.495916
3 12  0.566664
3 13  0.567987
3 14  0.538195
3 15  0.543069
3 16  0.549517
3 17  0.547714
3 18  0.550427
3 19  0.547519
3 20  0.564026
3 21  0.567971
3 22  0.522118
3 23  0.493281
3 24  0.570250
3 25  0.568311
3 26  0.271638
4 5  0.504335
4 6  0.553654
4 7  0.551334
4 8  0.568071
4 9  0.568408
4 10  0.575693
4 11  0.547324
4 12  0.572744
4 13  0.545995
4 14  0.541329
4 15  0.549370
4 16  0.272797
4 17  0.501234
4 18  0.556420
4 19  0.553549
4 20  0.570634
4 21  0.574202
4 22  0.569715
4 23  0.550187
4 24  0.576392
4 25  0.538068
4 26  0.549810
5 6  0.550176
5 7  0.547855
5 8  0.562677
5 9  0.564983
5 10  0.572011
5 11  0.543843
5 12  0.569258
5 13  0.543196
5 14  0.540662
5 15  0.545547
5 16  0.501988
5 17  0.272836
5 18  0.552885
5 19  0.550062
5 20  0.566441
5 21  0.570688
5 22  0.566525
5 23  0.546620
5 24  0.572117
5 25  0.533501
5 26  0.546500
6 7  0.504717
6 8  0.570728
6 9  0.568310
6 10  0.572613
6 11  0.547170
6 12  0.544026
6 13  0.573889
6 14  0.545208
6 15  0.545274
6 16  0.555480
6 17  0.553446
6 18  0.273888
6 19  0.501662
6 20  0.570509
6 21  0.536134
6 22  0.570004
6 23  0.550011
6 24  0.575612
6 25  0.574363
6 26  0.549840
7 8  0.568479
7 9  0.565825
7 10  0.568481
7 11  0.544778
7 12  0.541913
7 13  0.571568
7 14  0.542815
7 15  0.545775
7 16  0.553177
7 17  0.551186
7 18  0.501820
7 19  0.273321
7 20  0.568602
7 21  0.534642
7 22  0.566974
7 23  0.547438
7 24  0.572515
7 25  0.572143
7 26  0.547505
8 9  0.577985
8 10  0.582435
8 11  0.563041
8 12  0.589438
8 13  0.576252
8 14  0.528202
8 15  0.563503
8 16  0.572090
8 17  0.568742
8 18  0.572804
8 19  0.570493
8 20  0.349852
8 21  0.591168
8 22  0.574029
8 23  0.567052
8 24  0.578336
8 25  0.569278
8 26  0.565441
9 10  0.581301
9 11  0.528622
9 12  0.586388
9 13  0.588191
9 14  0.557715
9 15  0.563839
9 16  0.569677
9 17  0.568112
9 18  0.570778
9 19  0.567292
9 20  0.572635
9 21  0.587985
9 22  0.356820
9 23  0.521235
9 24  0.576903
9 25  0.589209
9 26  0.522136
10 11  0.565907
10 12  0.581031
10 13  0.594588
10 14  0.566982
10 15  0.536797
10 16  0.577186
10 17  0.574448
10 18  0.577577
10 19  0.573651
10 20  0.577391
10 21  0.574046
10 22  0.577994
10 23  0.570195
10 24  0.355600
10 25  0.595439
10 26  0.571553
11 12  0.566071
11 13  0.567530
11 14  0.538758
11 15  0.542837
11 16  0.549245
11 17  0.547202
11 18  0.549967
11 19  0.546754
11 20  0.564740
11 21  0.566963
11 22  0.521213
11 23  0.273138
11 24  0.568154
11 25  0.567832
11 26  0.492496
12 13  0.592980
12 14  0.564116
12 15  0.540958
12 16  0.574622
12 17  0.572651
12 18  0.536319
12 19  0.535068
12 20  0.590308
12 21  0.364769
12 22  0.588356
12 23  0.568459
12 24  0.573839
12 25  0.593427
12 26  0.568805
13 14  0.537990
13 15  0.568775
13 16  0.537134
13 17  0.537884
13 18  0.576573
13 19  0.573803
13 20  0.568525
13 21  0.594238
13 22  0.590555
13 23  0.569965
13 24  0.595574
13 25  0.368221
13 26  0.569952
14 15  0.540822
14 16  0.540415
14 17  0.539850
14 18  0.547986
14 19  0.545115
14 20  0.535151
14 21  0.565713
14 22  0.560095
14 23  0.541553
14 24  0.566838
14 25  0.543396
14 26  0.541101
15 16  0.551222
15 17  0.549207
15 18  0.545340
15 19  0.543469
15 20  0.564335
15 21  0.547794
15 22  0.564642
15 23  0.545629
15 24  0.542769
15 25  0.569967
15 26  0.545507
16 17  0.509086
16 18  0.558312
16 19  0.555429
16 20  0.569189
16 21  0.576062
16 22  0.572206
16 23  0.552030
16 24  0.578368
16 25  0.549128
16 26  0.551842
17 18  0.556348
17 19  0.553464
17 20  0.566155
17 21  0.574088
17 22  0.570261
17 23  0.550064
17 24  0.576161
17 25  0.546210
17 26  0.549866
18 19  0.509186
18 20  0.574027
18 21  0.548287
18 22  0.572938
18 23  0.552752
18 24  0.575523
18 25  0.577259
18 26  0.552602
19 20  0.571193
19 21  0.545392
19 22  0.569828
19 23  0.549805
19 24  0.571192
19 25  0.574377
19 26  0.549679
20 21  0.590927
20 22  0.580358
20 23  0.565504
20 24  0.583889
20 25  0.578278
20 26  0.564502
21 22  0.589315
21 23  0.570335
21 24  0.583990
21 25  0.594992
21 26  0.570294
22 23  0.533480
22 24  0.583197
22 25  0.590440
22 26  0.533367
23 24  0.569269
23 25  0.570903
23 26  0.500495
24 25  0.595856
24 26  0.570178
25 26  0.570732
