   -993.87986081
   -994.18995189
0.00000111159939
2 2 2 2 2 2 2 2 2 2 2 2 2 0 0 0 0 0 0 0 0 0 0 0 0 0 
1  0.265564
2  0.269087
3  0.275507
4  0.277872
5  0.274605
6  0.277723
7  0.275440
8  0.299631
9  0.296459
10  0.304206
11  0.275039
12  0.297781
13  0.299407
14  0.271005
15  0.275627
16  0.279822
17  0.278092
18  0.280515
19  0.277662
20  0.299706
21  0.299345
22  0.298320
23  0.278068
24  0.305059
25  0.299900
26  0.277553
1 2  0.534524
1 3  0.540685
1 4  0.537175
1 5  0.535615
1 6  0.543223
1 7  0.540965
1 8  0.538311
1 9  0.560137
1 10  0.568566
1 11  0.540446
1 12  0.563268
1 13  0.543693
1 14  0.261752
1 15  0.541070
1 16  0.542171
1 17  0.542560
1 18  0.546068
1 19  0.543152
1 20  0.532052
1 21  0.564551
1 22  0.561795
1 23  0.543217
1 24  0.570330
1 25  0.537152
1 26  0.541744
2 3  0.544455
2 4  0.546910
2 5  0.543582
2 6  0.540637
2 7  0.540153
2 8  0.566019
2 9  0.564656
2 10  0.544524
2 11  0.543969
2 12  0.546391
2 13  0.568258
2 14  0.539981
2 15  0.266111
2 16  0.548810
2 17  0.546684
2 18  0.545971
2 19  0.545634
2 20  0.566281
2 21  0.541970
2 22  0.567149
2 23  0.546999
2 24  0.538784
2 25  0.568118
2 26  0.546307
3 4  0.553302
3 5  0.550032
3 6  0.553205
3 7  0.550860
3 8  0.572199
3 9  0.538674
3 10  0.577357
3 11  0.503562
3 12  0.573181
3 13  0.574836
3 14  0.545338
3 15  0.550729
3 16  0.555159
3 17  0.553597
3 18  0.556014
3 19  0.553128
3 20  0.573693
3 21  0.574595
3 22  0.531015
3 23  0.501397
3 24  0.580111
3 25  0.575080
3 26  0.279561
4 5  0.506645
4 6  0.555592
4 7  0.553311
4 8  0.574444
4 9  0.574218
4 10  0.582003
4 11  0.552828
4 12  0.575645
4 13  0.549341
4 14  0.544837
4 15  0.553444
4 16  0.274892
4 17  0.503673
4 18  0.558376
4 19  0.555518
4 20  0.576678
4 21  0.577216
4 22  0.575433
4 23  0.555931
4 24  0.582681
4 25  0.541320
4 26  0.555224
5 6  0.552321
5 7  0.550038
5 8  0.569226
5 9  0.571010
5 10  0.578497
5 11  0.549577
5 12  0.572360
5 13  0.546632
5 14  0.544358
5 15  0.549740
5 16  0.504389
5 17  0.275306
5 18  0.555018
5 19  0.552232
5 20  0.572705
5 21  0.573902
5 22  0.572510
5 23  0.552579
5 24  0.578596
5 25  0.536935
5 26  0.552133
6 7  0.506850
6 8  0.577169
6 9  0.574130
6 10  0.578858
6 11  0.552705
6 12  0.547064
6 13  0.577096
6 14  0.548715
6 15  0.549382
6 16  0.557463
6 17  0.555614
6 18  0.275986
6 19  0.503822
6 20  0.576515
6 21  0.539271
6 22  0.575789
6 23  0.555762
6 24  0.581898
6 25  0.577507
6 26  0.555271
7 8  0.574981
7 9  0.571666
7 10  0.574720
7 11  0.550332
7 12  0.544901
7 13  0.574812
7 14  0.546336
7 15  0.549886
7 16  0.555202
7 17  0.553427
7 18  0.503981
7 19  0.275436
7 20  0.574699
7 21  0.537794
7 22  0.572783
7 23  0.553204
7 24  0.578859
7 25  0.575323
7 26  0.552969
8 9  0.587970
8 10  0.592061
8 11  0.572962
8 12  0.596728
8 13  0.583843
8 14  0.536318
8 15  0.572059
8 16  0.578602
8 17  0.575505
8 18  0.579226
8 19  0.577000
8 20  0.360115
8 21  0.598670
8 22  0.584124
8 23  0.577270
8 24  0.588428
8 25  0.576929
8 26  0.575365
9 10  0.591122
9 11  0.537806
9 12  0.593041
9 13  0.595207
9 14  0.565098
9 15  0.571769
9 16  0.575509
9 17  0.574236
9 18  0.576608
9 19  0.573118
9 20  0.582444
9 21  0.594869
9 22  0.365146
9 23  0.530504
9 24  0.586878
9 25  0.596199
9 26  0.531204
10 11  0.575672
10 12  0.588235
10 13  0.601911
10 14  0.574792
10 15  0.545258
10 16  0.583579
10 17  0.581050
10 18  0.583888
10 19  0.580008
10 20  0.587137
10 21  0.581452
10 22  0.588031
10 23  0.580263
10 24  0.366003
10 25  0.602952
10 26  0.581283
11 12  0.572557
11 13  0.574332
11 14  0.545839
11 15  0.550516
11 16  0.554853
11 17  0.553043
11 18  0.555515
11 19  0.552318
11 20  0.574354
11 21  0.573599
11 22  0.530402
11 23  0.280837
11 24  0.578021
11 25  0.574532
11 26  0.500211
12 13  0.597154
12 14  0.568469
12 15  0.546149
12 16  0.577602
12 17  0.575852
12 18  0.539315
12 19  0.538083
12 20  0.597308
12 21  0.369084
12 22  0.595124
12 23  0.575170
12 24  0.581153
12 25  0.597494
12 26  0.575185
13 14  0.542880
13 15  0.574027
13 16  0.540525
13 17  0.541474
13 18  0.579750
13 19  0.577064
13 20  0.575878
13 21  0.598469
13 22  0.597589
13 23  0.576967
13 24  0.603186
13 25  0.372884
13 26  0.576660
14 15  0.546435
14 16  0.543966
14 17  0.543627
14 18  0.551485
14 19  0.548658
14 20  0.542820
14 21  0.570267
14 22  0.567231
14 23  0.548824
14 24  0.574438
14 25  0.548118
14 26  0.548058
15 16  0.555343
15 17  0.553545
15 18  0.549408
15 19  0.547559
15 20  0.572054
15 21  0.552991
15 22  0.572491
15 23  0.553511
15 24  0.550986
15 25  0.575188
15 26  0.553078
16 17  0.511568
16 18  0.560323
16 19  0.557480
16 20  0.575217
16 21  0.579150
16 22  0.578045
16 23  0.557845
16 24  0.584726
16 25  0.552486
16 26  0.557340
17 18  0.558595
17 19  0.555747
17 20  0.572398
17 21  0.577395
17 22  0.576342
17 23  0.556115
17 24  0.582712
17 25  0.549649
17 26  0.555592
18 19  0.511351
18 20  0.580070
18 21  0.551451
18 22  0.578723
18 23  0.558494
18 24  0.581763
18 25  0.580407
18 26  0.558036
19 20  0.577293
19 21  0.548480
19 22  0.575629
19 23  0.555564
19 24  0.577416
19 25  0.577547
19 26  0.555123
20 21  0.597826
20 22  0.589900
20 23  0.575227
20 24  0.593269
20 25  0.585417
20 26  0.573937
21 22  0.596079
21 23  0.577140
21 24  0.591324
21 25  0.599190
21 26  0.576766
22 23  0.542792
22 24  0.593063
22 25  0.597289
22 26  0.542374
23 24  0.579170
23 25  0.577823
23 26  0.508305
24 25  0.603063
24 26  0.579705
25 26  0.577348
