   -993.87983952
   -994.18628318
0.00018806008000
2 2 2 2 2 2 2 2 2 2 2 2 2 0 0 0 0 0 0 0 0 0 0 0 0 0 
1  0.251914
2  0.271040
3  0.280742
4  0.261140
5  0.252525
6  0.271083
7  0.269811
8  0.290140
9  0.295231
10  0.286786
11  0.287698
12  0.301098
13  0.287408
14  0.266148
15  0.280928
16  0.274128
17  0.262930
18  0.260775
19  0.271486
20  0.271856
21  0.298863
22  0.288020
23  0.289074
24  0.290600
25  0.289091
26  0.295700
1 2  0.522359
1 3  0.531727
1 4  0.511269
1 5  0.504043
1 6  0.522981
1 7  0.521713
1 8  0.528915
1 9  0.543359
1 10  0.535368
1 11  0.537067
1 12  0.531656
1 13  0.539286
1 14  0.236058
1 15  0.532771
1 16  0.525404
1 17  0.514285
1 18  0.511003
1 19  0.523317
1 20  0.523768
1 21  0.528704
1 22  0.538455
1 23  0.538016
1 24  0.523400
1 25  0.540648
1 26  0.542765
2 3  0.507453
2 4  0.532129
2 5  0.523562
2 6  0.542122
2 7  0.540850
2 8  0.552358
2 9  0.552511
2 10  0.551611
2 11  0.558733
2 12  0.571550
2 13  0.558442
2 14  0.536935
2 15  0.268021
2 16  0.501999
2 17  0.533856
2 18  0.531810
2 19  0.542524
2 20  0.542895
2 21  0.569834
2 22  0.557741
2 23  0.560042
2 24  0.560225
2 25  0.560127
2 26  0.534950
3 4  0.541871
3 5  0.533262
3 6  0.551824
3 7  0.550552
3 8  0.563929
3 9  0.553916
3 10  0.564137
3 11  0.568430
3 12  0.581599
3 13  0.568143
3 14  0.544880
3 15  0.506037
3 16  0.272044
3 17  0.543633
3 18  0.541471
3 19  0.552211
3 20  0.552594
3 21  0.579325
3 22  0.566642
3 23  0.569725
3 24  0.567047
3 25  0.569827
3 26  0.553057
4 5  0.511466
4 6  0.532148
4 7  0.530646
4 8  0.551114
4 9  0.556168
4 10  0.546327
4 11  0.522784
4 12  0.532249
4 13  0.546303
4 14  0.526731
4 15  0.541718
4 16  0.535107
4 17  0.256319
4 18  0.521194
4 19  0.532286
4 20  0.532035
4 21  0.525983
4 22  0.547437
4 23  0.517086
4 24  0.551620
4 25  0.548903
4 26  0.556072
5 6  0.518582
5 7  0.518976
5 8  0.542639
5 9  0.547748
5 10  0.539269
5 11  0.519307
5 12  0.550179
5 13  0.521423
5 14  0.516893
5 15  0.533449
5 16  0.526645
5 17  0.514896
5 18  0.237086
5 19  0.521080
5 20  0.523632
5 21  0.549101
5 22  0.540509
5 23  0.513563
5 24  0.542890
5 25  0.515896
5 26  0.548056
6 7  0.493781
6 8  0.561220
6 9  0.566311
6 10  0.557855
6 11  0.557031
6 12  0.572080
6 13  0.529495
6 14  0.537026
6 15  0.552011
6 16  0.545210
6 17  0.533842
6 18  0.527725
6 19  0.264245
6 20  0.488898
6 21  0.569569
6 22  0.559096
6 23  0.559503
6 24  0.561658
6 25  0.521841
6 26  0.566776
7 8  0.559950
7 9  0.565041
7 10  0.556579
7 11  0.554596
7 12  0.570862
7 13  0.527558
7 14  0.535911
7 15  0.550733
7 16  0.543937
7 17  0.531712
7 18  0.529570
7 19  0.490496
7 20  0.263702
7 21  0.568261
7 22  0.557818
7 23  0.557909
7 24  0.560411
7 25  0.518672
7 26  0.565501
8 9  0.559174
8 10  0.541834
8 11  0.577743
8 12  0.588267
8 13  0.577536
8 14  0.545345
8 15  0.568672
8 16  0.563056
8 17  0.552905
8 18  0.550646
8 19  0.561580
8 20  0.561977
8 21  0.587542
8 22  0.539278
8 23  0.578770
8 24  0.395887
8 25  0.579183
8 26  0.546034
9 10  0.556121
9 11  0.582817
9 12  0.595602
9 13  0.582626
9 14  0.555123
9 15  0.554871
9 16  0.538656
9 17  0.558003
9 18  0.555817
9 19  0.566671
9 20  0.567045
9 21  0.590224
9 22  0.543574
9 23  0.584281
9 24  0.558454
9 25  0.584203
9 26  0.446135
10 11  0.574001
10 12  0.578609
10 13  0.574109
10 14  0.546478
10 15  0.563331
10 16  0.559138
10 17  0.547541
10 18  0.547418
10 19  0.558002
10 20  0.558638
10 21  0.573484
10 22  0.393812
10 23  0.575674
10 24  0.532587
10 25  0.575512
10 26  0.555613
11 12  0.572639
11 13  0.566030
11 14  0.550877
11 15  0.568541
11 16  0.561711
11 17  0.518798
11 18  0.520610
11 19  0.558742
11 20  0.558123
11 21  0.560593
11 22  0.575375
11 23  0.344901
11 24  0.578106
11 25  0.560349
11 26  0.583380
12 13  0.587533
12 14  0.540439
12 15  0.581346
12 16  0.575175
12 17  0.527984
12 18  0.559020
12 19  0.572248
12 20  0.572711
12 21  0.360325
12 22  0.583088
12 23  0.565431
12 24  0.587142
12 25  0.590015
12 26  0.592930
13 14  0.553272
13 15  0.568305
13 16  0.561535
13 17  0.548505
13 18  0.522510
13 19  0.519581
13 20  0.521184
13 21  0.586110
13 22  0.575308
13 23  0.559539
13 24  0.577896
13 25  0.347087
13 26  0.582900
14 15  0.546444
14 16  0.539201
14 17  0.526222
14 18  0.526425
14 19  0.537627
14 20  0.538002
14 21  0.541450
14 22  0.550916
14 23  0.552297
14 24  0.537603
14 25  0.555151
14 26  0.559438
15 16  0.509832
15 17  0.543794
15 18  0.541701
15 19  0.552411
15 20  0.552783
15 21  0.579266
15 22  0.561795
15 23  0.569989
15 24  0.566952
15 25  0.570016
15 26  0.554947
16 17  0.537020
16 18  0.534901
16 19  0.545610
16 20  0.545982
16 21  0.572431
16 22  0.553350
16 23  0.563191
16 24  0.557655
16 25  0.563215
16 26  0.553581
17 18  0.520217
17 19  0.534169
17 20  0.534320
17 21  0.532636
17 22  0.549279
17 23  0.525424
17 24  0.552912
17 25  0.549437
17 26  0.558106
18 19  0.527005
18 20  0.528406
18 21  0.555935
18 22  0.548724
18 23  0.527052
18 24  0.551344
18 25  0.529401
18 26  0.556455
19 20  0.496176
19 21  0.570270
19 22  0.559440
19 23  0.557772
19 24  0.562074
19 25  0.531792
19 26  0.567182
20 21  0.570595
20 22  0.559836
20 23  0.557713
20 24  0.562453
20 25  0.530735
20 26  0.567552
21 22  0.577540
21 23  0.572290
21 24  0.587689
21 25  0.586402
21 26  0.592835
22 23  0.576649
22 24  0.541075
22 25  0.577015
22 26  0.559834
23 24  0.579355
23 25  0.570160
23 26  0.584640
24 25  0.579678
24 26  0.561977
25 26  0.584761
