   -993.87983952
   -994.18985308
0.00007679052210
2 2 2 2 2 2 2 2 2 2 2 2 2 0 0 0 0 0 0 0 0 0 0 0 0 0 
1  0.260351
2  0.275820
3  0.286190
4  0.267501
5  0.258499
6  0.275437
7  0.273288
8  0.299973
9  0.302983
10  0.297854
11  0.294937
12  0.309894
13  0.293050
14  0.275114
15  0.286810
16  0.279170
17  0.269399
18  0.267129
19  0.275512
20  0.275425
21  0.306915
22  0.298472
23  0.296065
24  0.300849
25  0.294656
26  0.304227
1 2  0.535416
1 3  0.545291
1 4  0.525830
1 5  0.518361
1 6  0.535746
1 7  0.533621
1 8  0.545072
1 9  0.559258
1 10  0.554456
1 11  0.552559
1 12  0.548298
1 13  0.553350
1 14  0.251620
1 15  0.547056
1 16  0.538889
1 17  0.529114
1 18  0.525408
1 19  0.535735
1 20  0.535775
1 21  0.545117
1 22  0.557187
1 23  0.553520
1 24  0.540984
1 25  0.554563
1 26  0.559703
2 3  0.518043
2 4  0.543260
2 5  0.534314
2 6  0.551253
2 7  0.549105
2 8  0.565622
2 9  0.564939
2 10  0.566937
2 11  0.570748
2 12  0.585004
2 13  0.568860
2 14  0.550638
2 15  0.278396
2 16  0.512350
2 17  0.544908
2 18  0.542941
2 19  0.551331
2 20  0.551239
2 21  0.582584
2 22  0.572984
2 23  0.571708
2 24  0.575028
2 25  0.570455
2 26  0.548181
3 4  0.553676
3 5  0.544681
3 6  0.561623
3 7  0.559475
3 8  0.578748
3 9  0.566033
3 10  0.580149
3 11  0.581108
3 12  0.595693
3 13  0.579228
3 14  0.559339
3 15  0.517907
3 16  0.282217
3 17  0.555519
3 18  0.553244
3 19  0.561689
3 20  0.561613
3 21  0.592816
3 22  0.582314
3 23  0.582068
3 24  0.582372
3 25  0.580841
3 26  0.566963
4 5  0.523390
4 6  0.542833
4 7  0.540438
4 8  0.567311
4 9  0.570211
4 10  0.563564
4 11  0.535971
4 12  0.546956
4 13  0.558043
4 14  0.541966
4 15  0.553718
4 16  0.546425
4 17  0.267693
4 18  0.533836
4 19  0.542697
4 20  0.541829
4 21  0.540404
4 22  0.564201
4 23  0.530169
4 24  0.568238
4 25  0.560789
4 26  0.571018
5 6  0.528426
5 7  0.527996
5 8  0.558435
5 9  0.561470
5 10  0.556298
5 11  0.532124
5 12  0.564654
5 13  0.532573
5 14  0.531619
5 15  0.545304
5 16  0.537656
5 17  0.527217
5 18  0.247535
5 19  0.530974
5 20  0.533056
5 21  0.563136
5 22  0.556935
5 23  0.526384
5 24  0.559115
5 25  0.527152
5 26  0.562553
6 7  0.501839
6 8  0.575384
6 9  0.578404
6 10  0.573131
6 11  0.568295
6 12  0.585229
6 13  0.539005
6 14  0.550354
6 15  0.562242
6 16  0.554605
6 17  0.544624
6 18  0.538320
6 19  0.272175
6 20  0.497118
6 21  0.581899
6 22  0.573632
6 23  0.570788
6 24  0.576253
6 25  0.531685
6 26  0.579663
7 8  0.573250
7 9  0.576267
7 10  0.571035
7 11  0.564939
7 12  0.583124
7 13  0.536385
7 14  0.548364
7 15  0.560071
7 16  0.552450
7 17  0.541587
7 18  0.539299
7 19  0.498218
7 20  0.270635
7 21  0.579712
7 22  0.571752
7 23  0.568339
7 24  0.574072
7 25  0.527708
7 26  0.577479
8 9  0.576443
8 10  0.562184
8 11  0.594803
8 12  0.606793
8 13  0.592994
8 14  0.563089
8 15  0.583951
8 16  0.577905
8 17  0.569202
8 18  0.566885
8 19  0.575441
8 20  0.575375
8 21  0.605257
8 22  0.558910
8 23  0.595662
8 24  0.414163
8 25  0.594600
8 26  0.563129
9 10  0.573766
9 11  0.597753
9 12  0.611967
9 13  0.596013
9 14  0.571728
9 15  0.568419
9 16  0.550873
9 17  0.572110
9 18  0.569838
9 19  0.578458
9 20  0.578331
9 21  0.606249
9 22  0.560000
9 23  0.598988
9 24  0.575959
9 25  0.597435
9 26  0.463422
10 11  0.592073
10 12  0.597568
10 13  0.590776
10 14  0.566395
10 15  0.579944
10 16  0.574850
10 17  0.565239
10 18  0.564854
10 19  0.573134
10 20  0.573269
10 21  0.592317
10 22  0.414910
10 23  0.593701
10 24  0.552874
10 25  0.592062
10 26  0.573549
11 12  0.588080
11 13  0.578246
11 14  0.567129
11 15  0.581579
11 16  0.573914
11 17  0.532293
11 18  0.534013
11 19  0.569974
11 20  0.568850
11 21  0.575486
11 22  0.593021
11 23  0.359816
11 24  0.595612
11 25  0.572399
11 26  0.599142
12 13  0.601737
12 14  0.557899
12 15  0.595868
12 16  0.589011
12 17  0.543124
12 18  0.574171
12 19  0.585009
12 20  0.585086
12 21  0.378024
12 22  0.601992
12 23  0.580750
12 24  0.606176
12 25  0.604345
12 26  0.610099
13 14  0.567897
13 15  0.579783
13 16  0.572213
13 17  0.560564
13 18  0.534262
13 19  0.528917
13 20  0.530132
13 21  0.599764
13 22  0.591390
13 23  0.571736
13 24  0.593708
13 25  0.358684
13 26  0.597018
14 15  0.561135
14 16  0.552966
14 17  0.541342
14 18  0.541582
14 19  0.550612
14 20  0.550533
14 21  0.557838
14 22  0.570069
14 23  0.567975
14 24  0.554593
14 25  0.569666
14 26  0.576678
15 16  0.521056
15 17  0.556066
15 18  0.553934
15 19  0.562318
15 20  0.562233
15 21  0.592900
15 22  0.577763
15 23  0.582849
15 24  0.582360
15 25  0.581457
15 26  0.568553
16 17  0.548529
16 18  0.546294
16 19  0.554676
16 20  0.554593
16 21  0.585353
16 22  0.567459
16 23  0.575226
16 24  0.572392
16 25  0.573820
16 26  0.567136
17 18  0.532760
17 19  0.544645
17 20  0.544222
17 21  0.546844
17 22  0.566054
17 23  0.538470
17 24  0.569492
17 25  0.561102
17 26  0.572859
18 19  0.536836
18 20  0.537903
18 21  0.569968
18 22  0.565528
18 23  0.539893
18 24  0.567953
18 25  0.540646
18 26  0.571329
19 20  0.503946
19 21  0.582336
19 22  0.573757
19 23  0.568467
19 24  0.576327
19 25  0.541086
19 26  0.579735
20 21  0.582184
20 22  0.573824
20 23  0.567951
20 24  0.576272
20 25  0.539617
20 26  0.579646
21 22  0.595156
21 23  0.586806
21 24  0.605867
21 25  0.599661
21 26  0.609171
22 23  0.593932
22 24  0.561306
22 25  0.593052
22 26  0.577697
23 24  0.596575
23 25  0.582142
23 26  0.600066
24 25  0.595476
24 26  0.579945
25 26  0.598827
