   -993.87983952
   -994.19127046
0.00001950846990
2 2 2 2 2 2 2 2 2 2 2 2 2 0 0 0 0 0 0 0 0 0 0 0 0 0 
1  0.264750
2  0.278152
3  0.288540
4  0.271463
5  0.261548
6  0.277353
7  0.275156
8  0.304108
9  0.306511
10  0.302968
11  0.299280
12  0.315182
13  0.295833
14  0.279893
15  0.289501
16  0.281502
17  0.273345
18  0.270306
19  0.277480
20  0.277302
21  0.312023
22  0.303306
23  0.300260
24  0.304711
25  0.297374
26  0.307958
1 2  0.542018
1 3  0.551909
1 4  0.534082
1 5  0.525742
1 6  0.542054
1 7  0.539876
1 8  0.552583
1 9  0.566957
1 10  0.563888
1 11  0.561065
1 12  0.557672
1 13  0.560518
1 14  0.259663
1 15  0.554136
1 16  0.545518
1 17  0.537399
1 18  0.532845
1 19  0.542097
1 20  0.542048
1 21  0.554571
1 22  0.566393
1 23  0.562094
1 24  0.548807
1 25  0.561661
1 26  0.567758
2 3  0.523012
2 4  0.549528
2 5  0.539689
2 6  0.555503
2 7  0.553304
2 8  0.571619
2 9  0.570696
2 10  0.573919
2 11  0.577422
2 12  0.592486
2 13  0.573967
2 14  0.557725
2 15  0.283195
2 16  0.517303
2 17  0.551111
2 18  0.548443
2 19  0.555632
2 20  0.555442
2 21  0.589988
2 22  0.580068
2 23  0.578196
2 24  0.581121
2 25  0.575492
2 26  0.554215
3 4  0.559982
3 5  0.550074
3 6  0.565889
3 7  0.563693
3 8  0.584971
3 9  0.571507
3 10  0.587378
3 11  0.587799
3 12  0.603244
3 13  0.584355
3 14  0.566346
3 15  0.523317
3 16  0.286802
3 17  0.561790
3 18  0.558750
3 19  0.566006
3 20  0.565840
3 21  0.600264
3 22  0.589391
3 23  0.588585
3 24  0.588448
3 25  0.585911
3 26  0.573048
4 5  0.530198
4 6  0.548687
4 7  0.546199
4 8  0.575374
4 9  0.577644
4 10  0.572453
4 11  0.544068
4 12  0.555953
4 13  0.564542
4 14  0.550639
4 15  0.560294
4 16  0.552657
4 17  0.274812
4 18  0.540895
4 19  0.548573
4 20  0.547587
4 21  0.549502
4 22  0.572942
4 23  0.538347
4 24  0.576043
4 25  0.567446
4 26  0.578683
5 6  0.533144
5 7  0.532746
5 8  0.565616
5 9  0.568044
5 10  0.564443
5 11  0.539250
5 12  0.572637
5 13  0.538250
5 14  0.539356
5 15  0.551045
5 16  0.543018
5 17  0.534138
5 18  0.253176
5 19  0.535924
5 20  0.537915
5 21  0.571260
5 22  0.564810
5 23  0.533582
5 24  0.566009
5 25  0.532907
5 26  0.569292
6 7  0.505831
6 8  0.581421
6 9  0.583836
6 10  0.580103
6 11  0.574393
6 12  0.592428
6 13  0.543665
6 14  0.557029
6 15  0.566849
6 16  0.558851
6 17  0.550457
6 18  0.543319
6 19  0.276045
6 20  0.501148
6 21  0.588886
6 22  0.580372
6 23  0.576858
6 24  0.582026
6 25  0.536312
6 26  0.585309
7 8  0.579253
7 9  0.581661
7 10  0.578000
7 11  0.570902
7 12  0.590266
7 13  0.540868
7 14  0.554999
7 15  0.564622
7 16  0.556648
7 17  0.547289
7 18  0.544276
7 19  0.502275
7 20  0.274267
7 21  0.586643
7 22  0.578456
7 23  0.574361
7 24  0.579805
7 25  0.532253
7 26  0.583069
8 9  0.584072
8 10  0.571394
8 11  0.603256
8 12  0.616083
8 13  0.599900
8 14  0.571518
8 15  0.590621
8 16  0.584313
8 17  0.577235
8 18  0.574157
8 19  0.581537
8 20  0.581389
8 21  0.614471
8 22  0.567810
8 23  0.603977
8 24  0.421536
8 25  0.601457
8 26  0.570790
9 10  0.581900
9 11  0.605599
9 12  0.620685
9 13  0.602321
9 14  0.579976
9 15  0.574594
9 16  0.556632
9 17  0.579576
9 18  0.576537
9 19  0.583949
9 20  0.583720
9 21  0.614730
9 22  0.567843
9 23  0.606709
9 24  0.583241
9 25  0.603663
9 26  0.470691
10 11  0.601357
10 12  0.607432
10 13  0.598640
10 14  0.576274
10 15  0.587523
10 16  0.582175
10 17  0.574260
10 18  0.573130
10 19  0.580229
10 20  0.580255
10 21  0.602426
10 22  0.424136
10 23  0.602975
10 24  0.561829
10 25  0.599853
10 26  0.581848
11 12  0.597374
11 13  0.585063
11 14  0.576196
11 15  0.588578
11 16  0.580534
11 17  0.540547
11 18  0.541472
11 19  0.576223
11 20  0.575037
11 21  0.584760
11 22  0.602150
11 23  0.367787
11 24  0.603813
11 25  0.579280
11 26  0.607208
12 13  0.609612
12 14  0.567944
12 15  0.603857
12 16  0.596622
12 17  0.552315
12 18  0.582578
12 19  0.592217
12 20  0.592207
12 21  0.387899
12 22  0.611919
12 23  0.589982
12 24  0.615292
12 25  0.612312
12 26  0.619043
13 14  0.575402
13 15  0.585248
13 16  0.577331
13 17  0.567290
13 18  0.540238
13 19  0.533632
13 20  0.534691
13 21  0.607613
13 22  0.598984
13 23  0.578575
13 24  0.600342
13 25  0.364191
13 26  0.603515
14 15  0.568518
14 16  0.559927
14 17  0.549876
14 18  0.549460
14 19  0.557355
14 20  0.557180
14 21  0.567326
14 22  0.579587
14 23  0.576709
14 24  0.562282
14 25  0.577144
14 26  0.585054
15 16  0.526323
15 17  0.562675
15 18  0.559798
15 19  0.566976
15 20  0.566798
15 21  0.600593
15 22  0.584922
15 23  0.589730
15 24  0.588658
15 25  0.586861
15 26  0.574560
16 17  0.554798
16 18  0.551797
16 19  0.558973
16 20  0.558799
16 21  0.592666
16 22  0.574027
16 23  0.581752
16 24  0.578342
16 25  0.578862
16 26  0.573182
17 18  0.539705
17 19  0.550524
17 20  0.549969
17 21  0.555754
17 22  0.574657
17 23  0.546491
17 24  0.577198
17 25  0.567548
17 26  0.580398
18 19  0.541779
18 20  0.542750
18 21  0.577973
18 22  0.573526
18 23  0.546980
18 24  0.574992
18 25  0.546289
18 26  0.578233
19 20  0.508012
19 21  0.589397
19 22  0.580488
19 23  0.574393
19 24  0.582142
19 25  0.545800
19 26  0.585434
20 21  0.589140
20 22  0.580515
20 23  0.573777
20 24  0.582010
20 25  0.544103
20 26  0.585252
21 22  0.604404
21 23  0.595884
21 24  0.614748
21 25  0.607268
21 26  0.617874
22 23  0.602826
22 24  0.570130
22 25  0.600591
22 26  0.585811
23 24  0.604593
23 25  0.588760
23 26  0.607944
24 25  0.602054
24 26  0.587332
25 26  0.605268
