   -993.87983952
   -994.19189198
0.00000014137418
2 2 2 2 2 2 2 2 2 2 2 2 2 0 0 0 0 0 0 0 0 0 0 0 0 0 
1  0.266829
2  0.279224
3  0.289629
4  0.273491
5  0.262937
6  0.278512
7  0.276054
8  0.305906
9  0.308058
10  0.305276
11  0.301250
12  0.317678
13  0.297094
14  0.282108
15  0.290713
16  0.282547
17  0.275376
18  0.271759
19  0.278745
20  0.278206
21  0.314400
22  0.305558
23  0.302204
24  0.306457
25  0.298572
26  0.309633
1 2  0.545096
1 3  0.555005
1 4  0.538132
1 5  0.529137
1 6  0.545284
1 7  0.542837
1 8  0.556002
1 9  0.570501
1 10  0.568252
1 11  0.565012
1 12  0.562077
1 13  0.563851
1 14  0.263594
1 15  0.557421
1 16  0.548620
1 17  0.541467
1 18  0.536293
1 19  0.545422
1 20  0.545030
1 21  0.558993
1 22  0.570704
1 23  0.566132
1 24  0.552490
1 25  0.564920
1 26  0.571467
2 3  0.525288
2 4  0.552608
2 5  0.542140
2 6  0.557733
2 7  0.555270
2 8  0.574353
2 9  0.573321
2 10  0.577166
2 11  0.580457
2 12  0.595983
2 13  0.576291
2 14  0.561002
2 15  0.285498
2 16  0.519551
2 17  0.554096
2 18  0.550968
2 19  0.557968
2 20  0.557404
2 21  0.593410
2 22  0.583390
2 23  0.581154
2 24  0.583900
2 25  0.577761
2 26  0.557009
3 4  0.563094
3 5  0.552542
3 6  0.568140
3 7  0.565676
3 8  0.587806
3 9  0.574026
3 10  0.590682
3 11  0.590852
3 12  0.606784
3 13  0.586692
3 14  0.569602
3 15  0.525806
3 16  0.288982
3 17  0.564895
3 18  0.561274
3 19  0.568357
3 20  0.567833
3 21  0.603714
3 22  0.592692
3 23  0.591547
3 24  0.591270
3 25  0.588196
3 26  0.575822
4 5  0.533511
4 6  0.551866
4 7  0.549095
4 8  0.579175
4 9  0.581184
4 10  0.576696
4 11  0.547940
4 12  0.560305
4 13  0.567731
4 14  0.554843
4 15  0.563415
4 16  0.555710
4 17  0.278602
4 18  0.544332
4 19  0.551858
4 20  0.550472
4 21  0.553858
4 22  0.577225
4 23  0.542261
4 24  0.579809
4 25  0.570676
4 26  0.582394
5 6  0.535640
5 7  0.534979
5 8  0.568797
5 9  0.570977
5 10  0.568132
5 11  0.542484
5 12  0.576386
5 13  0.540861
5 14  0.542865
5 15  0.553646
5 16  0.545441
5 17  0.537513
5 18  0.255851
5 19  0.538580
5 20  0.540180
5 21  0.575030
5 22  0.568449
5 23  0.536869
5 24  0.569113
5 25  0.535507
5 26  0.572352
6 7  0.507996
6 8  0.584354
6 9  0.586514
6 10  0.583471
6 11  0.577448
6 12  0.596078
6 13  0.546137
6 14  0.560388
6 15  0.569215
6 16  0.561056
6 17  0.553643
6 18  0.545935
6 19  0.278559
6 20  0.503336
6 21  0.592391
6 22  0.583739
6 23  0.579940
6 24  0.584912
6 25  0.538735
6 26  0.588139
7 8  0.581942
7 9  0.584102
7 10  0.581156
7 11  0.573690
7 12  0.593652
7 13  0.543038
7 14  0.558104
7 15  0.566712
7 16  0.558588
7 17  0.550170
7 18  0.546603
7 19  0.504559
7 20  0.276104
7 21  0.589912
7 22  0.581604
7 23  0.577195
7 24  0.582435
7 25  0.534399
7 26  0.585631
8 9  0.587431
8 10  0.575487
8 11  0.607011
8 12  0.620327
8 13  0.602946
8 14  0.575322
8 15  0.593584
8 16  0.587144
8 17  0.581042
8 18  0.577372
8 19  0.584593
8 20  0.584087
8 21  0.618610
8 22  0.571872
8 23  0.607740
8 24  0.424870
8 25  0.604452
8 26  0.574187
9 10  0.585612
9 11  0.609089
9 12  0.624672
9 13  0.605122
9 14  0.583724
9 15  0.577354
9 16  0.559212
9 17  0.583151
9 18  0.579533
9 19  0.586752
9 20  0.586156
9 21  0.618629
9 22  0.571427
9 23  0.610196
9 24  0.586524
9 25  0.606389
9 26  0.474065
10 11  0.605556
10 12  0.611975
10 13  0.602185
10 14  0.580795
10 15  0.591010
10 16  0.585455
10 17  0.578613
10 18  0.576888
10 19  0.583785
10 20  0.583464
10 21  0.607046
10 22  0.428571
10 23  0.607195
10 24  0.565903
10 25  0.603327
10 26  0.585651
11 12  0.601661
11 13  0.588178
11 14  0.580395
11 15  0.591743
11 16  0.583491
11 17  0.544484
11 18  0.544853
11 19  0.579422
11 20  0.577907
11 21  0.588954
11 22  0.606345
11 23  0.371829
11 24  0.607533
11 25  0.582388
11 26  0.610848
12 13  0.613274
12 14  0.572626
12 15  0.607536
12 16  0.600158
12 17  0.556745
12 18  0.586518
12 19  0.595948
12 20  0.595602
12 21  0.392893
12 22  0.616575
12 23  0.594279
12 24  0.619508
12 25  0.615984
12 26  0.623150
13 14  0.578864
13 15  0.587702
13 16  0.579638
13 17  0.570590
13 18  0.542957
13 19  0.536225
13 20  0.536886
13 21  0.611224
13 22  0.602479
13 23  0.581745
13 24  0.603354
13 25  0.366925
13 26  0.606425
14 15  0.571908
14 16  0.563119
14 17  0.554022
14 18  0.553056
14 19  0.560832
14 20  0.560291
14 21  0.571729
14 22  0.584020
14 23  0.580763
14 24  0.565799
14 25  0.580542
14 26  0.588876
15 16  0.528698
15 17  0.565882
15 18  0.562456
15 19  0.569448
15 20  0.568912
15 21  0.604091
15 22  0.588305
15 23  0.592873
15 24  0.591530
15 25  0.589267
15 26  0.577333
16 17  0.557865
16 18  0.554291
16 19  0.561276
16 20  0.560749
16 21  0.596015
16 22  0.577120
16 23  0.584738
16 24  0.581082
16 25  0.581098
16 26  0.575916
17 18  0.543093
17 19  0.553808
17 20  0.552863
17 21  0.560046
17 22  0.578877
17 23  0.550367
17 24  0.580910
17 25  0.570676
17 26  0.584018
18 19  0.544450
18 20  0.545042
18 21  0.581679
18 22  0.577225
18 23  0.550226
18 24  0.578188
18 25  0.548891
18 26  0.581357
19 20  0.510307
19 21  0.593028
19 22  0.583864
19 23  0.577503
19 24  0.585125
19 25  0.548330
19 26  0.588370
20 21  0.592402
20 22  0.583636
20 23  0.576554
20 24  0.584658
20 25  0.546221
20 26  0.587826
21 22  0.608769
21 23  0.600074
21 24  0.618822
21 25  0.610724
21 26  0.621856
22 23  0.606954
22 24  0.574223
22 25  0.604030
22 26  0.589598
23 24  0.608263
23 25  0.591807
23 26  0.611520
24 25  0.604989
24 26  0.590678
25 26  0.608132
