   -841.22728207
   -841.50081277
0.00037925931700
2 2 2 2 2 2 2 2 2 2 2 0 0 0 0 0 0 0 0 0 0 0 
1  0.333282
2  0.311113
3  0.310028
4  0.334112
5  0.334229
6  0.333818
7  0.351435
8  0.298093
9  0.288176
10  0.288579
11  0.298125
12  0.295872
13  0.302767
14  0.302231
15  0.295761
16  0.312193
17  0.336246
18  0.335971
19  0.311119
20  0.347870
21  0.337687
22  0.337303
1 2  0.641692
1 3  0.624229
1 4  0.666055
1 5  0.664936
1 6  0.622325
1 7  0.673204
1 8  0.631106
1 9  0.621072
1 10  0.616309
1 11  0.603369
1 12  0.604901
1 13  0.627389
1 14  0.635097
1 15  0.628892
1 16  0.636639
1 17  0.669069
1 18  0.438187
1 19  0.640589
1 20  0.675130
1 21  0.630195
1 22  0.669454
2 3  0.602525
2 4  0.626038
2 5  0.638148
2 6  0.638137
2 7  0.635651
2 8  0.607534
2 9  0.597630
2 10  0.598280
2 11  0.608758
2 12  0.606046
2 13  0.612344
2 14  0.609485
2 15  0.601727
2 16  0.601943
2 17  0.624247
2 18  0.644199
2 19  0.577304
2 20  0.583179
2 21  0.644543
2 22  0.638865
3 4  0.641541
3 5  0.637538
3 6  0.636736
3 7  0.634478
3 8  0.607678
3 9  0.596859
3 10  0.596996
3 11  0.606535
3 12  0.600801
3 13  0.608814
3 14  0.610725
3 15  0.604929
3 16  0.577255
3 17  0.643452
3 18  0.623083
3 19  0.600494
3 20  0.580334
3 21  0.638112
3 22  0.643273
4 5  0.623233
4 6  0.665396
4 7  0.673767
4 8  0.604078
4 9  0.616716
4 10  0.622300
4 11  0.631961
4 12  0.629815
4 13  0.636448
4 14  0.627703
4 15  0.605303
4 16  0.642301
4 17  0.439876
4 18  0.669639
4 19  0.636305
4 20  0.675999
4 21  0.670628
4 22  0.630528
5 6  0.664714
5 7  0.663675
5 8  0.623575
5 9  0.598977
5 10  0.622398
5 11  0.631889
5 12  0.630085
5 13  0.636877
5 14  0.621723
5 15  0.625838
5 16  0.643342
5 17  0.631835
5 18  0.670013
5 19  0.621387
5 20  0.680200
5 21  0.671483
5 22  0.442315
6 7  0.663544
6 8  0.631468
6 9  0.621592
6 10  0.598875
6 11  0.623151
6 12  0.625457
6 13  0.621519
6 14  0.635935
6 15  0.629562
6 16  0.621962
6 17  0.669856
6 18  0.631281
6 19  0.642015
6 20  0.679863
6 21  0.442825
6 22  0.670700
7 8  0.647239
7 9  0.636667
7 10  0.637095
7 11  0.647285
7 12  0.647032
7 13  0.652766
7 14  0.652311
7 15  0.646913
7 16  0.586341
7 17  0.685369
7 18  0.685167
7 19  0.583613
7 20  0.649166
7 21  0.682981
7 22  0.682634
8 9  0.541095
8 10  0.586623
8 11  0.596174
8 12  0.593915
8 13  0.600718
8 14  0.552890
8 15  0.286882
8 16  0.608934
8 17  0.618896
8 18  0.633908
8 19  0.605716
8 20  0.644479
8 21  0.635339
8 22  0.627616
9 10  0.576721
9 11  0.586250
9 12  0.584043
9 13  0.590911
9 14  0.284060
9 15  0.543731
9 16  0.599613
9 17  0.620830
9 18  0.624135
9 19  0.594830
9 20  0.635808
9 21  0.625728
9 22  0.602307
10 11  0.541499
10 12  0.544205
10 13  0.284807
10 14  0.590780
10 15  0.584335
10 16  0.596251
10 17  0.624811
10 18  0.620976
10 19  0.598959
10 20  0.636211
10 21  0.602739
10 22  0.625760
11 12  0.286449
11 13  0.553508
11 14  0.600218
11 15  0.593838
11 16  0.606847
11 17  0.634208
11 18  0.618792
11 19  0.607934
11 20  0.644537
11 21  0.627979
11 22  0.635005
12 13  0.551027
12 14  0.598033
12 15  0.591575
12 16  0.606445
12 17  0.631613
12 18  0.604603
12 19  0.605406
12 20  0.640099
12 21  0.627998
12 22  0.632649
13 14  0.604947
13 15  0.598454
13 16  0.612942
13 17  0.638454
13 18  0.630255
13 19  0.613268
13 20  0.648099
13 21  0.611783
13 22  0.639708
14 15  0.550442
14 16  0.613819
14 17  0.630017
14 18  0.637663
14 19  0.611366
14 20  0.647588
14 21  0.639574
14 22  0.611049
15 16  0.606335
15 17  0.604708
15 18  0.631217
15 19  0.605247
15 20  0.639985
15 21  0.632915
15 22  0.627513
16 17  0.640878
16 18  0.641302
16 19  0.605118
16 20  0.632049
16 21  0.630662
16 22  0.646273
17 18  0.668857
17 19  0.640492
17 20  0.662059
17 21  0.670926
17 22  0.626534
18 19  0.639741
18 20  0.661454
18 21  0.626649
18 22  0.670322
19 20  0.631092
19 21  0.645646
19 22  0.629378
20 21  0.674612
20 22  0.674031
21 22  0.673232
