   -841.22728207
   -841.50596137
0.00009509518880
2 2 2 2 2 2 2 2 2 2 2 0 0 0 0 0 0 0 0 0 0 0 
1  0.350487
2  0.327229
3  0.326831
4  0.351222
5  0.350292
6  0.350085
7  0.372452
8  0.306783
9  0.297773
10  0.297558
11  0.306215
12  0.303513
13  0.312931
14  0.312644
15  0.303680
16  0.327550
17  0.352008
18  0.351689
19  0.326910
20  0.369296
21  0.355104
22  0.354407
1 2  0.674159
1 3  0.654694
1 4  0.699311
1 5  0.697191
1 6  0.655689
1 7  0.709948
1 8  0.656740
1 9  0.647524
1 10  0.641983
1 11  0.626398
1 12  0.629613
1 13  0.654913
1 14  0.662604
1 15  0.653977
1 16  0.668759
1 17  0.701877
1 18  0.469959
1 19  0.673048
1 20  0.712764
1 21  0.665299
1 22  0.703625
2 3  0.634502
2 4  0.655755
2 5  0.670444
2 6  0.669840
2 7  0.672885
2 8  0.631714
2 9  0.623385
2 10  0.622914
2 11  0.632755
2 12  0.629730
2 13  0.638418
2 14  0.636031
2 15  0.625634
2 16  0.633300
2 17  0.654804
2 18  0.675416
2 19  0.610641
2 20  0.617921
2 21  0.677893
2 22  0.671787
3 4  0.674423
3 5  0.669622
3 6  0.669887
3 7  0.672498
3 8  0.632906
3 9  0.622751
3 10  0.622782
3 11  0.630769
3 12  0.625160
3 13  0.635931
3 14  0.637786
3 15  0.629529
3 16  0.610897
3 17  0.675388
3 18  0.654247
3 19  0.632626
3 20  0.616445
3 21  0.672026
3 22  0.676904
4 5  0.656596
4 6  0.697650
4 7  0.710686
4 8  0.627552
4 9  0.642899
4 10  0.648037
4 11  0.656911
4 12  0.654540
4 13  0.663581
4 14  0.655362
4 15  0.630249
4 16  0.674355
4 17  0.471556
4 18  0.702272
4 19  0.668869
4 20  0.713411
4 21  0.704963
4 22  0.665371
5 6  0.696042
5 7  0.696084
5 8  0.647583
5 9  0.621040
5 10  0.647156
5 11  0.655772
5 12  0.653782
5 13  0.663070
5 14  0.646957
5 15  0.649692
5 16  0.674413
5 17  0.664568
5 18  0.701727
5 19  0.652414
5 20  0.717313
5 21  0.704833
5 22  0.474097
6 7  0.696013
6 8  0.656119
6 9  0.647158
6 10  0.620674
6 11  0.646879
6 12  0.649290
6 13  0.646888
6 14  0.662584
6 15  0.653740
6 16  0.652708
6 17  0.701823
6 18  0.664105
6 19  0.673687
6 20  0.717174
6 21  0.474767
6 22  0.703937
7 8  0.676294
7 9  0.666069
7 10  0.665810
7 11  0.675713
7 12  0.675635
7 13  0.683851
7 14  0.683604
7 15  0.675809
7 16  0.620487
7 17  0.722020
7 18  0.721629
7 19  0.619162
7 20  0.692730
7 21  0.720094
7 22  0.719457
8 9  0.559778
8 10  0.604220
8 11  0.612908
8 12  0.610244
8 13  0.619492
8 14  0.573240
8 15  0.303553
8 16  0.632585
8 17  0.642935
8 18  0.658297
8 19  0.630028
8 20  0.674545
8 21  0.661319
8 22  0.653638
9 10  0.595237
9 11  0.603867
9 12  0.601278
9 13  0.610658
9 14  0.302960
9 15  0.562165
9 16  0.624474
9 17  0.646119
9 18  0.649438
9 19  0.619733
9 20  0.666760
9 21  0.652716
9 22  0.628385
10 11  0.559042
10 12  0.561755
10 13  0.303380
10 14  0.610162
10 15  0.601231
10 16  0.620149
10 17  0.649542
10 18  0.645636
10 19  0.623641
10 20  0.666557
10 21  0.628619
10 22  0.651818
11 12  0.302438
11 13  0.572992
11 14  0.618656
11 15  0.609847
11 16  0.630124
11 17  0.658062
11 18  0.642250
11 19  0.631440
11 20  0.674040
11 21  0.653750
11 22  0.660108
12 13  0.569312
12 14  0.616007
12 15  0.607073
12 16  0.629381
12 17  0.654691
12 18  0.625677
12 19  0.628368
12 20  0.668104
12 21  0.652402
12 22  0.657085
13 14  0.625467
13 15  0.616461
13 16  0.637723
13 17  0.664060
13 18  0.655308
13 19  0.638981
13 20  0.679036
13 21  0.635955
13 22  0.666728
14 15  0.569229
14 16  0.639340
14 17  0.655382
14 18  0.663479
14 19  0.636824
14 20  0.678771
14 21  0.667150
14 22  0.635089
15 16  0.629147
15 17  0.626126
15 18  0.654555
15 19  0.628889
15 20  0.668256
15 21  0.657949
15 22  0.651877
16 17  0.671640
16 18  0.672443
16 19  0.635812
16 20  0.669027
16 21  0.660369
16 22  0.677882
17 18  0.698977
17 19  0.672153
17 20  0.694231
17 21  0.703189
17 22  0.659114
18 19  0.670735
18 20  0.693902
18 21  0.659445
18 22  0.702252
19 20  0.668588
19 21  0.677982
19 22  0.659122
20 21  0.711787
20 22  0.711098
21 22  0.706860
