   -841.22728207
   -841.50764777
0.00003038022950
2 2 2 2 2 2 2 2 2 2 2 0 0 0 0 0 0 0 0 0 0 0 
1  0.357627
2  0.332921
3  0.332638
4  0.358076
5  0.357080
6  0.356991
7  0.380975
8  0.310996
9  0.301755
10  0.301662
11  0.310671
12  0.307827
13  0.317372
14  0.317071
15  0.307878
16  0.333127
17  0.358767
18  0.358631
19  0.332759
20  0.377583
21  0.361934
22  0.361269
1 2  0.686779
1 3  0.666328
1 4  0.712801
1 5  0.710506
1 6  0.669515
1 7  0.724942
1 8  0.667898
1 9  0.658388
1 10  0.653022
1 11  0.636795
1 12  0.640957
1 13  0.666622
1 14  0.674059
1 15  0.665338
1 16  0.681485
1 17  0.715719
1 18  0.483414
1 19  0.685914
1 20  0.727695
1 21  0.679587
1 22  0.717472
2 3  0.645463
2 4  0.667025
2 5  0.682963
2 6  0.682210
2 7  0.687255
2 8  0.641333
2 9  0.633054
2 10  0.632477
2 11  0.642782
2 12  0.639614
2 13  0.648441
2 14  0.646274
2 15  0.635387
2 16  0.644605
2 17  0.666721
2 18  0.687828
2 19  0.622586
2 20  0.631073
2 21  0.690368
2 22  0.684312
3 4  0.686914
3 5  0.681998
3 6  0.682631
3 7  0.686905
3 8  0.642810
3 9  0.632293
3 10  0.632694
3 11  0.640731
3 12  0.635107
3 13  0.646265
3 14  0.647921
3 15  0.639412
3 16  0.622759
3 17  0.687736
3 18  0.666459
3 19  0.644261
3 20  0.629767
3 21  0.684676
3 22  0.689504
4 5  0.670059
4 6  0.710853
4 7  0.725379
4 8  0.637479
4 9  0.653536
4 10  0.658740
4 11  0.668025
4 12  0.665722
4 13  0.674775
4 14  0.666770
4 15  0.641204
4 16  0.686664
4 17  0.484695
4 18  0.716013
4 19  0.681542
4 20  0.728096
4 21  0.718537
4 22  0.679405
5 6  0.709027
5 7  0.709773
5 8  0.658402
5 9  0.630400
5 10  0.657802
5 11  0.666770
5 12  0.664858
5 13  0.674293
5 14  0.657657
5 15  0.660730
5 16  0.686628
5 17  0.678463
5 18  0.715370
5 19  0.664561
5 20  0.732352
5 21  0.718378
5 22  0.487219
6 7  0.709715
6 8  0.666994
6 9  0.657799
6 10  0.630246
6 11  0.658025
6 12  0.660553
6 13  0.657723
6 14  0.673912
6 15  0.664815
6 16  0.664718
6 17  0.715405
6 18  0.678280
6 19  0.686232
6 20  0.732293
6 21  0.488073
6 22  0.717635
7 8  0.688552
7 9  0.677910
7 10  0.677801
7 11  0.688234
7 12  0.688402
7 13  0.696715
7 14  0.696468
7 15  0.688464
7 16  0.633920
7 17  0.737228
7 18  0.737054
7 19  0.633064
7 20  0.709774
7 21  0.734889
7 22  0.734299
8 9  0.568164
8 10  0.612461
8 11  0.621518
8 12  0.618776
8 13  0.628089
8 14  0.582406
8 15  0.311982
8 16  0.642346
8 17  0.653697
8 18  0.669433
8 19  0.640148
8 20  0.686936
8 21  0.672298
8 22  0.664828
9 10  0.603256
9 11  0.612230
9 12  0.609565
9 13  0.619096
9 14  0.311438
9 15  0.570751
9 16  0.633918
9 17  0.656865
9 18  0.660336
9 19  0.629483
9 20  0.679010
9 21  0.663555
9 22  0.639138
10 11  0.567785
10 12  0.570581
10 13  0.311887
10 14  0.618705
10 15  0.609522
10 16  0.629731
10 17  0.660375
10 18  0.656670
10 19  0.633475
10 20  0.678924
10 21  0.639462
10 22  0.662809
11 12  0.311169
11 13  0.582422
11 14  0.627481
11 15  0.618506
11 16  0.640198
11 17  0.669256
11 18  0.653392
11 19  0.641714
11 20  0.686657
11 21  0.665149
11 22  0.671349
12 13  0.578321
12 14  0.624647
12 15  0.615504
12 16  0.639216
12 17  0.665494
12 18  0.635745
12 19  0.638248
12 20  0.680083
12 21  0.663330
12 22  0.667957
13 14  0.634262
13 15  0.625000
13 16  0.647394
13 17  0.674974
13 18  0.666434
13 19  0.649175
13 20  0.691416
13 21  0.645832
13 22  0.677818
14 15  0.578091
14 16  0.649254
14 17  0.666312
14 18  0.674549
14 19  0.646725
14 20  0.691122
14 21  0.678179
14 22  0.644987
15 16  0.638658
15 17  0.635907
15 18  0.665414
15 19  0.638898
15 20  0.680126
15 21  0.668671
15 22  0.662714
16 17  0.683680
16 18  0.685015
16 19  0.647091
16 20  0.682979
16 21  0.671546
16 22  0.690115
17 18  0.711969
17 19  0.684793
17 20  0.707538
17 21  0.716178
17 22  0.672532
18 19  0.683195
18 20  0.707370
18 21  0.673020
18 22  0.715407
19 20  0.682684
19 21  0.690396
19 22  0.670602
20 21  0.726274
20 22  0.725612
21 22  0.720063
