   -841.22728207
   -841.50828875
0.00000008842915
2 2 2 2 2 2 2 2 2 2 2 0 0 0 0 0 0 0 0 0 0 0 
1  0.360923
2  0.335580
3  0.335350
4  0.361338
5  0.360226
6  0.360123
7  0.384595
8  0.313319
9  0.303919
10  0.303838
11  0.313019
12  0.310084
13  0.319750
14  0.319451
15  0.310133
16  0.335745
17  0.361934
18  0.361804
19  0.335408
20  0.381102
21  0.365099
22  0.364463
1 2  0.692614
1 3  0.671707
1 4  0.719082
1 5  0.716713
1 6  0.675914
1 7  0.731594
1 8  0.673380
1 9  0.663655
1 10  0.658393
1 11  0.641966
1 12  0.646529
1 13  0.672342
1 14  0.679658
1 15  0.670881
1 16  0.687370
1 17  0.722139
1 18  0.489780
1 19  0.691794
1 20  0.734252
1 21  0.686284
1 22  0.723900
2 3  0.650567
2 4  0.672309
2 5  0.688801
2 6  0.687878
2 7  0.693598
2 8  0.646160
2 9  0.637860
2 10  0.637183
2 11  0.647772
2 12  0.644490
2 13  0.653428
2 14  0.651358
2 15  0.640229
2 16  0.649834
2 17  0.672324
2 18  0.693538
2 19  0.628105
2 20  0.636825
2 21  0.696130
2 22  0.690144
3 4  0.692766
3 5  0.687731
3 6  0.688508
3 7  0.693266
3 8  0.647826
3 9  0.637031
3 10  0.637564
3 11  0.645636
3 12  0.640002
3 13  0.651402
3 14  0.652964
3 15  0.644333
3 16  0.628289
3 17  0.693467
3 18  0.672129
3 19  0.649520
3 20  0.635689
3 21  0.690532
3 22  0.695343
4 5  0.676443
4 6  0.717028
4 7  0.732005
4 8  0.642602
4 9  0.658866
4 10  0.663987
4 11  0.673500
4 12  0.671233
4 13  0.680330
4 14  0.672458
4 15  0.646746
4 16  0.692472
4 17  0.491032
4 18  0.722406
4 19  0.687419
4 20  0.734617
4 21  0.724900
4 22  0.686102
5 6  0.714988
5 7  0.715741
5 8  0.663736
5 9  0.635218
5 10  0.662945
5 11  0.672086
5 12  0.670226
5 13  0.679798
5 14  0.663017
5 15  0.666113
5 16  0.692276
5 17  0.684977
5 18  0.721647
5 19  0.670187
5 20  0.738982
5 21  0.724640
5 22  0.493420
6 7  0.715632
6 8  0.672283
6 9  0.662925
6 10  0.635057
6 11  0.663364
6 12  0.665926
6 13  0.663075
6 14  0.679408
6 15  0.670167
6 16  0.670297
6 17  0.721670
6 18  0.684789
6 19  0.691871
6 20  0.738902
6 21  0.494246
6 22  0.723918
7 8  0.694350
7 9  0.683380
7 10  0.683286
7 11  0.694057
7 12  0.694253
7 13  0.702657
7 14  0.702408
7 15  0.694312
7 16  0.639836
7 17  0.743973
7 18  0.743819
7 19  0.639121
7 20  0.717191
7 21  0.741418
7 22  0.740856
8 9  0.572732
8 10  0.616879
8 11  0.626138
8 12  0.623359
8 13  0.632699
8 14  0.587410
8 15  0.316569
8 16  0.647238
8 17  0.659137
8 18  0.674925
8 19  0.645148
8 20  0.692742
8 21  0.677685
8 22  0.670374
9 10  0.607546
9 11  0.616661
9 12  0.613941
9 13  0.623639
9 14  0.315971
9 15  0.575392
9 16  0.638666
9 17  0.662163
9 18  0.665640
9 19  0.634184
9 20  0.684678
9 21  0.668878
9 22  0.644515
10 11  0.572380
10 12  0.575236
10 13  0.316441
10 14  0.623263
10 15  0.613903
10 16  0.634399
10 17  0.665683
10 18  0.661988
10 19  0.638263
10 20  0.684604
10 21  0.644819
10 22  0.668169
11 12  0.315781
11 13  0.587447
11 14  0.632124
11 15  0.623114
11 16  0.645198
11 17  0.674768
11 18  0.658856
11 19  0.646652
11 20  0.692483
11 21  0.670690
11 22  0.676786
12 13  0.583052
12 14  0.629207
12 15  0.619959
12 16  0.644073
12 17  0.670718
12 18  0.640713
12 19  0.642978
12 20  0.685629
12 21  0.668638
12 22  0.673216
13 14  0.638975
13 15  0.629557
13 16  0.652206
13 17  0.680387
13 18  0.671828
13 19  0.654183
13 20  0.697179
13 21  0.650840
13 22  0.683260
14 15  0.582824
14 16  0.654229
14 17  0.671697
14 18  0.679959
14 19  0.651575
14 20  0.696888
14 21  0.683601
14 22  0.650018
15 16  0.643362
15 17  0.640869
15 18  0.670635
15 19  0.643784
15 20  0.685666
15 21  0.673901
15 22  0.668053
16 17  0.689360
16 18  0.690832
16 19  0.652205
16 20  0.689180
16 21  0.676716
16 22  0.695795
17 18  0.717953
17 19  0.690632
17 20  0.713303
17 21  0.722274
17 22  0.678901
18 19  0.688918
18 20  0.713193
18 21  0.679360
18 22  0.721514
19 20  0.688872
19 21  0.696081
19 22  0.675835
20 21  0.732690
20 22  0.732075
21 22  0.726240
