  -1146.52933301
  -1146.89249806
0.00009872968410
2 2 2 2 2 2 2 2 2 2 2 2 2 2 2 0 0 0 0 0 0 0 0 0 0 0 0 0 0 0 
1  0.266723
2  0.272140
3  0.268289
4  0.277615
5  0.275102
6  0.316335
7  0.313214
8  0.303775
9  0.280898
10  0.300745
11  0.311511
12  0.285920
13  0.300455
14  0.306226
15  0.301409
16  0.279474
17  0.275941
18  0.271802
19  0.279062
20  0.278547
21  0.306756
22  0.310220
23  0.313618
24  0.317715
25  0.305572
26  0.285585
27  0.299755
28  0.306732
29  0.302521
30  0.285545
1 2  0.538708
1 3  0.533234
1 4  0.544176
1 5  0.541307
1 6  0.559520
1 7  0.578421
1 8  0.569350
1 9  0.547619
1 10  0.564520
1 11  0.578182
1 12  0.552642
1 13  0.565065
1 14  0.569881
1 15  0.549354
1 16  0.258022
1 17  0.542312
1 18  0.537970
1 19  0.545344
1 20  0.543512
1 21  0.553255
1 22  0.576363
1 23  0.556615
1 24  0.584434
1 25  0.566853
1 26  0.552260
1 27  0.564318
1 28  0.573340
1 29  0.566483
1 30  0.552217
2 3  0.540428
2 4  0.549754
2 5  0.547240
2 6  0.588430
2 7  0.562287
2 8  0.572460
2 9  0.549426
2 10  0.572322
2 11  0.566639
2 12  0.552672
2 13  0.572595
2 14  0.576727
2 15  0.572425
2 16  0.550702
2 17  0.252473
2 18  0.543919
2 19  0.551198
2 20  0.550663
2 21  0.577260
2 22  0.566184
2 23  0.585617
2 24  0.565966
2 25  0.571728
2 26  0.553870
2 27  0.571558
2 28  0.574842
2 29  0.574592
2 30  0.557002
3 4  0.539855
3 5  0.539125
3 6  0.555146
3 7  0.581486
3 8  0.571990
3 9  0.549184
3 10  0.567293
3 11  0.579794
3 12  0.554206
3 13  0.548161
3 14  0.574253
3 15  0.569463
3 16  0.547152
3 17  0.544143
3 18  0.264290
3 19  0.544296
3 20  0.545810
3 21  0.574990
3 22  0.578164
3 23  0.547810
3 24  0.585807
3 25  0.573280
3 26  0.553856
3 27  0.565468
3 28  0.574425
3 29  0.542654
3 30  0.553768
4 5  0.506569
4 6  0.590967
4 7  0.590823
4 8  0.581381
4 9  0.558513
4 10  0.578198
4 11  0.589124
4 12  0.563535
4 13  0.549971
4 14  0.583830
4 15  0.579005
4 16  0.556859
4 17  0.553552
4 18  0.545488
4 19  0.273288
4 20  0.504025
4 21  0.584306
4 22  0.587799
4 23  0.590430
4 24  0.595305
4 25  0.582915
4 26  0.563195
4 27  0.576775
4 28  0.584229
4 29  0.543287
4 30  0.563148
5 6  0.586463
5 7  0.588310
5 8  0.578869
5 9  0.556000
5 10  0.575745
5 11  0.586613
5 12  0.561022
5 13  0.547692
5 14  0.581318
5 15  0.576478
5 16  0.553080
5 17  0.551041
5 18  0.545747
5 19  0.503240
5 20  0.274615
5 21  0.581703
5 22  0.585321
5 23  0.587126
5 24  0.592814
5 25  0.580477
5 26  0.560684
5 27  0.574701
5 28  0.581811
5 29  0.539965
5 30  0.560643
6 7  0.629050
6 8  0.619240
6 9  0.597223
6 10  0.605273
6 11  0.627794
6 12  0.602253
6 13  0.602622
6 14  0.621743
6 15  0.614614
6 16  0.568870
6 17  0.592272
6 18  0.552650
6 19  0.594639
6 20  0.592737
6 21  0.619192
6 22  0.626487
6 23  0.381550
6 24  0.633850
6 25  0.618042
6 26  0.601849
6 27  0.607448
6 28  0.622282
6 29  0.596323
6 30  0.601710
7 8  0.580482
7 9  0.593506
7 10  0.609496
7 11  0.623203
7 12  0.598784
7 13  0.613654
7 14  0.597322
7 15  0.606980
7 16  0.590950
7 17  0.565684
7 18  0.584972
7 19  0.592269
7 20  0.591696
7 21  0.616233
7 22  0.388063
7 23  0.626511
7 24  0.626067
7 25  0.597189
7 26  0.598492
7 27  0.611132
7 28  0.578322
7 29  0.615586
7 30  0.598647
8 9  0.583068
8 10  0.597264
8 11  0.605270
8 12  0.588933
8 13  0.604226
8 14  0.593782
8 15  0.594409
8 16  0.582871
8 17  0.577409
8 18  0.575296
8 19  0.582827
8 20  0.582310
8 21  0.608708
8 22  0.576801
8 23  0.617275
8 24  0.615058
8 25  0.578575
8 26  0.588730
8 27  0.602169
8 28  0.375496
8 29  0.606130
8 30  0.587298
9 10  0.581543
9 11  0.557275
9 12  0.518517
9 13  0.581350
9 14  0.586622
9 15  0.582269
9 16  0.560258
9 17  0.555144
9 18  0.552684
9 19  0.559955
9 20  0.559443
9 21  0.587455
9 22  0.590802
9 23  0.594399
9 24  0.551080
9 25  0.586347
9 26  0.516315
9 27  0.580314
9 28  0.586155
9 29  0.583419
9 30  0.295603
10 11  0.611590
10 12  0.586652
10 13  0.600732
10 14  0.584439
10 15  0.567824
10 16  0.574964
10 17  0.576481
10 18  0.570015
10 19  0.579298
10 20  0.579168
10 21  0.565920
10 22  0.609149
10 23  0.602005
10 24  0.617759
10 25  0.584539
10 26  0.586211
10 27  0.381245
10 28  0.603843
10 29  0.602940
10 30  0.585866
11 12  0.559247
11 13  0.611965
11 14  0.616587
11 15  0.612232
11 16  0.590907
11 17  0.569000
11 18  0.583239
11 19  0.590571
11 20  0.590055
11 21  0.618133
11 22  0.620020
11 23  0.625105
11 24  0.396455
11 25  0.613357
11 26  0.548181
11 27  0.611094
11 28  0.606117
11 29  0.613989
11 30  0.554122
12 13  0.586372
12 14  0.591996
12 15  0.587308
12 16  0.565239
12 17  0.556452
12 18  0.557721
12 19  0.564978
12 20  0.564463
12 21  0.592427
12 22  0.595559
12 23  0.599465
12 24  0.560359
12 25  0.591348
12 26  0.298181
12 27  0.585522
12 28  0.592413
12 29  0.588438
12 30  0.514269
13 14  0.606561
13 15  0.601745
13 16  0.576995
13 17  0.576323
13 18  0.545027
13 19  0.541122
13 20  0.542388
13 21  0.606932
13 22  0.610462
13 23  0.591111
13 24  0.618113
13 25  0.606015
13 26  0.586039
13 27  0.599765
13 28  0.607059
13 29  0.372095
13 30  0.585992
14 15  0.588940
14 16  0.580138
14 17  0.576396
14 18  0.577630
14 19  0.585105
14 20  0.584594
14 21  0.591083
14 22  0.586083
14 23  0.616131
14 24  0.620618
14 25  0.463446
14 26  0.591762
14 27  0.574995
14 28  0.592777
14 29  0.608714
14 30  0.591304
15 16  0.566005
15 17  0.576836
15 18  0.573105
15 19  0.580439
15 20  0.579773
15 21  0.387560
15 22  0.610328
15 23  0.612734
15 24  0.619071
15 25  0.575683
15 26  0.586851
15 27  0.566077
15 28  0.606215
15 29  0.603519
15 30  0.586722
16 17  0.555183
16 18  0.548628
16 19  0.558255
16 20  0.557341
16 21  0.562432
16 22  0.588144
16 23  0.567401
16 24  0.597131
16 25  0.582588
16 26  0.565058
16 27  0.575706
16 28  0.585281
16 29  0.579487
16 30  0.565016
17 18  0.547738
17 19  0.555000
17 20  0.554486
17 21  0.581122
17 22  0.563305
17 23  0.589465
17 24  0.572536
17 25  0.578493
17 26  0.556593
17 27  0.574436
17 28  0.579854
17 29  0.578462
17 30  0.557730
18 19  0.544340
18 20  0.545043
18 21  0.578068
18 22  0.581943
18 23  0.556108
18 24  0.589505
18 25  0.576787
18 26  0.557384
18 27  0.569553
18 28  0.578380
18 29  0.552031
18 30  0.557345
19 20  0.510887
19 21  0.585805
19 22  0.589268
19 23  0.588564
19 24  0.596776
19 25  0.584596
19 26  0.564646
19 27  0.578655
19 28  0.585778
19 29  0.554106
19 30  0.564607
20 21  0.585289
20 22  0.588757
20 23  0.586807
20 24  0.596262
20 25  0.584096
20 26  0.564131
20 27  0.578192
20 28  0.585267
20 29  0.552277
20 30  0.564092
21 22  0.608734
21 23  0.618302
21 24  0.623980
21 25  0.591160
21 26  0.592324
21 27  0.569285
21 28  0.607573
21 29  0.609077
21 30  0.592276
22 23  0.622815
22 24  0.625672
22 25  0.597956
22 26  0.595614
22 27  0.599656
22 28  0.578547
22 29  0.612731
22 30  0.595494
23 24  0.631258
23 25  0.617716
23 26  0.599199
23 27  0.601494
23 28  0.619354
23 29  0.602434
23 30  0.599153
24 25  0.622502
24 26  0.567644
24 27  0.616681
24 28  0.613710
24 29  0.620236
24 30  0.566074
25 26  0.590870
25 27  0.588095
25 28  0.592625
25 29  0.607971
25 30  0.590705
26 27  0.585322
26 28  0.590289
26 29  0.588103
26 30  0.522228
27 28  0.599048
27 29  0.601738
27 30  0.585213
28 29  0.609242
28 30  0.589381
29 30  0.588064
