  -1146.52933301
  -1146.89441941
0.00003553411820
2 2 2 2 2 2 2 2 2 2 2 2 2 2 2 0 0 0 0 0 0 0 0 0 0 0 0 0 0 0 
1  0.271839
2  0.276182
3  0.271925
4  0.279470
5  0.276998
6  0.321717
7  0.318981
8  0.310298
9  0.283079
10  0.307674
11  0.314915
12  0.287801
13  0.303391
14  0.312373
15  0.307678
16  0.285015
17  0.280088
18  0.275411
19  0.280924
20  0.280539
21  0.312711
22  0.316045
23  0.318881
24  0.321099
25  0.311653
26  0.287453
27  0.306426
28  0.313575
29  0.305295
30  0.287886
1 2  0.547797
1 3  0.541905
1 4  0.551115
1 5  0.548220
1 6  0.569718
1 7  0.589133
1 8  0.580728
1 9  0.554916
1 10  0.576481
1 11  0.586681
1 12  0.559638
1 13  0.572916
1 14  0.580940
1 15  0.559451
1 16  0.267584
1 17  0.551411
1 18  0.546643
1 19  0.552286
1 20  0.550512
1 21  0.563932
1 22  0.587241
1 23  0.567002
1 24  0.592928
1 25  0.578001
1 26  0.559207
1 27  0.576093
1 28  0.585279
1 29  0.574347
1 30  0.559648
2 3  0.548106
2 4  0.555650
2 5  0.553176
2 6  0.597831
2 7  0.571156
2 8  0.582931
2 9  0.555467
2 10  0.583171
2 11  0.573780
2 12  0.558374
2 13  0.579572
2 14  0.586719
2 15  0.582559
2 16  0.560166
2 17  0.260004
2 18  0.551564
2 19  0.557103
2 20  0.556686
2 21  0.587192
2 22  0.575732
2 23  0.594889
2 24  0.573452
2 25  0.581883
2 26  0.559770
2 27  0.582238
2 28  0.585733
2 29  0.581384
2 30  0.563334
3 4  0.545023
3 5  0.544421
3 6  0.563926
3 7  0.590882
3 8  0.582132
3 9  0.554999
3 10  0.577614
3 11  0.586833
3 12  0.559722
3 13  0.554476
3 14  0.583972
3 15  0.579340
3 16  0.556264
3 17  0.551896
3 18  0.270862
3 19  0.549685
3 20  0.551357
3 21  0.584562
3 22  0.587569
3 23  0.556774
3 24  0.592780
3 25  0.582963
3 26  0.559358
3 27  0.575719
3 28  0.584796
3 29  0.549085
3 30  0.559727
4 5  0.510569
4 6  0.597972
4 7  0.598436
4 8  0.589748
4 9  0.562549
4 10  0.586950
4 11  0.594384
4 12  0.567271
4 13  0.554727
4 14  0.591829
4 15  0.587121
4 16  0.564221
4 17  0.559553
4 18  0.550884
4 19  0.276993
4 20  0.508143
4 21  0.592126
4 22  0.595478
4 23  0.597486
4 24  0.600535
4 25  0.590848
4 26  0.566916
4 27  0.585186
4 28  0.592886
4 29  0.547904
4 30  0.567338
5 6  0.593406
5 7  0.595962
5 8  0.587277
5 9  0.560076
5 10  0.584544
5 11  0.591912
5 12  0.564798
5 13  0.552434
5 14  0.589357
5 15  0.584633
5 16  0.560444
5 17  0.557080
5 18  0.551178
5 19  0.507247
5 20  0.278432
5 21  0.589534
5 22  0.593038
5 23  0.594240
5 24  0.598093
5 25  0.588416
5 26  0.564445
5 27  0.583268
5 28  0.590542
5 29  0.544604
5 30  0.564875
6 7  0.640082
6 8  0.630970
6 9  0.604782
6 10  0.616841
6 11  0.636556
6 12  0.609515
6 13  0.610574
6 14  0.633171
6 15  0.626108
6 16  0.579853
6 17  0.601795
6 18  0.561622
6 19  0.601820
6 20  0.600044
6 21  0.630511
6 22  0.637677
6 23  0.391848
6 24  0.642626
6 25  0.629456
6 26  0.609077
6 27  0.619310
6 28  0.634523
6 29  0.604285
6 30  0.609396
7 8  0.592807
7 9  0.601351
7 10  0.621744
7 11  0.632278
7 12  0.606397
7 13  0.622353
7 14  0.608630
7 15  0.618522
7 16  0.602149
7 17  0.575319
7 18  0.594335
7 19  0.599896
7 20  0.599435
7 21  0.627772
7 22  0.398695
7 23  0.637522
7 24  0.635236
7 25  0.608824
7 26  0.606130
7 27  0.623384
7 28  0.591184
7 29  0.624096
7 30  0.606737
8 9  0.591616
8 10  0.610074
8 11  0.614451
8 12  0.597216
8 13  0.613682
8 14  0.606204
8 15  0.606239
8 16  0.594896
8 17  0.588044
8 18  0.585375
8 19  0.591205
8 20  0.590825
8 21  0.620982
8 22  0.589293
8 23  0.629046
8 24  0.624743
8 25  0.590898
8 26  0.597067
8 27  0.615285
8 28  0.387358
8 29  0.615394
8 30  0.596119
9 10  0.590629
9 11  0.562798
9 12  0.522837
9 13  0.586466
9 14  0.594846
9 15  0.590698
9 16  0.567945
9 17  0.561413
9 18  0.558458
9 19  0.563996
9 20  0.563615
9 21  0.595559
9 22  0.598762
9 23  0.601781
9 24  0.556685
9 25  0.594591
9 26  0.520621
9 27  0.589110
9 28  0.595125
9 29  0.588373
9 30  0.300036
10 11  0.621781
10 12  0.595454
10 13  0.610483
10 14  0.596731
10 15  0.581071
10 16  0.587451
10 17  0.587550
10 18  0.580495
10 19  0.588028
10 20  0.588090
10 21  0.579034
10 22  0.621729
10 23  0.614080
10 24  0.628100
10 25  0.597092
10 26  0.594971
10 27  0.393928
10 28  0.617387
10 29  0.612610
10 30  0.595079
11 12  0.564631
11 13  0.618305
11 14  0.626035
11 15  0.621728
11 16  0.599839
11 17  0.576534
11 18  0.590205
11 19  0.595835
11 20  0.595451
11 21  0.627479
11 22  0.629246
11 23  0.633756
11 24  0.403350
11 25  0.622768
11 26  0.553517
11 27  0.621150
11 28  0.616284
11 29  0.620141
11 30  0.559835
12 13  0.591189
12 14  0.599987
12 15  0.595458
12 16  0.572617
12 17  0.562392
12 18  0.563210
12 19  0.568722
12 20  0.568336
12 21  0.600227
12 22  0.603226
12 23  0.606582
12 24  0.565724
12 25  0.599297
12 26  0.301850
12 27  0.594044
12 28  0.601096
12 29  0.593091
12 30  0.518805
13 14  0.615619
13 15  0.610923
13 16  0.585426
13 17  0.583361
13 18  0.551513
13 19  0.545884
13 20  0.547286
13 21  0.615819
13 22  0.619176
13 23  0.599182
13 24  0.624413
13 25  0.615028
13 26  0.590844
13 27  0.609333
13 28  0.616797
13 29  0.377687
13 30  0.591268
14 15  0.601346
14 16  0.591795
14 17  0.586673
14 18  0.587365
14 19  0.593082
14 20  0.592696
14 21  0.603038
14 22  0.597731
14 23  0.627425
14 24  0.630175
14 25  0.475580
14 26  0.599768
14 27  0.587287
14 28  0.605456
14 29  0.617635
14 30  0.599775
15 16  0.577232
15 17  0.587171
15 18  0.582943
15 19  0.588571
15 20  0.587958
15 21  0.399013
15 22  0.622344
15 23  0.624228
15 24  0.628710
15 25  0.587810
15 26  0.594955
15 27  0.579136
15 28  0.619101
15 29  0.612561
15 30  0.595296
16 17  0.564797
16 18  0.557622
16 19  0.565615
16 20  0.564770
16 21  0.572721
16 22  0.599318
16 23  0.577808
16 24  0.606041
16 25  0.594021
16 26  0.572467
16 27  0.587809
16 28  0.597522
16 29  0.587610
16 30  0.572898
17 18  0.555494
17 19  0.561009
17 20  0.560624
17 21  0.591017
17 22  0.572237
17 23  0.598847
17 24  0.579784
17 25  0.588558
17 26  0.562483
17 27  0.585035
17 28  0.590747
17 29  0.585382
17 30  0.564093
18 19  0.549549
18 20  0.550424
18 21  0.587569
18 22  0.591357
18 23  0.564811
18 24  0.596492
18 25  0.586368
18 26  0.562861
18 27  0.579584
18 28  0.588797
18 29  0.558260
18 30  0.563293
19 20  0.515001
19 21  0.593619
19 22  0.596948
19 23  0.595426
19 24  0.602022
19 25  0.592531
19 26  0.568377
19 27  0.587180
19 28  0.594477
19 29  0.558665
19 30  0.568810
20 21  0.593225
20 22  0.596562
20 23  0.593738
20 24  0.601637
20 25  0.592167
20 26  0.567991
20 27  0.586823
20 28  0.594091
20 29  0.556880
20 30  0.568424
21 22  0.620003
21 23  0.629388
21 24  0.633216
21 25  0.602822
21 26  0.600144
21 27  0.582055
21 28  0.619826
21 29  0.617785
21 30  0.600557
22 23  0.633710
22 24  0.634757
22 25  0.609784
22 26  0.603290
22 27  0.611273
22 28  0.591166
22 29  0.621328
22 30  0.603621
23 24  0.639879
23 25  0.628932
23 26  0.606326
23 27  0.612565
23 28  0.631264
23 29  0.610227
23 30  0.606750
24 25  0.631869
24 26  0.573089
24 27  0.626596
24 28  0.623254
24 29  0.626392
24 30  0.571658
25 26  0.598749
25 27  0.600425
25 28  0.604877
25 29  0.616792
25 30  0.599038
26 27  0.593843
26 28  0.598757
26 29  0.592744
26 30  0.526644
27 28  0.611886
27 29  0.611078
27 30  0.594196
28 29  0.618856
28 30  0.598310
29 30  0.593178
