  -1146.52933301
  -1146.89498276
0.00000798958082
2 2 2 2 2 2 2 2 2 2 2 2 2 2 2 0 0 0 0 0 0 0 0 0 0 0 0 0 0 0 
1  0.273526
2  0.277759
3  0.272979
4  0.279992
5  0.277519
6  0.323359
7  0.321053
8  0.312439
9  0.283804
10  0.309910
11  0.316040
12  0.288439
13  0.304163
14  0.314374
15  0.309674
16  0.286841
17  0.281680
18  0.276496
19  0.281416
20  0.281078
21  0.314721
22  0.318078
23  0.320467
24  0.322217
25  0.313676
26  0.288047
27  0.308572
28  0.315771
29  0.306079
30  0.288650
1 2  0.551010
1 3  0.544618
1 4  0.553312
1 5  0.550395
1 6  0.572964
1 7  0.592806
1 8  0.584457
1 9  0.557327
1 10  0.580385
1 11  0.589472
1 12  0.561961
1 13  0.575326
1 14  0.584567
1 15  0.562687
1 16  0.270844
1 17  0.554630
1 18  0.549391
1 19  0.554455
1 20  0.552699
1 21  0.567535
1 22  0.590955
1 23  0.570291
1 24  0.595728
1 25  0.581672
1 26  0.561469
1 27  0.579915
1 28  0.589150
1 29  0.576840
1 30  0.562090
2 3  0.550737
2 4  0.557747
2 5  0.555273
2 6  0.601035
2 7  0.574389
2 8  0.586600
2 9  0.557735
2 10  0.586925
2 11  0.576428
2 12  0.560542
2 13  0.581920
2 14  0.590220
2 15  0.586060
2 16  0.563465
2 17  0.262921
2 18  0.554220
2 19  0.559171
2 20  0.558788
2 21  0.590765
2 22  0.579198
2 23  0.598045
2 24  0.576175
2 25  0.585484
2 26  0.561955
2 27  0.585960
2 28  0.589504
2 29  0.583716
2 30  0.565664
3 4  0.546566
3 5  0.545939
3 6  0.566548
3 7  0.594005
3 8  0.585317
3 9  0.556777
3 10  0.580839
3 11  0.589010
3 12  0.561413
3 13  0.556274
3 14  0.586996
3 15  0.582370
3 16  0.559125
3 17  0.554526
3 18  0.272911
3 19  0.551234
3 20  0.552934
3 21  0.587619
3 22  0.590638
3 23  0.559423
3 24  0.594908
3 25  0.586047
3 26  0.561005
3 27  0.578928
3 28  0.587997
3 29  0.550925
3 30  0.561522
4 5  0.511689
4 6  0.600070
4 7  0.601024
4 8  0.592406
4 9  0.563796
4 10  0.589691
4 11  0.596029
4 12  0.568430
4 13  0.556047
4 14  0.594349
4 15  0.589634
4 16  0.566567
4 17  0.561666
4 18  0.552495
4 19  0.278104
4 20  0.509291
4 21  0.594661
4 22  0.598033
4 23  0.599569
4 24  0.602162
4 25  0.593393
4 26  0.568028
4 27  0.587800
4 28  0.595574
4 29  0.549236
4 30  0.568614
5 6  0.595498
5 7  0.598550
5 8  0.589933
5 9  0.561322
5 10  0.587293
5 11  0.593557
5 12  0.565956
5 13  0.553729
5 14  0.591879
5 15  0.587142
5 16  0.562755
5 17  0.559189
5 18  0.552761
5 19  0.508338
5 20  0.279546
5 21  0.592041
5 22  0.595588
5 23  0.596349
5 24  0.599731
5 25  0.590956
5 26  0.565558
5 27  0.585935
5 28  0.593260
5 29  0.545927
5 30  0.566156
6 7  0.643741
6 8  0.634679
6 9  0.607146
6 10  0.620464
6 11  0.639311
6 12  0.611792
6 13  0.612913
6 14  0.636782
6 15  0.629710
6 16  0.583347
6 17  0.605025
6 18  0.564340
6 19  0.603936
6 20  0.602215
6 21  0.634161
6 22  0.641349
6 23  0.395190
6 24  0.645375
6 25  0.633093
6 26  0.611291
6 27  0.623037
6 28  0.638338
6 29  0.606676
6 30  0.611754
7 8  0.597074
7 9  0.604122
7 10  0.625883
7 11  0.635439
7 12  0.609095
7 13  0.625194
7 14  0.612449
7 15  0.622455
7 16  0.606045
7 17  0.578874
7 18  0.597486
7 19  0.602462
7 20  0.602030
7 21  0.631820
7 22  0.402487
7 23  0.641168
7 24  0.638416
7 25  0.612806
7 26  0.608798
7 27  0.627531
7 28  0.595553
7 29  0.626908
7 30  0.609567
8 9  0.594425
8 10  0.614274
8 11  0.617454
8 12  0.599958
8 13  0.616592
8 14  0.610282
8 15  0.610068
8 16  0.598849
8 17  0.591746
8 18  0.588531
8 19  0.593831
8 20  0.593503
8 21  0.625058
8 22  0.593549
8 23  0.632750
8 24  0.627924
8 25  0.594957
8 26  0.599768
8 27  0.619574
8 28  0.391338
8 29  0.618294
8 30  0.599022
9 10  0.593570
9 11  0.564677
9 12  0.524292
9 13  0.587963
9 14  0.597525
9 15  0.593411
9 16  0.570472
9 17  0.563717
9 18  0.560246
9 19  0.565206
9 20  0.564874
9 21  0.598289
9 22  0.601516
9 23  0.604061
9 24  0.558589
9 25  0.597335
9 26  0.522056
9 27  0.591915
9 28  0.598049
9 29  0.589882
9 30  0.301566
10 11  0.625083
10 12  0.598319
10 13  0.613459
10 14  0.600711
10 15  0.585298
10 16  0.591521
10 17  0.591368
10 18  0.583839
10 19  0.590739
10 20  0.590869
10 21  0.583337
10 22  0.625914
10 23  0.617867
10 24  0.631446
10 25  0.601215
10 26  0.597796
10 27  0.398188
10 28  0.621780
10 29  0.615613
10 30  0.598038
11 12  0.566466
11 13  0.620201
11 14  0.629123
11 15  0.624788
11 16  0.602786
11 17  0.579260
11 18  0.592381
11 19  0.597449
11 20  0.597114
11 21  0.630608
11 22  0.632378
11 23  0.636464
11 24  0.405742
11 25  0.625887
11 26  0.555300
11 27  0.624401
11 28  0.619592
11 29  0.622036
11 30  0.561761
12 13  0.592598
12 14  0.602606
12 15  0.598088
12 16  0.575044
12 17  0.564624
12 18  0.564930
12 19  0.569848
12 20  0.569506
12 21  0.602823
12 22  0.605892
12 23  0.608791
12 24  0.567554
12 25  0.601949
12 26  0.303125
12 27  0.596814
12 28  0.603909
12 29  0.594513
12 30  0.520338
13 14  0.618376
13 15  0.613681
13 16  0.588037
13 17  0.585693
13 18  0.553383
13 19  0.547171
13 20  0.548611
13 21  0.618609
13 22  0.621933
13 23  0.601500
13 24  0.626290
13 25  0.617821
13 26  0.592209
13 27  0.612232
13 28  0.619756
13 29  0.379398
13 30  0.592805
14 15  0.605352
14 16  0.595631
14 17  0.590204
14 18  0.590444
14 19  0.595549
14 20  0.595223
14 21  0.606988
14 22  0.601656
14 23  0.630993
14 24  0.633271
14 25  0.479828
14 26  0.602360
14 27  0.591229
14 28  0.609544
14 29  0.620420
14 30  0.602537
15 16  0.580889
15 17  0.590741
15 18  0.586012
15 19  0.591054
15 20  0.590477
15 21  0.402934
15 22  0.626364
15 23  0.627788
15 24  0.631825
15 25  0.591735
15 26  0.597495
15 27  0.583340
15 28  0.623190
15 29  0.615352
15 30  0.598051
16 17  0.568166
16 18  0.560485
16 19  0.567919
16 20  0.567094
16 21  0.576101
16 22  0.603108
16 23  0.581125
16 24  0.608974
16 25  0.597801
16 26  0.574886
16 27  0.591741
16 28  0.601486
16 29  0.590174
16 30  0.575488
17 18  0.558171
17 19  0.563092
17 20  0.562753
17 21  0.594524
17 22  0.575430
17 23  0.601998
17 24  0.582438
17 25  0.592087
17 26  0.564653
17 27  0.588686
17 28  0.594510
17 29  0.587759
17 30  0.566434
18 19  0.551101
18 20  0.552001
18 21  0.590636
18 22  0.594463
18 23  0.567428
18 24  0.598692
18 25  0.589423
18 26  0.564538
18 27  0.582755
18 28  0.592049
18 29  0.560110
18 30  0.565139
19 20  0.516115
19 21  0.596117
19 22  0.599466
19 23  0.597429
19 24  0.603631
19 25  0.595045
19 26  0.569463
19 27  0.589810
19 28  0.597159
19 29  0.559966
19 30  0.570066
20 21  0.595771
20 22  0.599127
20 23  0.595796
20 24  0.603293
20 25  0.594728
20 26  0.569123
20 27  0.589501
20 28  0.596818
20 29  0.558187
20 30  0.569727
21 22  0.623920
21 23  0.632945
21 24  0.636314
21 25  0.606706
21 26  0.602747
21 27  0.586279
21 28  0.623818
21 29  0.620571
21 30  0.603326
22 23  0.637251
22 24  0.637871
22 25  0.613810
22 26  0.605915
22 27  0.615132
22 28  0.595387
22 29  0.624145
22 30  0.606402
23 24  0.642570
23 25  0.632500
23 26  0.608501
23 27  0.616055
23 28  0.634954
23 29  0.612540
23 30  0.609097
24 25  0.634970
24 26  0.574907
24 27  0.629800
24 28  0.626370
24 29  0.628293
24 30  0.573537
25 26  0.601336
25 27  0.604481
25 28  0.608871
25 29  0.619582
25 30  0.601790
26 27  0.596575
26 28  0.601474
26 29  0.594123
26 30  0.528089
27 28  0.616046
27 29  0.613966
27 30  0.597098
28 29  0.621832
28 30  0.601194
29 30  0.594726
