  -1146.54408563
  -1146.90491458
0.00028892888600
2 2 2 2 2 2 2 2 2 2 2 2 2 2 2 0 0 0 0 0 0 0 0 0 0 0 0 0 0 0 
1  0.267130
2  0.294017
3  0.302775
4  0.290515
5  0.296370
6  0.282913
7  0.290629
8  0.305374
9  0.283511
10  0.267632
11  0.305791
12  0.315981
13  0.264796
14  0.264880
15  0.269931
16  0.274600
17  0.305249
18  0.317239
19  0.307910
20  0.292640
21  0.297199
22  0.270216
23  0.267258
24  0.285537
25  0.266908
26  0.305474
27  0.292273
28  0.299536
29  0.271922
30  0.285227
1 2  0.560291
1 3  0.567223
1 4  0.557594
1 5  0.562283
1 6  0.547147
1 7  0.557736
1 8  0.553034
1 9  0.545781
1 10  0.534754
1 11  0.570038
1 12  0.564426
1 13  0.531924
1 14  0.532009
1 15  0.537050
1 16  0.247792
1 17  0.566153
1 18  0.561852
1 19  0.558588
1 20  0.559406
1 21  0.564132
1 22  0.537306
1 23  0.534368
1 24  0.548449
1 25  0.534016
1 26  0.569118
1 27  0.559395
1 28  0.565234
1 29  0.538915
1 30  0.551388
2 3  0.589733
2 4  0.583559
2 5  0.554645
2 6  0.576851
2 7  0.576464
2 8  0.590494
2 9  0.577511
2 10  0.561573
2 11  0.582268
2 12  0.609352
2 13  0.557398
2 14  0.558315
2 15  0.563853
2 16  0.568449
2 17  0.574314
2 18  0.610984
2 19  0.600268
2 20  0.585180
2 21  0.334968
2 22  0.564178
2 23  0.559608
2 24  0.579394
2 25  0.560629
2 26  0.596807
2 27  0.578438
2 28  0.554216
2 29  0.565910
2 30  0.578897
3 4  0.593106
3 5  0.594571
3 6  0.583343
3 7  0.592923
3 8  0.571472
3 9  0.585120
3 10  0.570396
3 11  0.586109
3 12  0.608878
3 13  0.567486
3 14  0.567635
3 15  0.572691
3 16  0.573035
3 17  0.579168
3 18  0.609686
3 19  0.569954
3 20  0.595365
3 21  0.597150
3 22  0.572970
3 23  0.569697
3 24  0.587917
3 25  0.569620
3 26  0.360356
3 27  0.594285
3 28  0.600495
3 29  0.574672
3 30  0.585930
4 5  0.579124
4 6  0.573428
4 7  0.574193
4 8  0.595480
4 9  0.574026
4 10  0.524798
4 11  0.595745
4 12  0.606485
4 13  0.554256
4 14  0.553690
4 15  0.524922
4 16  0.564774
4 17  0.592498
4 18  0.607733
4 19  0.598051
4 20  0.344827
4 21  0.586559
4 22  0.518063
4 23  0.557594
4 24  0.576015
4 25  0.555417
4 26  0.595964
4 27  0.572515
4 28  0.580714
4 29  0.517823
4 30  0.575719
5 6  0.579270
5 7  0.586281
5 8  0.594434
5 9  0.579859
5 10  0.563191
5 11  0.580382
5 12  0.612010
5 13  0.560924
5 14  0.561164
5 15  0.564650
5 16  0.569529
5 17  0.573762
5 18  0.613424
5 19  0.601626
5 20  0.579233
5 21  0.553680
5 22  0.566305
5 23  0.563595
5 24  0.581769
5 25  0.563228
5 26  0.600081
5 27  0.586408
5 28  0.340250
5 29  0.566277
5 30  0.581520
6 7  0.573538
6 8  0.588065
6 9  0.518224
6 10  0.550545
6 11  0.588276
6 12  0.561929
6 13  0.547707
6 14  0.547792
6 15  0.552844
6 16  0.556259
6 17  0.587871
6 18  0.554418
6 19  0.590623
6 20  0.575484
6 21  0.579653
6 22  0.553130
6 23  0.550138
6 24  0.514881
6 25  0.549817
6 26  0.586503
6 27  0.575038
6 28  0.582230
6 29  0.554831
6 30  0.289457
7 8  0.595584
7 9  0.574138
7 10  0.556890
7 11  0.595516
7 12  0.606583
7 13  0.520166
7 14  0.520795
7 15  0.559846
7 16  0.565228
7 17  0.592495
7 18  0.607709
7 19  0.598438
7 20  0.573628
7 21  0.579039
7 22  0.559188
7 23  0.513930
7 24  0.576117
7 25  0.513225
7 26  0.595299
7 27  0.345709
7 28  0.588559
7 29  0.562371
7 30  0.575743
8 9  0.588629
8 10  0.572981
8 11  0.591110
8 12  0.619108
8 13  0.570130
8 14  0.570243
8 15  0.575239
8 16  0.563867
8 17  0.583953
8 18  0.619762
8 19  0.362845
8 20  0.597670
8 21  0.600822
8 22  0.575522
8 23  0.572517
8 24  0.590519
8 25  0.572244
8 26  0.571286
8 27  0.597569
8 28  0.602286
8 29  0.577080
8 30  0.590447
9 10  0.551142
9 11  0.588999
9 12  0.563332
9 13  0.548305
9 14  0.548389
9 15  0.553441
9 16  0.553504
9 17  0.588684
9 18  0.556288
9 19  0.590869
9 20  0.576065
9 21  0.580508
9 22  0.553726
9 23  0.550760
9 24  0.289442
9 25  0.550419
9 26  0.588673
9 27  0.575709
9 28  0.582762
9 29  0.555420
9 30  0.514440
10 11  0.573280
10 12  0.583611
10 13  0.532249
10 14  0.532047
10 15  0.488904
10 16  0.542163
10 17  0.572858
10 18  0.584831
10 19  0.575428
10 20  0.518536
10 21  0.564757
10 22  0.262608
10 23  0.534719
10 24  0.553168
10 25  0.533519
10 26  0.573063
10 27  0.558313
10 28  0.566863
10 29  0.486247
10 30  0.552857
11 12  0.621075
11 13  0.570259
11 14  0.570560
11 15  0.575503
11 16  0.574528
11 17  0.413816
11 18  0.619149
11 19  0.588358
11 20  0.595273
11 21  0.579289
11 22  0.575983
11 23  0.572602
11 24  0.591286
11 25  0.572678
11 26  0.581419
11 27  0.595069
11 28  0.575997
11 29  0.577274
11 30  0.590678
12 13  0.580771
12 14  0.580858
12 15  0.585910
12 16  0.567916
12 17  0.617213
12 18  0.390769
12 19  0.621478
12 20  0.608613
12 21  0.612860
12 22  0.586181
12 23  0.583156
12 24  0.555102
12 25  0.582865
12 26  0.610942
12 27  0.608113
12 28  0.615404
12 29  0.587879
12 30  0.555275
13 14  0.485083
13 15  0.534663
13 16  0.539337
13 17  0.569668
13 18  0.581917
13 19  0.572495
13 20  0.557156
13 21  0.560373
13 22  0.534812
13 23  0.261852
13 24  0.550327
13 25  0.482243
13 26  0.569874
13 27  0.512706
13 28  0.564307
13 29  0.536593
13 30  0.549994
14 15  0.534618
14 16  0.539429
14 17  0.570111
14 18  0.582073
14 19  0.572705
14 20  0.555443
14 21  0.561830
14 22  0.534036
14 23  0.481298
14 24  0.550417
14 25  0.257759
14 26  0.570272
14 27  0.515083
14 28  0.564340
14 29  0.536686
14 30  0.550102
15 16  0.544330
15 17  0.574750
15 18  0.587101
15 19  0.577475
15 20  0.518924
15 21  0.567101
15 22  0.486688
15 23  0.537065
15 24  0.555464
15 25  0.536711
15 26  0.575309
15 27  0.562037
15 28  0.567591
15 29  0.265951
15 30  0.555158
16 17  0.576679
16 18  0.570621
16 19  0.560640
16 20  0.567164
16 21  0.570702
16 22  0.544808
16 23  0.541856
16 24  0.555131
16 25  0.541507
16 26  0.577155
16 27  0.566831
16 28  0.572666
16 29  0.546511
16 30  0.555980
17 18  0.621614
17 19  0.593356
17 20  0.597107
17 21  0.584666
17 22  0.575314
17 23  0.572142
17 24  0.590462
17 25  0.572012
17 26  0.589646
17 27  0.596457
17 28  0.584138
17 29  0.576924
17 30  0.589990
18 19  0.623018
18 20  0.609862
18 21  0.613715
18 22  0.587454
18 23  0.584492
18 24  0.567273
18 25  0.584145
18 26  0.612158
18 27  0.609471
18 28  0.616323
18 29  0.589158
18 30  0.565694
19 20  0.600014
19 21  0.595360
19 22  0.578096
19 23  0.575124
19 24  0.593250
19 25  0.574805
19 26  0.574495
19 27  0.599647
19 28  0.599747
19 29  0.579766
19 30  0.592864
20 21  0.588893
20 22  0.529768
20 23  0.558479
20 24  0.578177
20 25  0.557595
20 26  0.597827
20 27  0.576503
20 28  0.582815
20 29  0.529654
20 30  0.577866
21 22  0.567338
21 23  0.562757
21 24  0.582704
21 25  0.563267
21 26  0.595225
21 27  0.579899
21 28  0.559034
21 29  0.569004
21 30  0.582318
22 23  0.537222
22 24  0.555753
22 25  0.536619
22 26  0.575677
22 27  0.560844
22 28  0.568616
22 29  0.492484
22 30  0.555443
23 24  0.552794
23 25  0.488595
23 26  0.572643
23 27  0.524349
23 28  0.566545
23 29  0.539105
23 30  0.552483
24 25  0.552444
24 26  0.589110
24 27  0.577806
24 28  0.585057
24 29  0.557458
24 30  0.521878
25 26  0.572352
25 27  0.525235
25 28  0.566344
25 29  0.538574
25 30  0.552134
26 27  0.597132
26 28  0.599226
26 29  0.577375
26 30  0.587915
27 28  0.591108
27 29  0.563169
27 30  0.577492
28 29  0.569573
28 30  0.584734
29 30  0.557148
