  -1146.54408563
  -1146.90849928
0.00017801885200
2 2 2 2 2 2 2 2 2 2 2 2 2 2 2 0 0 0 0 0 0 0 0 0 0 0 0 0 0 0 
1  0.271557
2  0.301946
3  0.309566
4  0.302416
5  0.305153
6  0.284975
7  0.301945
8  0.311871
9  0.285299
10  0.275872
11  0.313236
12  0.319180
13  0.275691
14  0.275460
15  0.278572
16  0.279419
17  0.312109
18  0.320601
19  0.314203
20  0.304592
21  0.305088
22  0.278272
23  0.278296
24  0.287380
25  0.277478
26  0.312404
27  0.303894
28  0.308349
29  0.280584
30  0.287444
1 2  0.572432
1 3  0.578356
1 4  0.573898
1 5  0.575256
1 6  0.553531
1 7  0.573471
1 8  0.562747
1 9  0.551805
1 10  0.547416
1 11  0.581668
1 12  0.571794
1 13  0.547247
1 14  0.547016
1 15  0.550110
1 16  0.255972
1 17  0.577456
1 18  0.569708
1 19  0.568950
1 20  0.575730
1 21  0.576425
1 22  0.549776
1 23  0.549824
1 24  0.554650
1 25  0.549011
1 26  0.580479
1 27  0.575445
1 28  0.578359
1 29  0.551947
1 30  0.557980
2 3  0.603727
2 4  0.603276
2 5  0.571430
2 6  0.586822
2 7  0.594951
2 8  0.604023
2 9  0.587217
2 10  0.577744
2 11  0.597401
2 12  0.620373
2 13  0.575949
2 14  0.576718
2 15  0.580407
2 16  0.581155
2 17  0.589148
2 18  0.622272
2 19  0.614251
2 20  0.605077
2 21  0.349388
2 22  0.580159
2 23  0.578441
2 24  0.589113
2 25  0.579090
2 26  0.611471
2 27  0.597816
2 28  0.571246
2 29  0.582485
2 30  0.588972
3 4  0.611744
3 5  0.609600
3 6  0.592002
3 7  0.610927
3 8  0.584758
3 9  0.593456
3 10  0.585425
3 11  0.599605
3 12  0.618224
3 13  0.585138
3 14  0.584996
3 15  0.588118
3 16  0.584644
3 17  0.592524
3 18  0.619732
3 19  0.583138
3 20  0.614100
3 21  0.611722
3 22  0.587807
3 23  0.587490
3 24  0.596492
3 25  0.586982
3 26  0.373022
3 27  0.612671
3 28  0.615935
3 29  0.590115
3 30  0.594877
4 5  0.598760
4 6  0.587390
4 7  0.596922
4 8  0.613767
4 9  0.587714
4 10  0.543305
4 11  0.614985
4 12  0.621581
4 13  0.576995
4 14  0.575984
4 15  0.543318
4 16  0.581396
4 17  0.611293
4 18  0.622993
4 19  0.616209
4 20  0.367058
4 21  0.606303
4 22  0.535351
4 23  0.580462
4 24  0.589735
4 25  0.577824
4 26  0.614784
4 27  0.595981
4 28  0.601176
4 29  0.535749
4 30  0.589820
5 6  0.590105
5 7  0.606325
5 8  0.609056
5 9  0.590423
5 10  0.580000
5 11  0.595806
5 12  0.623908
5 13  0.580568
5 14  0.580509
5 15  0.581741
5 16  0.583000
5 17  0.589059
5 18  0.625569
5 19  0.616564
5 20  0.599850
5 21  0.570628
5 22  0.583071
5 23  0.583404
5 24  0.592361
5 25  0.582567
5 26  0.615603
5 27  0.606848
5 28  0.356170
5 29  0.583671
5 30  0.592499
6 7  0.586913
6 8  0.596567
6 9  0.522287
6 10  0.560846
6 11  0.597687
6 12  0.567120
6 13  0.560662
6 14  0.560433
6 15  0.563546
6 16  0.563097
6 17  0.596790
6 18  0.559862
6 19  0.598934
6 20  0.589477
6 21  0.589530
6 22  0.563247
6 23  0.563226
6 24  0.519084
6 25  0.562448
6 26  0.595444
6 27  0.588681
6 28  0.593083
6 29  0.565553
6 30  0.293715
7 8  0.613300
7 9  0.587240
7 10  0.576275
7 11  0.614154
7 12  0.621089
7 13  0.540635
7 14  0.541139
7 15  0.579709
7 16  0.581362
7 17  0.610783
7 18  0.622362
7 19  0.616034
7 20  0.596744
7 21  0.598056
7 22  0.578482
7 23  0.534310
7 24  0.589261
7 25  0.532911
7 26  0.613522
7 27  0.366328
7 28  0.608698
7 29  0.582276
7 30  0.589230
8 9  0.596915
8 10  0.587706
8 11  0.604873
8 12  0.628686
8 13  0.587509
8 14  0.587317
8 15  0.590355
8 16  0.574613
8 17  0.597207
8 18  0.629581
8 19  0.374654
8 20  0.616102
8 21  0.614993
8 22  0.590047
8 23  0.590028
8 24  0.598843
8 25  0.589296
8 26  0.584869
8 27  0.615678
8 28  0.617466
8 29  0.592175
8 30  0.599115
9 10  0.561169
9 11  0.598173
9 12  0.568476
9 13  0.560987
9 14  0.560757
9 15  0.563869
9 16  0.560082
9 17  0.597322
9 18  0.561557
9 19  0.598960
9 20  0.589771
9 21  0.590124
9 22  0.563568
9 23  0.563586
9 24  0.292995
9 25  0.562777
9 26  0.597338
9 27  0.589106
9 28  0.593324
9 29  0.565859
9 30  0.518753
10 11  0.588919
10 12  0.595051
10 13  0.551356
10 14  0.550845
10 15  0.505431
10 16  0.555204
10 17  0.587955
10 18  0.596408
10 19  0.589922
10 20  0.535794
10 21  0.580890
10 22  0.277247
10 23  0.554021
10 24  0.563251
10 25  0.552393
10 26  0.588186
10 27  0.578087
10 28  0.583870
10 29  0.502443
10 30  0.563310
11 12  0.631627
11 13  0.588496
11 14  0.588556
11 15  0.591511
11 16  0.586759
11 17  0.427478
11 18  0.629851
11 19  0.601969
11 20  0.614671
11 21  0.594542
11 22  0.591476
11 23  0.591054
11 24  0.600564
11 25  0.590685
11 26  0.595310
11 27  0.614176
11 28  0.591915
11 29  0.593324
11 30  0.600315
12 13  0.594863
12 14  0.594636
12 15  0.597750
12 16  0.575986
12 17  0.627269
12 18  0.397447
12 19  0.630937
12 20  0.623760
12 21  0.623945
12 22  0.597424
12 23  0.597353
12 24  0.560259
12 25  0.596621
12 26  0.621005
12 27  0.622896
12 28  0.627410
12 29  0.599718
12 30  0.560712
13 14  0.504255
13 15  0.554188
13 16  0.555031
13 17  0.587418
13 18  0.596133
13 19  0.589643
13 20  0.579953
13 21  0.579045
13 22  0.553774
13 23  0.279428
13 24  0.563064
13 25  0.501454
13 26  0.587638
13 27  0.533276
13 28  0.584007
13 29  0.556165
13 30  0.563089
14 15  0.553830
14 16  0.554810
14 17  0.587544
14 18  0.596003
14 19  0.589555
14 20  0.577953
14 21  0.580252
14 22  0.552723
14 23  0.500509
14 24  0.562839
14 25  0.275376
14 26  0.587772
14 27  0.534684
14 28  0.583724
14 29  0.555937
14 30  0.562897
15 16  0.557749
15 17  0.590206
15 18  0.599087
15 19  0.592394
15 20  0.536667
15 21  0.583611
15 22  0.502681
15 23  0.556756
15 24  0.565944
15 25  0.555936
15 26  0.590874
15 27  0.582198
15 28  0.584922
15 29  0.281692
15 30  0.566015
16 17  0.588099
16 18  0.578525
16 19  0.570505
16 20  0.583899
16 21  0.583235
16 22  0.557678
16 23  0.557713
16 24  0.561616
16 25  0.556897
16 26  0.588806
16 27  0.583264
16 28  0.586099
16 29  0.559982
16 30  0.562885
17 18  0.631719
17 19  0.606363
17 20  0.615804
17 21  0.599268
17 22  0.590193
17 23  0.589950
17 24  0.599100
17 25  0.589412
17 26  0.602838
17 27  0.614813
17 28  0.599209
17 29  0.592359
17 30  0.598983
18 19  0.632533
18 20  0.625171
18 21  0.624801
18 22  0.598872
18 23  0.598887
18 24  0.572649
18 25  0.598075
18 26  0.621746
18 27  0.624436
18 28  0.628385
18 29  0.601182
18 30  0.571146
19 20  0.618149
19 21  0.608766
19 22  0.592433
19 23  0.592439
19 24  0.601361
19 25  0.591665
19 26  0.587762
19 27  0.617462
19 28  0.614206
19 29  0.594689
19 30  0.601315
20 21  0.608663
20 22  0.548143
20 23  0.581390
20 24  0.591971
20 25  0.579949
20 26  0.616632
20 27  0.599539
20 28  0.602625
20 29  0.548015
20 30  0.592035
21 22  0.583277
21 23  0.581292
21 24  0.592424
21 25  0.581516
21 26  0.609364
21 27  0.598662
21 28  0.575849
21 29  0.585513
21 30  0.592411
22 23  0.556300
22 24  0.565651
22 25  0.555224
22 26  0.590661
22 27  0.580345
22 28  0.585199
22 29  0.509117
22 30  0.565716
23 24  0.565674
23 25  0.508011
23 26  0.590575
23 27  0.545217
23 28  0.586349
23 29  0.558802
23 30  0.565737
24 25  0.564857
24 26  0.597628
24 27  0.591268
24 28  0.595708
24 29  0.567963
24 30  0.526194
25 26  0.589839
25 27  0.545742
25 28  0.585715
25 29  0.557800
25 30  0.564921
26 27  0.615574
26 28  0.614327
26 29  0.592957
26 30  0.596781
27 28  0.611493
27 29  0.583293
27 30  0.591327
28 29  0.586600
28 30  0.595759
29 30  0.568027
