  -1146.54408563
  -1146.91009130
0.00008003935730
2 2 2 2 2 2 2 2 2 2 2 2 2 2 2 0 0 0 0 0 0 0 0 0 0 0 0 0 0 0 
1  0.273047
2  0.305456
3  0.311893
4  0.309467
5  0.309466
6  0.285656
7  0.307794
8  0.314108
9  0.285867
10  0.280819
11  0.316018
12  0.320300
13  0.280686
14  0.281312
15  0.283402
16  0.281038
17  0.314879
18  0.321711
19  0.316451
20  0.311460
21  0.308590
22  0.283325
23  0.283332
24  0.287953
25  0.283419
26  0.314722
27  0.309583
28  0.312691
29  0.285487
30  0.288144
1 2  0.577358
1 3  0.582153
1 4  0.582422
1 5  0.580962
1 6  0.555685
1 7  0.580800
1 8  0.566049
1 9  0.553839
1 10  0.553846
1 11  0.585879
1 12  0.574343
1 13  0.553731
1 14  0.554358
1 15  0.556421
1 16  0.258853
1 17  0.581715
1 18  0.572333
1 19  0.572588
1 20  0.584039
1 21  0.581413
1 22  0.556294
1 23  0.556342
1 24  0.556724
1 25  0.556435
1 26  0.584281
1 27  0.582624
1 28  0.584150
1 29  0.558267
1 30  0.560160
2 3  0.609355
2 4  0.613810
2 5  0.579379
2 6  0.591004
2 7  0.603972
2 8  0.609484
2 9  0.591290
2 10  0.586202
2 11  0.603623
2 12  0.624943
2 13  0.584262
2 14  0.585935
2 15  0.588712
2 16  0.586270
2 17  0.595463
2 18  0.626869
2 19  0.619937
2 20  0.615439
2 21  0.356071
2 22  0.588708
2 23  0.586885
2 24  0.593185
2 25  0.588493
2 26  0.617292
2 27  0.606970
2 28  0.579282
2 29  0.590885
2 30  0.593138
3 4  0.621079
3 5  0.616008
3 6  0.594951
3 7  0.619054
3 8  0.589385
3 9  0.596303
3 10  0.592695
3 11  0.604506
3 12  0.621463
3 13  0.592434
3 14  0.593161
3 15  0.595264
3 16  0.588588
3 17  0.597502
3 18  0.623146
3 19  0.587806
3 20  0.623291
3 21  0.617556
3 22  0.595168
3 23  0.594797
3 24  0.599368
3 25  0.595244
3 26  0.377500
3 27  0.620676
3 28  0.622522
3 29  0.597338
3 30  0.597907
4 5  0.609610
4 6  0.595122
4 7  0.609550
4 8  0.623004
4 9  0.595333
4 10  0.553842
4 11  0.624761
4 12  0.629749
4 13  0.588959
4 14  0.588719
4 15  0.553918
4 16  0.590016
4 17  0.621138
4 18  0.631149
4 19  0.625491
4 20  0.379961
4 21  0.616838
4 22  0.545871
4 23  0.592496
4 24  0.597347
4 25  0.590777
4 26  0.624147
4 27  0.608664
4 28  0.612463
4 29  0.546401
4 30  0.597567
5 6  0.595095
5 7  0.616460
5 8  0.615407
5 9  0.595301
5 10  0.589037
5 11  0.602612
5 12  0.629298
5 13  0.589845
5 14  0.590658
5 15  0.590540
5 16  0.588890
5 17  0.596085
5 18  0.630969
5 19  0.623106
5 20  0.610948
5 21  0.578616
5 22  0.592395
5 23  0.592745
5 24  0.597199
5 25  0.592807
5 26  0.622156
5 27  0.616872
5 28  0.364389
5 29  0.592701
5 30  0.597504
6 7  0.593441
6 8  0.599466
6 9  0.523619
6 10  0.566474
6 11  0.601110
6 12  0.568933
6 13  0.566337
6 14  0.566965
6 15  0.569057
6 16  0.565382
6 17  0.600240
6 18  0.561697
6 19  0.601857
6 20  0.597021
6 21  0.593655
6 22  0.568981
6 23  0.568925
6 24  0.520453
6 25  0.569066
6 26  0.598450
6 27  0.595023
6 28  0.598100
6 29  0.571136
6 30  0.295150
7 8  0.621336
7 9  0.593655
7 10  0.586858
7 11  0.622721
7 12  0.628051
7 13  0.551004
7 14  0.551361
7 15  0.590327
7 16  0.588829
7 17  0.619462
7 18  0.629311
7 19  0.624134
7 20  0.609406
7 21  0.607384
7 22  0.589315
7 23  0.544277
7 24  0.595664
7 25  0.542962
7 26  0.621679
7 27  0.377725
7 28  0.618886
7 29  0.592975
7 30  0.595747
8 9  0.599715
8 10  0.594877
8 11  0.609888
8 12  0.632013
8 13  0.594727
8 14  0.595405
8 15  0.597396
8 16  0.578323
8 17  0.602198
8 18  0.632907
8 19  0.378945
8 20  0.625179
8 21  0.620656
8 22  0.597332
8 23  0.597280
8 24  0.601654
8 25  0.597454
8 26  0.589563
8 27  0.623601
8 28  0.624030
8 29  0.599270
8 30  0.602043
9 10  0.566684
9 11  0.601491
9 12  0.570250
9 13  0.566549
9 14  0.567177
9 15  0.569266
9 16  0.562277
9 17  0.600652
9 18  0.563297
9 19  0.601788
9 20  0.597199
9 21  0.594178
9 22  0.569186
9 23  0.569188
9 24  0.294185
9 25  0.569286
9 26  0.600204
9 27  0.595355
9 28  0.598176
9 29  0.571321
9 30  0.520136
10 11  0.596589
10 12  0.601118
10 13  0.561272
10 14  0.561601
10 15  0.515545
10 16  0.561740
10 17  0.595669
10 18  0.602450
10 19  0.597106
10 20  0.546147
10 21  0.589320
10 22  0.286588
10 23  0.563997
10 24  0.568772
10 25  0.563304
10 26  0.595421
10 27  0.588653
10 28  0.593117
10 29  0.512325
10 30  0.568956
11 12  0.635494
11 13  0.596206
11 14  0.597154
11 15  0.599048
11 16  0.591162
11 17  0.433268
11 18  0.633717
11 19  0.606989
11 20  0.624330
11 21  0.600846
11 22  0.599309
11 23  0.598858
11 24  0.603913
11 25  0.599402
11 26  0.600294
11 27  0.622688
11 28  0.598939
11 29  0.600973
11 30  0.603791
12 13  0.600974
12 14  0.601605
12 15  0.603699
12 16  0.578728
12 17  0.631128
12 18  0.399842
12 19  0.634287
12 20  0.631746
12 21  0.628548
12 22  0.603588
12 23  0.603482
12 24  0.562016
12 25  0.603676
12 26  0.624418
12 27  0.629696
12 28  0.632856
12 29  0.605731
12 30  0.562575
13 14  0.514088
13 15  0.564000
13 16  0.561632
13 17  0.595153
13 18  0.602213
13 19  0.596860
13 20  0.591769
13 21  0.587425
13 22  0.563822
13 23  0.288273
13 24  0.568628
13 25  0.511319
13 26  0.594887
13 27  0.543139
13 28  0.593335
13 29  0.566046
13 30  0.568768
14 15  0.564502
14 16  0.562268
14 17  0.596157
14 18  0.602959
14 19  0.597621
14 20  0.590657
14 21  0.589566
14 22  0.563658
14 23  0.510403
14 24  0.569265
14 25  0.286329
14 26  0.595937
14 27  0.544673
14 28  0.593894
14 29  0.566674
14 30  0.569447
15 16  0.564106
15 17  0.597766
15 18  0.605007
15 19  0.599406
15 20  0.547305
15 21  0.591929
15 22  0.512536
15 23  0.566612
15 24  0.571344
15 25  0.566696
15 26  0.598006
15 27  0.592674
15 28  0.593863
15 29  0.290450
15 30  0.571545
16 17  0.592412
16 18  0.581199
16 19  0.573936
16 20  0.592367
16 21  0.588287
16 22  0.564341
16 23  0.564367
16 24  0.563783
16 25  0.564455
16 26  0.592721
16 27  0.590561
16 28  0.591947
16 29  0.566495
16 30  0.565179
17 18  0.635564
17 19  0.611358
17 20  0.625383
17 21  0.605485
17 22  0.597968
17 23  0.597686
17 24  0.602414
17 25  0.598084
17 26  0.607739
17 27  0.623209
17 28  0.606056
17 29  0.599965
17 30  0.602414
18 19  0.635863
18 20  0.633146
18 21  0.629343
18 22  0.605034
18 23  0.605029
18 24  0.574417
18 25  0.605121
18 26  0.624972
18 27  0.631229
18 28  0.633795
18 29  0.607195
18 30  0.572954
19 20  0.627213
19 21  0.614248
19 22  0.599718
19 23  0.599706
19 24  0.604179
19 25  0.599849
19 26  0.592382
19 27  0.625359
19 28  0.620598
19 29  0.601821
19 30  0.604246
20 21  0.619011
20 22  0.558533
20 23  0.593224
20 24  0.599412
20 25  0.592605
20 26  0.625783
20 27  0.611870
20 28  0.613375
20 29  0.558507
20 30  0.599603
21 22  0.591829
21 23  0.589595
21 24  0.596491
21 25  0.590782
21 26  0.614987
21 27  0.607545
21 28  0.583795
21 29  0.593885
21 30  0.596601
22 23  0.566353
22 24  0.571277
22 25  0.566168
22 26  0.598030
22 27  0.590879
22 28  0.594359
22 29  0.519424
22 30  0.571468
23 24  0.571281
23 25  0.517996
23 26  0.597907
23 27  0.555442
23 28  0.595697
23 29  0.568728
23 30  0.571470
24 25  0.571370
24 26  0.600445
24 27  0.597527
24 28  0.600622
24 29  0.573439
24 30  0.527554
25 26  0.598082
25 27  0.555990
25 28  0.595986
25 29  0.568628
25 30  0.571559
26 27  0.623530
26 28  0.620714
26 29  0.600166
26 30  0.599735
27 28  0.621501
27 29  0.593790
27 30  0.597714
28 29  0.595498
28 30  0.600794
29 30  0.573630
