  -1146.54408563
  -1146.91078378
0.00000079895406
2 2 2 2 2 2 2 2 2 2 2 2 2 2 2 0 0 0 0 0 0 0 0 0 0 0 0 0 0 0 
1  0.273669
2  0.307432
3  0.312926
4  0.312902
5  0.311999
6  0.285939
7  0.310925
8  0.315142
9  0.286099
10  0.283417
11  0.317366
12  0.320742
13  0.283674
14  0.284262
15  0.286262
16  0.281705
17  0.316213
18  0.322156
19  0.317488
20  0.314778
21  0.310587
22  0.285998
23  0.286358
24  0.288182
25  0.286421
26  0.315760
27  0.312658
28  0.315270
29  0.288398
30  0.288433
1 2  0.579922
1 3  0.583799
1 4  0.586467
1 5  0.584085
1 6  0.556588
1 7  0.584547
1 8  0.567542
1 9  0.554689
1 10  0.557058
1 11  0.587827
1 12  0.575397
1 13  0.557341
1 14  0.557931
1 15  0.559893
1 16  0.260085
1 17  0.583682
1 18  0.573420
1 19  0.574208
1 20  0.587983
1 21  0.584029
1 22  0.559580
1 23  0.559986
1 24  0.557583
1 25  0.560054
1 26  0.585941
1 27  0.586320
1 28  0.587353
1 29  0.561749
1 30  0.561068
2 3  0.612284
2 4  0.619186
2 5  0.584016
2 6  0.593260
2 7  0.608839
2 8  0.612351
2 9  0.593495
2 10  0.590770
2 11  0.606935
2 12  0.627346
2 13  0.589065
2 14  0.590760
2 15  0.593531
2 16  0.588911
2 17  0.598820
2 18  0.629290
2 19  0.622914
2 20  0.620721
2 21  0.359903
2 22  0.593350
2 23  0.591834
2 24  0.595391
2 25  0.593427
2 26  0.620303
2 27  0.612008
2 28  0.584007
2 29  0.595757
2 30  0.595390
3 4  0.625519
3 5  0.619467
3 6  0.596249
3 7  0.623198
3 8  0.591510
3 9  0.597549
3 10  0.596325
3 11  0.606816
3 12  0.622862
3 13  0.596438
3 14  0.597133
3 15  0.599146
3 16  0.590289
3 17  0.599836
3 18  0.624622
3 19  0.589959
3 20  0.627637
3 21  0.620584
3 22  0.598855
3 23  0.598849
3 24  0.600621
3 25  0.599277
3 26  0.379564
3 27  0.624800
3 28  0.626102
3 29  0.601278
3 30  0.599236
4 5  0.615182
4 6  0.598839
4 7  0.615994
4 8  0.627447
4 9  0.599000
4 10  0.559390
4 11  0.629510
4 12  0.633623
4 13  0.595347
4 14  0.595042
4 15  0.559596
4 16  0.594112
4 17  0.625956
4 18  0.635026
4 19  0.629970
4 20  0.386399
4 21  0.622245
4 22  0.551407
4 23  0.598920
4 24  0.601004
4 25  0.597211
4 26  0.628615
4 27  0.615153
4 28  0.618429
4 29  0.552102
4 30  0.601287
5 6  0.597907
5 7  0.622097
5 8  0.618895
5 9  0.598064
5 10  0.593967
5 11  0.606390
5 12  0.632256
5 13  0.595352
5 14  0.596133
5 15  0.595624
5 16  0.592093
5 17  0.599957
5 18  0.633942
5 19  0.626667
5 20  0.616786
5 21  0.583302
5 22  0.597536
5 23  0.598295
5 24  0.599939
5 25  0.598337
5 26  0.625693
5 27  0.622493
5 28  0.369327
5 29  0.598005
5 30  0.600328
6 7  0.596853
6 8  0.600777
6 9  0.524168
6 10  0.569353
6 11  0.602727
6 12  0.569672
6 13  0.569605
6 14  0.570195
6 15  0.572198
6 16  0.566329
6 17  0.601856
6 18  0.562453
6 19  0.603173
6 20  0.600619
6 21  0.595919
6 22  0.571936
6 23  0.572221
6 24  0.521013
6 25  0.572351
6 26  0.599775
6 27  0.598368
6 28  0.600961
6 29  0.574326
6 30  0.295762
7 8  0.625476
7 9  0.597016
7 10  0.592497
7 11  0.627166
7 12  0.631621
7 13  0.556700
7 14  0.556704
7 15  0.596279
7 16  0.592627
7 17  0.623985
7 18  0.632887
7 19  0.628302
7 20  0.615835
7 21  0.612511
7 22  0.595103
7 23  0.549775
7 24  0.599025
7 25  0.548250
7 26  0.625864
7 27  0.383798
7 28  0.624589
7 29  0.598983
7 30  0.599152
8 9  0.600981
8 10  0.598497
8 11  0.612288
8 12  0.633476
8 13  0.598732
8 14  0.599387
8 15  0.601271
8 16  0.579974
8 17  0.604579
8 18  0.634380
8 19  0.380969
8 20  0.629530
8 21  0.623650
8 22  0.601034
8 23  0.601342
8 24  0.602923
8 25  0.601479
8 26  0.591727
8 27  0.627709
8 28  0.627636
8 29  0.603183
8 30  0.603362
9 10  0.569512
9 11  0.603058
9 12  0.570968
9 13  0.569768
9 14  0.570359
9 15  0.572358
9 16  0.563182
9 17  0.602214
9 18  0.564014
9 19  0.603060
9 20  0.600738
9 21  0.596404
9 22  0.572090
9 23  0.572443
9 24  0.294682
9 25  0.572520
9 26  0.601465
9 27  0.598667
9 28  0.600971
9 29  0.574455
9 30  0.520707
10 11  0.600497
10 12  0.604158
10 13  0.566838
10 14  0.567124
10 15  0.521145
10 16  0.565002
10 17  0.599595
10 18  0.605486
10 19  0.600731
10 20  0.551484
10 21  0.593907
10 22  0.291611
10 23  0.569612
10 24  0.571598
10 25  0.568910
10 26  0.599032
10 27  0.594315
10 28  0.598233
10 29  0.517892
10 30  0.571843
11 12  0.637270
11 13  0.600503
11 14  0.601430
11 15  0.603208
11 16  0.593182
11 17  0.436151
11 18  0.635513
11 19  0.609388
11 20  0.629033
11 21  0.604225
11 22  0.603326
11 23  0.603227
11 24  0.605488
11 25  0.603747
11 26  0.602654
11 27  0.627158
11 28  0.602878
11 29  0.605210
11 30  0.605428
12 13  0.604402
12 14  0.604994
12 15  0.607001
12 16  0.579853
12 17  0.632913
12 18  0.400836
12 19  0.635759
12 20  0.635505
12 21  0.630987
12 22  0.606698
12 23  0.606936
12 24  0.562723
12 25  0.607123
12 26  0.625890
12 27  0.633209
12 28  0.635873
12 29  0.609071
12 30  0.563330
13 14  0.519683
13 15  0.569837
13 16  0.565283
13 17  0.599473
13 18  0.605628
13 19  0.600888
13 20  0.598043
13 21  0.592365
13 22  0.569474
13 23  0.293079
13 24  0.571844
13 25  0.516817
13 26  0.598907
13 27  0.548720
13 28  0.598895
13 29  0.571937
13 30  0.572032
14 15  0.570300
14 16  0.565878
14 17  0.600434
14 18  0.606359
14 19  0.601595
14 20  0.596923
14 21  0.594471
14 22  0.569290
14 23  0.516061
14 24  0.572444
14 25  0.291833
14 26  0.599921
14 27  0.549898
14 28  0.599417
14 29  0.572520
14 30  0.572687
15 16  0.567582
15 17  0.601937
15 18  0.608293
15 19  0.603263
15 20  0.552910
15 21  0.596771
15 22  0.518087
15 23  0.572491
15 24  0.574430
15 25  0.572545
15 26  0.601895
15 27  0.598577
15 28  0.599188
15 29  0.295847
15 30  0.574695
16 17  0.594387
16 18  0.582300
16 19  0.575471
16 20  0.596346
16 21  0.590924
16 22  0.567673
16 23  0.568061
16 24  0.564678
16 25  0.568125
16 26  0.594417
16 27  0.594296
16 28  0.595154
16 29  0.570061
16 30  0.566132
17 18  0.637327
17 19  0.613736
17 20  0.629995
17 21  0.608811
17 22  0.601934
17 23  0.602010
17 24  0.603966
17 25  0.602395
17 26  0.610054
17 27  0.627585
17 28  0.609887
17 29  0.604167
17 30  0.604023
18 19  0.637330
18 20  0.636906
18 21  0.631759
18 22  0.608152
18 23  0.608498
18 24  0.575139
18 25  0.608564
18 26  0.626376
18 27  0.634749
18 28  0.636804
18 29  0.610550
18 30  0.573698
19 20  0.631541
19 21  0.617165
19 22  0.603411
19 23  0.603754
19 24  0.605445
19 25  0.603882
19 26  0.594517
19 27  0.629446
19 28  0.624123
19 29  0.605747
19 30  0.605565
20 21  0.624296
20 22  0.564018
20 23  0.599529
20 24  0.602960
20 25  0.598863
20 26  0.630116
20 27  0.618148
20 28  0.618931
20 29  0.564105
20 30  0.603210
21 22  0.596490
21 23  0.594429
21 24  0.598711
21 25  0.595620
21 26  0.617936
21 27  0.612404
21 28  0.588494
21 29  0.598768
21 30  0.598882
22 23  0.572032
22 24  0.574178
22 25  0.571815
22 26  0.601737
22 27  0.596544
22 28  0.599317
22 29  0.525203
22 30  0.574429
23 24  0.574534
23 25  0.523777
23 26  0.601953
23 27  0.561058
23 28  0.601289
23 29  0.574652
23 30  0.574783
24 25  0.574601
24 26  0.601683
24 27  0.600829
24 28  0.603429
24 29  0.576578
24 30  0.528108
25 26  0.602108
25 27  0.561358
25 28  0.601559
25 29  0.574527
25 30  0.574847
26 27  0.627625
26 28  0.624211
26 29  0.604103
26 30  0.601039
27 28  0.627129
27 29  0.599717
27 30  0.601076
28 29  0.600661
28 30  0.603660
29 30  0.576828
