  -1146.52124890
  -1146.88699914
0.00008543193670
2 2 2 2 2 2 2 2 2 2 2 2 2 2 2 0 0 0 0 0 0 0 0 0 0 0 0 0 0 0 
1  0.267626
2  0.287778
3  0.297823
4  0.272333
5  0.261157
6  0.274576
7  0.328082
8  0.321008
9  0.314557
10  0.278179
11  0.314552
12  0.300754
13  0.311063
14  0.315882
15  0.296400
16  0.273601
17  0.293422
18  0.303221
19  0.276186
20  0.268163
21  0.276603
22  0.279809
23  0.310621
24  0.323933
25  0.300147
26  0.297667
27  0.318173
28  0.319465
29  0.327718
30  0.315389
1 2  0.555232
1 3  0.565199
1 4  0.535999
1 5  0.528610
1 6  0.542149
1 7  0.593968
1 8  0.587141
1 9  0.579304
1 10  0.545740
1 11  0.561222
1 12  0.566985
1 13  0.576353
1 14  0.563674
1 15  0.563871
1 16  0.252325
1 17  0.560962
1 18  0.570350
1 19  0.538817
1 20  0.535714
1 21  0.543922
1 22  0.547377
1 23  0.573606
1 24  0.589960
1 25  0.567023
1 26  0.564649
1 27  0.582228
1 28  0.563888
1 29  0.594647
1 30  0.567363
2 3  0.540934
2 4  0.560106
2 5  0.548932
2 6  0.562354
2 7  0.594717
2 8  0.603182
2 9  0.600357
2 10  0.565957
2 11  0.600399
2 12  0.588512
2 13  0.594704
2 14  0.603488
2 15  0.584176
2 16  0.561314
2 17  0.283212
2 18  0.546358
2 19  0.563901
2 20  0.555894
2 21  0.564377
2 22  0.567579
2 23  0.592048
2 24  0.603585
2 25  0.587775
2 26  0.585442
2 27  0.604822
2 28  0.607110
2 29  0.602719
2 30  0.602921
3 4  0.570154
3 5  0.558978
3 6  0.572398
3 7  0.617981
3 8  0.593097
3 9  0.611235
3 10  0.576002
3 11  0.610470
3 12  0.598573
3 13  0.606614
3 14  0.613616
3 15  0.594221
3 16  0.570972
3 17  0.546123
3 18  0.291455
3 19  0.573940
3 20  0.565974
3 21  0.574422
3 22  0.577628
3 23  0.601946
3 24  0.597221
3 25  0.597900
3 26  0.595489
3 27  0.615604
3 28  0.617272
3 29  0.620925
3 30  0.612620
4 5  0.530903
4 6  0.546537
4 7  0.600407
4 8  0.593321
4 9  0.585909
4 10  0.550388
4 11  0.586687
4 12  0.545309
4 13  0.583189
4 14  0.558317
4 15  0.566283
4 16  0.541045
4 17  0.565656
4 18  0.575435
4 19  0.277124
4 20  0.539634
4 21  0.547604
4 22  0.551609
4 23  0.582872
4 24  0.596064
4 25  0.538999
4 26  0.568560
4 27  0.590318
4 28  0.555871
4 29  0.599875
4 30  0.587197
5 6  0.531689
5 7  0.589223
5 8  0.582159
5 9  0.575447
5 10  0.533550
5 11  0.575666
5 12  0.541167
5 13  0.572213
5 14  0.572892
5 15  0.539112
5 16  0.534648
5 17  0.554533
5 18  0.564364
5 19  0.536585
5 20  0.249124
5 21  0.536861
5 22  0.537469
5 23  0.571507
5 24  0.585086
5 25  0.533366
5 26  0.532857
5 27  0.578149
5 28  0.577996
5 29  0.588816
5 30  0.576542
6 7  0.602656
6 8  0.595583
6 9  0.589115
6 10  0.505605
6 11  0.589121
6 12  0.572112
6 13  0.585638
6 14  0.590367
6 15  0.540102
6 16  0.547784
6 17  0.567981
6 18  0.577784
6 19  0.549511
6 20  0.541592
6 21  0.276072
6 22  0.502716
6 23  0.585193
6 24  0.598487
6 25  0.573713
6 26  0.531936
6 27  0.592684
6 28  0.593224
6 29  0.602257
6 30  0.589908
7 8  0.610327
7 9  0.633807
7 10  0.606260
7 11  0.627667
7 12  0.628765
7 13  0.618983
7 14  0.642985
7 15  0.624480
7 16  0.601053
7 17  0.608775
7 18  0.626102
7 19  0.604132
7 20  0.596181
7 21  0.604673
7 22  0.607877
7 23  0.613464
7 24  0.612409
7 25  0.627988
7 26  0.625748
7 27  0.642896
7 28  0.647401
7 29  0.406159
7 30  0.639592
8 9  0.630892
8 10  0.599186
8 11  0.627480
8 12  0.621753
8 13  0.609470
8 14  0.636470
8 15  0.617407
8 16  0.593116
8 17  0.605288
8 18  0.598019
8 19  0.597072
8 20  0.589169
8 21  0.597603
8 22  0.600812
8 23  0.603130
8 24  0.410322
8 25  0.621107
8 26  0.618664
8 27  0.636149
8 28  0.640085
8 29  0.609545
8 30  0.633127
9 10  0.592713
9 11  0.592159
9 12  0.613539
9 13  0.604341
9 14  0.618276
9 15  0.610939
9 16  0.583885
9 17  0.606770
9 18  0.617305
9 19  0.590562
9 20  0.581568
9 21  0.591153
9 22  0.594233
9 23  0.599390
9 24  0.635445
9 25  0.613252
9 26  0.611995
9 27  0.380777
9 28  0.622299
9 29  0.639168
9 30  0.592334
10 11  0.592723
10 12  0.577097
10 13  0.589240
10 14  0.593860
10 15  0.542990
10 16  0.551687
10 17  0.571583
10 18  0.581390
10 19  0.554042
10 20  0.541997
10 21  0.501671
10 22  0.277427
10 23  0.588771
10 24  0.602100
10 25  0.577738
10 26  0.535890
10 27  0.596140
10 28  0.596774
10 29  0.605865
10 30  0.593549
11 12  0.615170
11 13  0.612501
11 14  0.627211
11 15  0.610938
11 16  0.572724
11 17  0.607709
11 18  0.617127
11 19  0.590284
11 20  0.582708
11 21  0.591112
11 22  0.594352
11 23  0.606910
11 24  0.634836
11 25  0.614495
11 26  0.612154
11 27  0.595610
11 28  0.631017
11 29  0.638413
11 30  0.375931
12 13  0.611600
12 14  0.596654
12 15  0.588090
12 16  0.573500
12 17  0.593950
12 18  0.603840
12 19  0.542901
12 20  0.541066
12 21  0.575902
12 22  0.580050
12 23  0.611123
12 24  0.624571
12 25  0.370298
12 26  0.581299
12 27  0.617478
12 28  0.591821
12 29  0.628122
12 30  0.615912
13 14  0.626180
13 15  0.607462
13 16  0.580301
13 17  0.598528
13 18  0.607712
13 19  0.587167
13 20  0.578982
13 21  0.587664
13 22  0.590861
13 23  0.425833
13 24  0.605674
13 25  0.611000
13 26  0.608622
13 27  0.602262
13 28  0.626593
13 29  0.614917
13 30  0.608997
14 15  0.611016
14 16  0.565574
14 17  0.609159
14 18  0.619093
14 19  0.555787
14 20  0.581096
14 21  0.591995
14 22  0.594890
14 23  0.622736
14 24  0.639502
14 25  0.588455
14 26  0.613352
14 27  0.622588
14 28  0.392037
14 29  0.643468
14 30  0.628839
15 16  0.569233
15 17  0.589822
15 18  0.599618
15 19  0.570695
15 20  0.539262
15 21  0.533523
15 22  0.534100
15 23  0.606948
15 24  0.620312
15 25  0.579443
15 26  0.363652
15 27  0.614430
15 28  0.615659
15 29  0.624113
15 30  0.611713
16 17  0.566777
16 18  0.576482
16 19  0.545480
16 20  0.541560
16 21  0.550174
16 22  0.553353
16 23  0.581737
16 24  0.595725
16 25  0.571728
16 26  0.571116
16 27  0.588753
16 28  0.571320
16 29  0.599295
16 30  0.566255
17 18  0.549791
17 19  0.569605
17 20  0.561581
17 21  0.570024
17 22  0.573231
17 23  0.599428
17 24  0.611643
17 25  0.593551
17 26  0.591087
17 27  0.609356
17 28  0.612673
17 29  0.597712
17 30  0.606539
18 19  0.579406
18 20  0.571382
18 21  0.579823
18 22  0.583030
18 23  0.611099
18 24  0.600296
18 25  0.603364
18 26  0.600886
18 27  0.619996
18 28  0.622568
18 29  0.623310
18 30  0.616455
19 20  0.540564
19 21  0.552199
19 22  0.555770
19 23  0.586606
19 24  0.600099
19 25  0.548177
19 26  0.570885
19 27  0.592859
19 28  0.565397
19 29  0.603898
19 30  0.591409
20 21  0.539816
20 22  0.541779
20 23  0.578769
20 24  0.592089
20 25  0.546109
20 26  0.545173
20 27  0.585943
20 28  0.582933
20 29  0.595862
20 30  0.583509
21 22  0.508788
21 23  0.587223
21 24  0.600534
21 25  0.573161
21 26  0.543040
21 27  0.594770
21 28  0.595936
21 29  0.604320
21 30  0.591989
22 23  0.590429
22 24  0.603741
22 25  0.577302
22 26  0.546516
22 27  0.597971
22 28  0.599106
22 29  0.607527
22 30  0.595194
23 24  0.613072
23 25  0.610547
23 26  0.608287
23 27  0.608619
23 28  0.629143
23 29  0.618218
23 30  0.612934
24 25  0.624069
24 26  0.621598
24 27  0.636652
24 28  0.642858
24 29  0.610864
24 30  0.630757
25 26  0.589403
25 27  0.616189
25 28  0.600434
25 29  0.627802
25 30  0.615402
26 27  0.615798
26 28  0.615303
26 29  0.625382
26 30  0.613045
27 28  0.624396
27 29  0.636977
27 30  0.594218
28 29  0.646113
28 30  0.631826
29 30  0.627564
