  -1146.52124890
  -1146.88892062
0.00002939939580
2 2 2 2 2 2 2 2 2 2 2 2 2 2 2 0 0 0 0 0 0 0 0 0 0 0 0 0 0 0 
1  0.272774
2  0.291390
3  0.301059
4  0.276036
5  0.264403
6  0.276403
7  0.333828
8  0.326146
9  0.321477
10  0.279903
11  0.321028
12  0.305510
13  0.316877
14  0.321565
15  0.299080
16  0.279023
17  0.297037
18  0.306659
19  0.279960
20  0.271524
21  0.278466
22  0.281555
23  0.316061
24  0.329019
25  0.304672
26  0.300246
27  0.325491
28  0.325187
29  0.333231
30  0.321818
1 2  0.563929
1 3  0.573484
1 4  0.544634
1 5  0.536973
1 6  0.549113
1 7  0.604529
1 8  0.597160
1 9  0.591293
1 10  0.552593
1 11  0.571595
1 12  0.576792
1 13  0.587129
1 14  0.574159
1 15  0.571679
1 16  0.261972
1 17  0.569710
1 18  0.578808
1 19  0.547655
1 20  0.544205
1 21  0.550898
1 22  0.554242
1 23  0.584262
1 24  0.600132
1 25  0.576661
1 26  0.572360
1 27  0.594720
1 28  0.574853
1 29  0.605258
1 30  0.578572
2 3  0.548007
2 4  0.567420
2 5  0.555788
2 6  0.567792
2 7  0.602832
2 8  0.611871
2 9  0.610631
2 10  0.571293
2 11  0.610168
2 12  0.596875
2 13  0.603880
2 14  0.612724
2 15  0.590468
2 16  0.570349
2 17  0.289938
2 18  0.553762
2 19  0.571276
2 20  0.562839
2 21  0.569848
2 22  0.572932
2 23  0.601058
2 24  0.612350
2 25  0.595857
2 26  0.591634
2 27  0.615606
2 28  0.616382
2 29  0.611433
2 30  0.612917
3 4  0.577093
3 5  0.565460
3 6  0.577462
3 7  0.626761
3 8  0.600751
3 9  0.621186
3 10  0.580962
3 11  0.619871
3 12  0.606565
3 13  0.615542
3 14  0.622504
3 15  0.600138
3 16  0.579506
3 17  0.553304
3 18  0.297814
3 19  0.580916
3 20  0.572563
3 21  0.579517
3 22  0.582607
3 23  0.610505
3 24  0.605397
3 25  0.605625
3 26  0.601304
3 27  0.626082
3 28  0.626227
3 29  0.629711
3 30  0.622238
4 5  0.537689
4 6  0.552005
4 7  0.609849
4 8  0.602150
4 9  0.596339
4 10  0.555787
4 11  0.596869
4 12  0.553581
4 13  0.592671
4 14  0.567835
4 15  0.572393
4 16  0.550116
4 17  0.572950
4 18  0.582512
4 19  0.284007
4 20  0.546630
4 21  0.553097
4 22  0.557026
4 23  0.592018
4 24  0.604809
4 25  0.547233
4 26  0.574811
4 27  0.601290
4 28  0.565486
4 29  0.609011
4 30  0.597363
5 6  0.536583
5 7  0.598205
5 8  0.590537
5 9  0.585541
5 10  0.538270
5 11  0.585374
5 12  0.548804
5 13  0.581269
5 14  0.581445
5 15  0.544835
5 16  0.543278
5 17  0.561371
5 18  0.571040
5 19  0.543527
5 20  0.255140
5 21  0.541909
5 22  0.542367
5 23  0.580170
5 24  0.593417
5 25  0.541123
5 26  0.538713
5 27  0.588607
5 28  0.586917
5 29  0.597551
5 30  0.586216
6 7  0.610228
6 8  0.602548
6 9  0.597854
6 10  0.509352
6 11  0.597422
6 12  0.578421
6 13  0.593278
6 14  0.597855
6 15  0.544529
6 16  0.555029
6 17  0.573413
6 18  0.583038
6 19  0.555016
6 20  0.546719
6 21  0.279653
6 22  0.506519
6 23  0.592461
6 24  0.605391
6 25  0.580030
6 26  0.536277
6 27  0.601819
6 28  0.600744
6 29  0.609576
6 30  0.598130
7 8  0.621261
7 9  0.645950
7 10  0.613729
7 11  0.638722
7 12  0.639261
7 13  0.630529
7 14  0.654257
7 15  0.632904
7 16  0.612141
7 17  0.617631
7 18  0.635306
7 19  0.613597
7 20  0.605248
7 21  0.612271
7 22  0.615361
7 23  0.624635
7 24  0.623351
7 25  0.638213
7 26  0.634074
7 27  0.655800
7 28  0.658842
7 29  0.416608
7 30  0.651376
8 9  0.642564
8 10  0.606049
8 11  0.638508
8 12  0.631643
8 13  0.619641
8 14  0.647190
8 15  0.625225
8 16  0.603579
8 17  0.614102
8 18  0.606403
8 19  0.605951
8 20  0.597667
8 21  0.604599
8 22  0.607695
8 23  0.613299
8 24  0.420023
8 25  0.630760
8 26  0.626376
8 27  0.648404
8 28  0.650911
8 29  0.620285
8 30  0.644578
9 10  0.601347
9 11  0.605498
9 12  0.624946
9 13  0.616228
9 14  0.630058
9 15  0.620537
9 16  0.596269
9 17  0.617261
9 18  0.627592
9 19  0.601204
9 20  0.591736
9 21  0.599930
9 22  0.602877
9 23  0.611303
9 24  0.647291
9 25  0.624681
9 26  0.621463
9 27  0.394218
9 28  0.634811
9 29  0.651509
9 30  0.605794
10 11  0.600920
10 12  0.583419
10 13  0.596778
10 14  0.601227
10 15  0.547393
10 16  0.558852
10 17  0.576910
10 18  0.586542
10 19  0.559505
10 20  0.547011
10 21  0.505473
10 22  0.280860
10 23  0.595936
10 24  0.608903
10 25  0.583953
10 26  0.540174
10 27  0.605147
10 28  0.604141
10 29  0.613084
10 30  0.601688
11 12  0.626385
11 13  0.624660
11 14  0.639180
11 15  0.620089
11 16  0.584133
11 17  0.617756
11 18  0.626961
11 19  0.600530
11 20  0.592543
11 21  0.599423
11 22  0.602567
11 23  0.618817
11 24  0.646270
11 25  0.625452
11 26  0.621186
11 27  0.609530
11 28  0.643177
11 29  0.650054
11 30  0.387875
12 13  0.622124
12 14  0.606672
12 15  0.595134
12 16  0.583617
12 17  0.602282
12 18  0.611996
12 19  0.551426
12 20  0.549104
12 21  0.582471
12 22  0.586509
12 23  0.621325
12 24  0.634415
12 25  0.379256
12 26  0.588463
12 27  0.629468
12 28  0.602083
12 29  0.638363
12 30  0.627047
13 14  0.637589
13 15  0.615956
13 16  0.591565
13 17  0.607951
13 18  0.616747
13 19  0.596756
13 20  0.588108
13 21  0.595342
13 22  0.598416
13 23  0.436510
13 24  0.616133
13 25  0.621312
13 26  0.617005
13 27  0.614899
13 28  0.638044
13 29  0.626163
13 30  0.621182
14 15  0.619202
14 16  0.576758
14 17  0.618420
14 18  0.628209
14 19  0.565425
14 20  0.590085
14 21  0.599502
14 22  0.602236
14 23  0.633842
14 24  0.650251
14 25  0.598378
14 26  0.621580
14 27  0.635459
14 28  0.403168
14 29  0.654646
14 30  0.640890
15 16  0.577272
15 17  0.596117
15 18  0.605733
15 19  0.577097
15 20  0.545309
15 21  0.538027
15 22  0.538500
15 23  0.615052
15 24  0.628070
15 25  0.586529
15 26  0.368789
15 27  0.624396
15 28  0.624021
15 29  0.632304
15 30  0.620793
16 17  0.575744
16 18  0.585236
16 19  0.554478
16 20  0.550311
16 21  0.557457
16 22  0.560500
16 23  0.592387
16 24  0.605991
16 25  0.581534
16 26  0.579105
16 27  0.601404
16 28  0.582163
16 29  0.609932
16 30  0.576761
17 18  0.557118
17 19  0.576991
17 20  0.568552
17 21  0.575502
17 22  0.578591
17 23  0.608240
17 24  0.620281
17 25  0.601685
17 26  0.597280
17 27  0.619989
17 28  0.621935
17 29  0.605680
17 30  0.616274
18 19  0.586616
18 20  0.578179
18 21  0.585124
18 22  0.588213
18 23  0.619782
18 24  0.607951
18 25  0.611327
18 26  0.606903
18 27  0.630540
18 28  0.631695
18 29  0.632075
18 30  0.626015
19 20  0.547530
19 21  0.557763
19 22  0.561249
19 23  0.595771
19 24  0.608954
19 25  0.556288
19 26  0.577023
19 27  0.603694
19 28  0.575059
19 29  0.613177
19 30  0.601626
20 21  0.544819
20 22  0.546625
20 23  0.587563
20 24  0.600523
20 25  0.553713
20 26  0.550931
20 27  0.596539
20 28  0.591651
20 29  0.604718
20 30  0.593281
21 22  0.512623
21 23  0.594526
21 24  0.607483
21 25  0.579324
21 26  0.547336
21 27  0.603944
21 28  0.603490
21 29  0.611695
21 30  0.600281
22 23  0.597614
22 24  0.610571
22 25  0.583378
22 26  0.550805
22 27  0.607027
22 28  0.606549
22 29  0.614784
22 30  0.603366
23 24  0.623097
23 25  0.620456
23 26  0.616305
23 27  0.620552
23 28  0.640152
23 29  0.629119
23 30  0.624735
24 25  0.633675
24 26  0.629261
24 27  0.648532
24 28  0.653568
24 29  0.621476
24 30  0.641715
25 26  0.596251
25 27  0.627757
25 28  0.610274
25 29  0.637835
25 30  0.626324
26 27  0.625686
26 28  0.623422
26 29  0.633470
26 30  0.622049
27 28  0.636505
27 29  0.649231
27 30  0.607912
28 29  0.657184
28 30  0.643793
29 30  0.638399
