  -1146.52124890
  -1146.88945707
0.00000787332206
2 2 2 2 2 2 2 2 2 2 2 2 2 2 2 0 0 0 0 0 0 0 0 0 0 0 0 0 0 0 
1  0.274504
2  0.292463
3  0.302117
4  0.277219
5  0.265303
6  0.276884
7  0.335322
8  0.327575
9  0.323617
10  0.280357
11  0.322893
12  0.306847
13  0.318466
14  0.323367
15  0.299738
16  0.280847
17  0.298155
18  0.307765
19  0.281144
20  0.272483
21  0.278943
22  0.282009
23  0.317622
24  0.330436
25  0.305963
26  0.300904
27  0.327620
28  0.326937
29  0.334712
30  0.323655
1 2  0.566698
1 3  0.576212
1 4  0.547477
1 5  0.539600
1 6  0.551321
1 7  0.607653
1 8  0.600241
1 9  0.595144
1 10  0.554757
1 11  0.574788
1 12  0.579822
1 13  0.590403
1 14  0.577590
1 15  0.574053
1 16  0.265311
1 17  0.572560
1 18  0.581582
1 19  0.550581
1 20  0.546889
1 21  0.553074
1 22  0.556412
1 23  0.587581
1 24  0.603239
1 25  0.579664
1 26  0.574690
1 27  0.598575
1 28  0.578361
1 29  0.608462
1 30  0.582035
2 3  0.550208
2 4  0.569673
2 5  0.557757
2 6  0.569346
2 7  0.605108
2 8  0.614365
2 9  0.613725
2 10  0.572819
2 11  0.613030
2 12  0.599280
2 13  0.606473
2 14  0.615558
2 15  0.592198
2 16  0.573244
2 17  0.292081
2 18  0.556058
2 19  0.573516
2 20  0.564849
2 21  0.571392
2 22  0.574450
2 23  0.603710
2 24  0.614855
2 25  0.598172
2 26  0.593364
2 27  0.618760
2 28  0.619192
2 29  0.613930
2 30  0.615810
3 4  0.579333
3 5  0.567417
3 6  0.579001
3 7  0.629307
3 8  0.603075
3 9  0.624297
3 10  0.582474
3 11  0.622713
3 12  0.608960
3 13  0.618145
3 14  0.625342
3 15  0.601853
3 16  0.582342
3 17  0.555599
3 18  0.299950
3 19  0.583123
3 20  0.574573
3 21  0.581046
3 22  0.584114
3 23  0.613114
3 24  0.607853
3 25  0.607957
3 26  0.603021
3 27  0.629237
3 28  0.629029
3 29  0.632255
3 30  0.625095
4 5  0.539704
4 6  0.553641
4 7  0.612523
4 8  0.604756
4 9  0.599605
4 10  0.557421
4 11  0.599910
4 12  0.556072
4 13  0.595414
4 14  0.570837
4 15  0.574181
4 16  0.553128
4 17  0.575230
4 18  0.584763
4 19  0.286278
4 20  0.548738
4 21  0.554733
4 22  0.558657
4 23  0.594750
4 24  0.607366
4 25  0.549703
4 26  0.576659
4 27  0.604581
4 28  0.568470
4 29  0.611676
4 30  0.600392
5 6  0.537921
5 7  0.600590
5 8  0.592859
5 9  0.588551
5 10  0.539604
5 11  0.588133
5 12  0.550949
5 13  0.583754
5 14  0.584042
5 15  0.546368
5 16  0.545995
5 17  0.563368
5 18  0.573042
5 19  0.545588
5 20  0.256906
5 21  0.543270
5 22  0.543728
5 23  0.582610
5 24  0.595735
5 25  0.543306
5 26  0.540288
5 27  0.591597
5 28  0.589577
5 29  0.599916
5 30  0.588953
6 7  0.612203
6 8  0.604458
6 9  0.600468
6 10  0.510359
6 11  0.599766
6 12  0.580184
6 13  0.595347
6 14  0.600133
6 15  0.545676
6 16  0.557313
6 17  0.574998
6 18  0.584614
6 19  0.556644
6 20  0.548139
6 21  0.280669
6 22  0.507525
6 23  0.594505
6 24  0.607280
6 25  0.581802
6 26  0.537435
6 27  0.604424
6 28  0.602981
6 29  0.611517
6 30  0.600437
7 8  0.624231
7 9  0.649453
7 10  0.615677
7 11  0.641740
7 12  0.642094
7 13  0.633616
7 14  0.657496
7 15  0.635053
7 16  0.615438
7 17  0.620128
7 18  0.637908
7 19  0.616283
7 20  0.607686
7 21  0.614233
7 22  0.617299
7 23  0.627701
7 24  0.626355
7 25  0.640975
7 26  0.636226
7 27  0.659410
7 28  0.662069
7 29  0.419484
7 30  0.654584
8 9  0.645960
8 10  0.607930
8 11  0.641686
8 12  0.634408
8 13  0.622433
8 14  0.650378
8 15  0.627309
8 16  0.606788
8 17  0.616670
8 18  0.608924
8 19  0.608525
8 20  0.600054
8 21  0.606496
8 22  0.609574
8 23  0.616131
8 24  0.422886
8 25  0.633478
8 26  0.628463
8 27  0.651878
8 28  0.654072
8 29  0.623286
8 30  0.647839
9 10  0.603938
9 11  0.609529
9 12  0.628339
9 13  0.619657
9 14  0.633730
9 15  0.623332
9 16  0.600235
9 17  0.620480
9 18  0.630806
9 19  0.604504
9 20  0.594795
9 21  0.602546
9 22  0.605464
9 23  0.614805
9 24  0.650781
9 25  0.628129
9 26  0.624252
9 27  0.398371
9 28  0.638667
9 29  0.655128
9 30  0.609815
10 11  0.603237
10 12  0.585174
10 13  0.598819
10 14  0.603468
10 15  0.548541
10 16  0.561127
10 17  0.578466
10 18  0.588092
10 19  0.561153
10 20  0.548433
10 21  0.506479
10 22  0.281855
10 23  0.597948
10 24  0.610769
10 25  0.585686
10 26  0.541312
10 27  0.607709
10 28  0.606308
10 29  0.615001
10 30  0.603971
11 12  0.629578
11 13  0.628092
11 14  0.642806
11 15  0.622610
11 16  0.587661
11 17  0.620726
11 18  0.629886
11 19  0.603590
11 20  0.595368
11 21  0.601753
11 22  0.604882
11 23  0.622228
11 24  0.649553
11 25  0.628591
11 26  0.623695
11 27  0.613597
11 28  0.646764
11 29  0.653278
11 30  0.391408
12 13  0.625027
12 14  0.609693
12 15  0.597053
12 16  0.586761
12 17  0.604671
12 18  0.614412
12 19  0.553953
12 20  0.551382
12 21  0.584281
12 22  0.588287
12 23  0.624229
12 24  0.637171
12 25  0.382013
12 26  0.590416
12 27  0.632947
12 28  0.605109
12 29  0.641149
12 30  0.630215
13 14  0.640942
13 15  0.618202
13 16  0.595002
13 17  0.610671
13 18  0.619416
13 19  0.599520
13 20  0.590637
13 21  0.597407
13 22  0.600455
13 23  0.439765
13 24  0.618975
13 25  0.624191
13 26  0.619245
13 27  0.618452
13 28  0.641362
13 29  0.629221
13 30  0.624598
14 15  0.621599
14 16  0.580413
14 17  0.621324
14 18  0.631112
14 19  0.568424
14 20  0.592849
14 21  0.601776
14 22  0.604464
14 23  0.637194
14 24  0.653453
14 25  0.601405
14 26  0.624023
14 27  0.639343
14 28  0.406846
14 29  0.657914
14 30  0.644509
15 16  0.579698
15 17  0.597892
15 18  0.607496
15 19  0.578942
15 20  0.546921
15 21  0.539177
15 22  0.539637
15 23  0.617267
15 24  0.630147
15 25  0.588451
15 26  0.370245
15 27  0.627177
15 28  0.626414
15 29  0.634441
15 30  0.623267
16 17  0.578641
16 18  0.588099
16 19  0.557431
16 20  0.553090
16 21  0.559755
16 22  0.562770
16 23  0.595720
16 24  0.609143
16 25  0.584599
16 26  0.581575
16 27  0.605336
16 28  0.585658
16 29  0.613135
16 30  0.579958
17 18  0.559430
17 19  0.579289
17 20  0.570625
17 21  0.577096
17 22  0.580163
17 23  0.610863
17 24  0.622804
17 25  0.604088
17 26  0.599055
17 27  0.623119
17 28  0.624764
17 29  0.607995
17 30  0.619148
18 19  0.588906
18 20  0.580242
18 21  0.586706
18 22  0.589773
18 23  0.622397
18 24  0.610287
18 25  0.613724
18 26  0.608666
18 27  0.633701
18 28  0.634527
18 29  0.634626
18 30  0.628883
19 20  0.549610
19 21  0.559398
19 22  0.562880
19 23  0.598493
19 24  0.611553
19 25  0.558724
19 26  0.578819
19 27  0.606923
19 28  0.578029
19 29  0.615837
19 30  0.604644
20 21  0.546208
20 22  0.548012
20 23  0.590080
20 24  0.602892
20 25  0.555876
20 26  0.552518
20 27  0.599588
20 28  0.594251
20 29  0.607150
20 30  0.596071
21 22  0.513625
21 23  0.596564
21 24  0.609377
21 25  0.581045
21 26  0.548468
21 27  0.606546
21 28  0.605710
21 29  0.613653
21 30  0.602594
22 23  0.599630
22 24  0.612442
22 25  0.585072
22 26  0.551948
22 27  0.609609
22 28  0.608741
22 29  0.616719
22 30  0.605657
23 24  0.625895
23 25  0.623286
23 26  0.618524
23 27  0.623960
23 28  0.643419
23 29  0.632168
23 30  0.628116
24 25  0.636382
24 26  0.631335
24 27  0.651889
24 28  0.656697
24 29  0.624455
24 30  0.644856
25 26  0.598149
25 27  0.631094
25 28  0.613210
25 29  0.640606
25 30  0.629439
26 27  0.628468
26 28  0.625759
26 29  0.635606
26 30  0.624542
27 28  0.640113
27 29  0.652718
27 30  0.611898
28 29  0.660351
28 30  0.647348
29 30  0.641364
