  -1146.51648089
  -1146.87734270
0.00007672564490
2 2 2 2 2 2 2 2 2 2 2 2 2 2 2 0 0 0 0 0 0 0 0 0 0 0 0 0 0 0 
1  0.260255
2  0.275624
3  0.286317
4  0.269683
5  0.260214
6  0.286372
7  0.275591
8  0.304796
9  0.302571
10  0.298565
11  0.302391
12  0.305295
13  0.303551
14  0.303713
15  0.298795
16  0.275263
17  0.285818
18  0.279179
19  0.269079
20  0.275599
21  0.279062
22  0.285447
23  0.304346
24  0.302515
25  0.305038
26  0.305328
27  0.302886
28  0.304428
29  0.298642
30  0.298123
1 2  0.535141
1 3  0.545330
1 4  0.527741
1 5  0.519929
1 6  0.546622
1 7  0.535844
1 8  0.561696
1 9  0.547119
1 10  0.558775
1 11  0.562617
1 12  0.545160
1 13  0.563793
1 14  0.559948
1 15  0.555414
1 16  0.251091
1 17  0.545979
1 18  0.538764
1 19  0.528671
1 20  0.533635
1 21  0.539294
1 22  0.545702
1 23  0.559678
1 24  0.562571
1 25  0.562090
1 26  0.543845
1 27  0.543230
1 28  0.564549
1 29  0.557253
1 30  0.558331
2 3  0.518077
2 4  0.545251
2 5  0.535835
2 6  0.561996
2 7  0.551214
2 8  0.580412
2 9  0.568077
2 10  0.574178
2 11  0.578013
2 12  0.580290
2 13  0.579172
2 14  0.565266
2 15  0.567633
2 16  0.550592
2 17  0.277080
2 18  0.511957
2 19  0.544405
2 20  0.551208
2 21  0.554683
2 22  0.561065
2 23  0.548132
2 24  0.578131
2 25  0.580476
2 26  0.580808
2 27  0.576937
2 28  0.580043
2 29  0.572857
2 30  0.573745
3 4  0.555987
3 5  0.546525
3 6  0.572688
3 7  0.561907
3 8  0.591096
3 9  0.581376
3 10  0.584870
3 11  0.588705
3 12  0.591262
3 13  0.589865
3 14  0.566759
3 15  0.581159
3 16  0.559584
3 17  0.517317
3 18  0.281308
3 19  0.555332
3 20  0.561840
3 21  0.565379
3 22  0.571763
3 23  0.566485
3 24  0.588830
3 25  0.591184
3 26  0.591346
3 27  0.584629
3 28  0.590745
3 29  0.582735
3 30  0.584409
4 5  0.527729
4 6  0.556041
4 7  0.545220
4 8  0.544071
4 9  0.572102
4 10  0.566509
4 11  0.571925
4 12  0.544408
4 13  0.572954
4 14  0.573109
4 15  0.566689
4 16  0.544218
4 17  0.554976
4 18  0.548642
4 19  0.272608
4 20  0.544557
4 21  0.548547
4 22  0.554628
4 23  0.573450
4 24  0.572114
4 25  0.539146
4 26  0.539395
4 27  0.572483
4 28  0.573519
4 29  0.566823
4 30  0.566323
5 6  0.545352
5 7  0.535075
5 8  0.544664
5 9  0.562757
5 10  0.555125
5 11  0.546910
5 12  0.562155
5 13  0.559704
5 14  0.563915
5 15  0.558968
5 16  0.533185
5 17  0.546032
5 18  0.539365
5 19  0.528649
5 20  0.250909
5 21  0.538609
5 22  0.545571
5 23  0.564437
5 24  0.543063
5 25  0.543356
5 26  0.562435
5 27  0.562909
5 28  0.559668
5 29  0.558816
5 30  0.556669
6 7  0.518069
6 8  0.590823
6 9  0.588940
6 10  0.580984
6 11  0.581285
6 12  0.591648
6 13  0.566610
6 14  0.590083
6 15  0.585155
6 16  0.561561
6 17  0.572189
6 18  0.565550
6 19  0.555387
6 20  0.559973
6 21  0.281212
6 22  0.517001
6 23  0.590718
6 24  0.584344
6 25  0.591108
6 26  0.591526
6 27  0.589257
6 28  0.566347
6 29  0.584981
6 30  0.582286
7 8  0.579769
7 9  0.578160
7 10  0.567385
7 11  0.567807
7 12  0.580877
7 13  0.565099
7 14  0.579301
7 15  0.574375
7 16  0.550837
7 17  0.561403
7 18  0.554767
7 19  0.544368
7 20  0.550895
7 21  0.511763
7 22  0.276748
7 23  0.579928
7 24  0.576550
7 25  0.580487
7 26  0.580734
7 27  0.578471
7 28  0.548248
7 29  0.574230
7 30  0.572280
8 9  0.607245
8 10  0.594425
8 11  0.604432
8 12  0.590797
8 13  0.607569
8 14  0.608323
8 15  0.602731
8 16  0.576886
8 17  0.590464
8 18  0.583803
8 19  0.538286
8 20  0.555092
8 21  0.583822
8 22  0.589508
8 23  0.609120
8 24  0.603302
8 25  0.375951
8 26  0.581245
8 27  0.607511
8 28  0.605423
8 29  0.603156
8 30  0.596775
9 10  0.601082
9 11  0.604957
9 12  0.605080
9 13  0.606118
9 14  0.579571
9 15  0.564790
9 16  0.565345
9 17  0.585663
9 18  0.580440
9 19  0.571499
9 20  0.577949
9 21  0.581633
9 22  0.588018
9 23  0.566430
9 24  0.605080
9 25  0.607216
9 26  0.606205
9 27  0.411244
9 28  0.606998
9 29  0.561241
9 30  0.600576
10 11  0.564432
10 12  0.603025
10 13  0.574899
10 14  0.602265
10 15  0.597059
10 16  0.573723
10 17  0.584323
10 18  0.577742
10 19  0.565792
10 20  0.567751
10 21  0.575506
10 22  0.579398
10 23  0.602665
10 24  0.554476
10 25  0.592137
10 26  0.603679
10 27  0.601158
10 28  0.574375
10 29  0.597192
10 30  0.406938
11 12  0.607564
11 13  0.579219
11 14  0.606100
11 15  0.601131
11 16  0.577435
11 17  0.588209
11 18  0.581569
11 19  0.571317
11 20  0.565539
11 21  0.580138
11 22  0.585118
11 23  0.606736
11 24  0.410103
11 25  0.605700
11 26  0.607334
11 27  0.605271
11 28  0.566393
11 29  0.600919
11 30  0.560598
12 13  0.608665
12 14  0.608230
12 15  0.595069
12 16  0.555266
12 17  0.590363
12 18  0.584436
12 19  0.538652
12 20  0.577669
12 21  0.584167
12 22  0.590585
12 23  0.605869
12 24  0.607635
12 25  0.581588
12 26  0.376453
12 27  0.604121
12 28  0.609699
12 29  0.597859
12 30  0.603156
13 14  0.607263
13 15  0.602333
13 16  0.578635
13 17  0.589362
13 18  0.582729
13 19  0.572351
13 20  0.572741
13 21  0.551235
13 22  0.567503
13 23  0.607845
13 24  0.578011
13 25  0.605008
13 26  0.608837
13 27  0.606432
13 28  0.456776
13 29  0.601932
13 30  0.560944
14 15  0.575241
14 16  0.572564
14 17  0.567906
14 18  0.551515
14 19  0.572521
14 20  0.579112
14 21  0.582772
14 22  0.589152
14 23  0.457867
14 24  0.606222
14 25  0.608708
14 26  0.605461
14 27  0.578549
14 28  0.608102
14 29  0.561460
14 30  0.601590
15 16  0.567720
15 17  0.579989
15 18  0.575859
15 19  0.566047
15 20  0.574277
15 21  0.577855
15 22  0.584181
15 23  0.574483
15 24  0.601020
15 25  0.603619
15 26  0.592610
15 27  0.555043
15 28  0.602989
15 29  0.408467
15 30  0.596904
16 17  0.560314
16 18  0.553156
16 19  0.541038
16 20  0.550205
16 21  0.554322
16 22  0.560709
16 23  0.576967
16 24  0.577756
16 25  0.576677
16 26  0.557077
16 27  0.556527
16 28  0.579674
16 29  0.570565
16 30  0.573335
17 18  0.520161
17 19  0.554756
17 20  0.561416
17 21  0.564879
17 22  0.571264
17 23  0.567922
17 24  0.588332
17 25  0.590822
17 26  0.590408
17 27  0.583200
17 28  0.590245
17 29  0.576936
17 30  0.583933
18 19  0.548221
18 20  0.554775
18 21  0.558241
18 22  0.564626
18 23  0.566732
18 24  0.581691
18 25  0.584209
18 26  0.583844
18 27  0.574349
18 28  0.583605
18 29  0.568083
18 30  0.577290
19 20  0.541392
19 21  0.548110
19 22  0.554390
19 23  0.572695
19 24  0.570959
19 25  0.544469
19 26  0.544791
19 27  0.571305
19 28  0.572761
19 29  0.565840
19 30  0.565306
20 21  0.553387
20 22  0.560280
20 23  0.579928
20 24  0.556501
20 25  0.557047
20 26  0.577333
20 27  0.578464
20 28  0.577365
20 29  0.574190
20 30  0.570441
21 22  0.519675
21 23  0.583407
21 24  0.573882
21 25  0.583438
21 26  0.584383
21 27  0.581946
21 28  0.566511
21 29  0.577693
21 30  0.567609
22 23  0.589792
22 24  0.582411
22 25  0.589757
22 26  0.590742
22 27  0.588332
22 28  0.567731
22 29  0.584082
22 30  0.576054
23 24  0.606847
23 25  0.609106
23 26  0.608058
23 27  0.582150
23 28  0.608758
23 29  0.578060
23 30  0.602451
24 25  0.605793
24 26  0.607527
24 27  0.605384
24 28  0.581907
24 29  0.601135
24 30  0.561298
25 26  0.591212
25 27  0.607595
25 28  0.607870
25 29  0.602820
25 30  0.594121
26 27  0.606440
26 28  0.609480
26 29  0.594831
26 30  0.602563
27 28  0.607300
27 29  0.562215
27 30  0.600987
28 29  0.603050
28 30  0.577666
29 30  0.596382
