  -1146.51648089
  -1146.87923997
0.00002004536700
2 2 2 2 2 2 2 2 2 2 2 2 2 2 2 0 0 0 0 0 0 0 0 0 0 0 0 0 0 0 
1  0.264747
2  0.277965
3  0.288649
4  0.274005
5  0.264668
6  0.288751
7  0.277982
8  0.310251
9  0.306652
10  0.303618
11  0.306512
12  0.310594
13  0.307085
14  0.307235
15  0.303809
16  0.280135
17  0.288488
18  0.281487
19  0.273311
20  0.280509
21  0.281411
22  0.288162
23  0.308027
24  0.306401
25  0.310215
26  0.310436
27  0.306742
28  0.308125
29  0.303449
30  0.302989
1 2  0.541847
1 3  0.552032
1 4  0.536429
1 5  0.528791
1 6  0.553486
1 7  0.542723
1 8  0.571365
1 9  0.554720
1 10  0.568309
1 11  0.571223
1 12  0.554576
1 13  0.571816
1 14  0.567734
1 15  0.564876
1 16  0.259301
1 17  0.553132
1 18  0.545455
1 19  0.537333
1 20  0.542884
1 21  0.546119
1 22  0.552908
1 23  0.567775
1 24  0.570946
1 25  0.571739
1 26  0.553405
1 27  0.551204
1 28  0.572724
1 29  0.566526
1 30  0.567683
2 3  0.523052
2 4  0.551891
2 5  0.542627
2 6  0.566715
2 7  0.555946
2 8  0.588205
2 9  0.574021
2 10  0.581567
2 11  0.584476
2 12  0.587819
2 13  0.585048
2 14  0.571012
2 15  0.574507
2 16  0.557775
2 17  0.281876
2 18  0.516903
2 19  0.550901
2 20  0.558446
2 21  0.559374
2 22  0.566119
2 23  0.554112
2 24  0.584360
2 25  0.587942
2 26  0.588226
2 27  0.583029
2 28  0.586074
2 29  0.579915
2 30  0.580945
3 4  0.562636
3 5  0.553307
3 6  0.577400
3 7  0.566631
3 8  0.598880
3 9  0.587525
3 10  0.592247
3 11  0.595158
3 12  0.598814
3 13  0.595732
3 14  0.572220
3 15  0.588268
3 16  0.566664
3 17  0.522697
3 18  0.285877
3 19  0.561876
3 20  0.569060
3 21  0.570060
3 22  0.576810
3 23  0.572493
3 24  0.595049
3 25  0.598657
3 26  0.598776
3 27  0.590675
3 28  0.596774
3 29  0.589769
3 30  0.591606
4 5  0.536362
4 6  0.562737
4 7  0.551911
4 8  0.553577
4 9  0.580472
4 10  0.575656
4 11  0.580336
4 12  0.553851
4 13  0.580753
4 14  0.580898
4 15  0.575818
4 16  0.553346
4 17  0.561891
4 18  0.555213
4 19  0.280539
4 20  0.553709
4 21  0.555142
4 22  0.561574
4 23  0.581440
4 24  0.580308
4 25  0.548711
4 26  0.548917
4 27  0.580646
4 28  0.581547
4 29  0.575888
4 30  0.575438
5 6  0.552053
5 7  0.541781
5 8  0.554163
5 9  0.571285
5 10  0.564587
5 11  0.554533
5 12  0.571627
5 13  0.567488
5 14  0.571888
5 15  0.568421
5 16  0.542493
5 17  0.553156
5 18  0.546119
5 19  0.537262
5 20  0.259280
5 21  0.545299
5 22  0.552728
5 23  0.572555
5 24  0.551014
5 25  0.552966
5 26  0.571943
5 27  0.571205
5 28  0.567755
5 29  0.568069
5 30  0.565963
6 7  0.523148
6 8  0.598580
6 9  0.595399
6 10  0.588186
6 11  0.587515
6 12  0.599323
6 13  0.572119
6 14  0.595983
6 15  0.592540
6 16  0.568788
6 17  0.577238
6 18  0.570237
6 19  0.561978
6 20  0.567137
6 21  0.285841
6 22  0.522482
6 23  0.596777
6 24  0.590467
6 25  0.598655
6 26  0.598975
6 27  0.595491
6 28  0.572422
6 29  0.592167
6 30  0.589429
7 8  0.587502
7 9  0.584633
7 10  0.574348
7 11  0.573827
7 12  0.588565
7 13  0.570911
7 14  0.585216
7 15  0.581776
7 16  0.558089
7 17  0.566463
7 18  0.559468
7 19  0.550921
7 20  0.558166
7 21  0.516810
7 22  0.281598
7 23  0.585994
7 24  0.582720
7 25  0.588025
7 26  0.588175
7 27  0.584718
7 28  0.554311
7 29  0.581422
7 30  0.579445
8 9  0.616756
8 10  0.604412
8 11  0.613856
8 12  0.601262
8 13  0.616479
8 14  0.617274
8 15  0.612996
8 16  0.587134
8 17  0.598548
8 18  0.591507
8 19  0.547977
8 20  0.565431
8 21  0.591615
8 22  0.597697
8 23  0.618248
8 24  0.612607
8 25  0.386153
8 26  0.591644
8 27  0.616807
8 28  0.614536
8 29  0.613370
8 30  0.606942
9 10  0.610200
9 11  0.613154
9 12  0.614334
9 13  0.613726
9 14  0.587144
9 15  0.573908
9 16  0.573778
9 17  0.592257
9 18  0.586768
9 19  0.579761
9 20  0.586897
9 21  0.588061
9 22  0.594812
9 23  0.574009
9 24  0.613044
9 25  0.616457
9 26  0.615372
9 27  0.418542
9 28  0.614775
9 29  0.570099
9 30  0.609525
10 11  0.573605
10 12  0.613174
10 13  0.582912
10 14  0.610829
10 15  0.607058
10 16  0.583635
10 17  0.592038
10 18  0.585105
10 19  0.575055
10 20  0.577758
10 21  0.582786
10 22  0.586948
10 23  0.611394
10 24  0.563479
10 25  0.602313
10 26  0.613787
10 27  0.610060
10 28  0.582544
10 29  0.607040
10 30  0.416194
11 12  0.616958
11 13  0.586853
11 14  0.613737
11 15  0.610250
11 16  0.586382
11 17  0.594999
11 18  0.587997
11 19  0.579620
11 20  0.574048
11 21  0.586546
11 22  0.591784
11 23  0.614538
11 24  0.417475
11 25  0.614984
11 26  0.616534
11 27  0.613245
11 28  0.574057
11 29  0.609849
11 30  0.569559
12 13  0.617469
12 14  0.616962
12 15  0.604897
12 16  0.565441
12 17  0.598352
12 18  0.592034
12 19  0.548207
12 20  0.587815
12 21  0.591774
12 22  0.598570
12 23  0.614801
12 24  0.616804
12 25  0.591860
12 26  0.386474
12 27  0.613260
12 28  0.618689
12 29  0.607807
12 30  0.613264
13 14  0.614313
13 15  0.610868
13 16  0.587029
13 17  0.595566
13 18  0.588571
13 19  0.580102
13 20  0.581156
13 21  0.557011
13 22  0.573706
13 23  0.615056
13 24  0.585311
13 25  0.613582
13 26  0.617475
13 27  0.613823
13 28  0.463965
13 29  0.610249
13 30  0.568853
14 15  0.583264
14 16  0.580921
14 17  0.574048
14 18  0.557244
14 19  0.580252
14 20  0.587547
14 21  0.588645
14 22  0.595389
14 23  0.465084
14 24  0.613632
14 25  0.617404
14 26  0.613952
14 27  0.585815
14 28  0.615302
14 29  0.569294
14 30  0.609940
15 16  0.577647
15 17  0.587449
15 18  0.583064
15 19  0.575247
15 20  0.584193
15 21  0.585219
15 22  0.591902
15 23  0.582634
15 24  0.609909
15 25  0.613763
15 26  0.602665
15 27  0.563947
15 28  0.611680
15 29  0.417629
15 30  0.606769
16 17  0.567769
16 18  0.560180
16 19  0.549958
16 20  0.559903
16 21  0.561539
16 22  0.568293
16 23  0.585376
16 24  0.586513
16 25  0.586490
16 26  0.566689
16 27  0.564258
16 28  0.588240
16 29  0.580167
16 30  0.583059
17 18  0.525404
17 19  0.561631
17 20  0.568994
17 21  0.569898
17 22  0.576648
17 23  0.573877
17 24  0.594887
17 25  0.598662
17 26  0.598093
17 27  0.589460
17 28  0.596611
17 29  0.584041
17 30  0.591464
18 19  0.554752
18 20  0.561989
18 21  0.562898
18 22  0.569648
18 23  0.572698
18 24  0.587886
18 25  0.591694
18 26  0.591164
18 27  0.580256
18 28  0.589610
18 29  0.574619
18 30  0.584455
19 20  0.550345
19 21  0.554675
19 22  0.561306
19 23  0.580486
19 24  0.578976
19 25  0.553798
19 26  0.554057
19 27  0.579296
19 28  0.580595
19 29  0.574686
19 30  0.574225
20 21  0.560475
20 22  0.567818
20 23  0.588516
20 24  0.564291
20 25  0.566754
20 26  0.587121
20 27  0.587228
20 28  0.585823
20 29  0.583894
20 30  0.580114
21 22  0.525012
21 23  0.589435
21 24  0.579849
21 25  0.590867
21 26  0.591838
21 27  0.588151
21 28  0.572533
21 29  0.584837
21 30  0.574249
22 23  0.596186
22 24  0.588734
22 25  0.597535
22 26  0.598555
22 27  0.594900
22 28  0.573760
22 29  0.591596
22 30  0.583257
23 24  0.614407
23 25  0.617912
23 26  0.616729
23 27  0.589476
23 28  0.616130
23 29  0.586092
23 30  0.610992
24 25  0.614772
24 26  0.616485
24 27  0.613120
24 28  0.589276
24 29  0.609827
24 30  0.570207
25 26  0.601336
25 27  0.616594
25 28  0.616620
25 29  0.612612
25 30  0.603539
26 27  0.615322
26 28  0.618227
26 29  0.604161
26 30  0.612349
27 28  0.614845
27 29  0.571045
27 30  0.609709
28 29  0.611551
28 30  0.585778
29 30  0.605942
