  -1146.51648089
  -1146.87985245
0.00001064013120
2 2 2 2 2 2 2 2 2 2 2 2 2 2 2 0 0 0 0 0 0 0 0 0 0 0 0 0 0 0 
1  0.266214
2  0.278716
3  0.289419
4  0.275575
5  0.266140
6  0.289535
7  0.278748
8  0.312044
9  0.307921
10  0.305274
11  0.307790
12  0.312388
13  0.308201
14  0.308337
15  0.305440
16  0.281702
17  0.289344
18  0.282242
19  0.274882
20  0.282052
21  0.282179
22  0.289028
23  0.309209
24  0.307664
25  0.311965
26  0.312194
27  0.308012
28  0.309311
29  0.305026
30  0.304586
1 2  0.544021
1 3  0.554211
1 4  0.539417
1 5  0.531674
1 6  0.555733
1 7  0.544952
1 8  0.574539
1 9  0.557146
1 10  0.571428
1 11  0.573964
1 12  0.557710
1 13  0.574399
1 14  0.570247
1 15  0.567965
1 16  0.262105
1 17  0.555450
1 18  0.547656
1 19  0.540342
1 20  0.545863
1 21  0.548340
1 22  0.555242
1 23  0.570393
1 24  0.573647
1 25  0.574975
1 26  0.556615
1 27  0.553858
1 28  0.575368
1 29  0.569554
1 30  0.570747
2 3  0.524656
2 4  0.554203
2 5  0.544846
2 6  0.568250
2 7  0.557461
2 8  0.590745
2 9  0.575932
2 10  0.583970
2 11  0.586505
2 12  0.590312
2 13  0.586915
2 14  0.572869
2 15  0.576796
2 16  0.560088
2 17  0.283499
2 18  0.518506
2 19  0.553149
2 20  0.560740
2 21  0.560893
2 22  0.567733
2 23  0.556082
2 24  0.586372
2 25  0.590404
2 26  0.590719
2 27  0.585020
2 28  0.588006
2 29  0.582247
2 30  0.583291
3 4  0.564972
3 5  0.555543
3 6  0.578953
3 7  0.568165
3 8  0.601440
3 9  0.589527
3 10  0.594666
3 11  0.597205
3 12  0.601347
3 13  0.597618
3 14  0.574000
3 15  0.590599
3 16  0.568956
3 17  0.524464
3 18  0.287461
3 19  0.564210
3 20  0.571362
3 21  0.571598
3 22  0.578446
3 23  0.574453
3 24  0.597078
3 25  0.601133
3 26  0.601291
3 27  0.592710
3 28  0.598730
3 29  0.592086
3 30  0.593962
4 5  0.539357
4 6  0.565088
4 7  0.554237
4 8  0.556842
4 9  0.583294
4 10  0.578808
4 11  0.583166
4 12  0.557124
4 13  0.583417
4 14  0.583548
4 15  0.578948
4 16  0.556454
4 17  0.564245
4 18  0.557530
4 19  0.283548
4 20  0.556799
4 21  0.557471
4 22  0.563938
4 23  0.584189
4 24  0.583134
4 25  0.552003
4 26  0.552230
4 27  0.583479
4 28  0.584301
4 29  0.579046
4 30  0.578610
5 6  0.554253
5 7  0.543979
5 8  0.557310
5 9  0.574022
5 10  0.567707
5 11  0.556972
5 12  0.574803
5 13  0.570016
5 14  0.574462
5 15  0.571519
5 16  0.545474
5 17  0.555483
5 18  0.548330
5 19  0.540280
5 20  0.262058
5 21  0.547513
5 22  0.555062
5 23  0.575195
5 24  0.553670
5 25  0.556167
5 26  0.575192
5 27  0.573921
5 28  0.570383
5 29  0.571115
5 30  0.569017
6 7  0.524784
6 8  0.601123
6 9  0.597452
6 10  0.590551
6 11  0.589536
6 12  0.601900
6 13  0.573927
6 14  0.597870
6 15  0.594948
6 16  0.571126
6 17  0.578878
6 18  0.571777
6 19  0.564326
6 20  0.569420
6 21  0.287445
6 22  0.524277
6 23  0.598743
6 24  0.592508
6 25  0.601181
6 26  0.601476
6 27  0.597543
6 28  0.574403
6 29  0.594519
6 30  0.591778
7 8  0.590004
7 9  0.586667
7 10  0.576662
7 11  0.575759
7 12  0.591121
7 13  0.572793
7 14  0.587083
7 15  0.584167
7 16  0.560421
7 17  0.568080
7 18  0.560987
7 19  0.553183
7 20  0.560470
7 21  0.518442
7 22  0.283246
7 23  0.587935
7 24  0.584718
7 25  0.590523
7 26  0.590661
7 27  0.586752
7 28  0.556296
7 29  0.583762
7 30  0.581809
8 9  0.619813
8 10  0.607696
8 11  0.616894
8 12  0.604777
8 13  0.619353
8 14  0.620153
8 15  0.616355
8 16  0.590510
8 17  0.601181
8 18  0.594019
8 19  0.551305
8 20  0.568761
8 21  0.594172
8 22  0.600340
8 23  0.621218
8 24  0.615647
8 25  0.389789
8 26  0.595109
8 27  0.619871
8 28  0.617477
8 29  0.616720
8 30  0.610273
9 10  0.613104
9 11  0.615696
9 12  0.617364
9 13  0.616106
9 14  0.589520
9 15  0.576800
9 16  0.576470
9 17  0.594345
9 18  0.588785
9 19  0.582591
9 20  0.589689
9 21  0.590099
9 22  0.596948
9 23  0.576399
9 24  0.615573
9 25  0.619492
9 26  0.618382
9 27  0.420915
9 28  0.617230
9 29  0.572961
9 30  0.612381
10 11  0.576536
10 12  0.616559
10 13  0.585577
10 14  0.613574
10 15  0.610265
10 16  0.586848
10 17  0.594528
10 18  0.587515
10 19  0.578297
10 20  0.580957
10 21  0.585158
10 22  0.589443
10 23  0.614221
10 24  0.566412
10 25  0.605686
10 26  0.617179
10 27  0.612969
10 28  0.585258
10 29  0.610265
10 30  0.419405
11 12  0.620024
11 13  0.589254
11 14  0.616112
11 15  0.613136
11 16  0.589212
11 17  0.597132
11 18  0.590030
11 19  0.582459
11 20  0.576722
11 21  0.588583
11 22  0.593891
11 23  0.616997
11 24  0.419843
11 25  0.617989
11 26  0.619585
11 27  0.615790
11 28  0.576460
11 29  0.612690
11 30  0.572449
12 13  0.620364
12 14  0.619826
12 15  0.608155
12 16  0.568791
12 17  0.600987
12 18  0.594579
12 19  0.551530
12 20  0.591166
12 21  0.594302
12 22  0.601214
12 23  0.617735
12 24  0.619863
12 25  0.595334
12 26  0.390120
12 27  0.616307
12 28  0.621666
12 29  0.611118
12 30  0.616635
13 14  0.616528
13 15  0.613603
13 16  0.589703
13 17  0.597534
13 18  0.590442
13 19  0.582787
13 20  0.583807
13 21  0.558882
13 22  0.575686
13 23  0.617354
13 24  0.587678
13 25  0.616431
13 26  0.620347
13 27  0.616210
13 28  0.466382
13 29  0.612918
13 30  0.571384
14 15  0.585887
14 16  0.583584
14 17  0.576003
14 18  0.559089
14 19  0.582924
14 20  0.590186
14 21  0.590515
14 22  0.597354
14 23  0.467486
14 24  0.615998
14 25  0.620252
14 26  0.616796
14 27  0.588174
14 28  0.617590
14 29  0.571787
14 30  0.612619
15 16  0.580843
15 17  0.589909
15 18  0.585397
15 19  0.578465
15 20  0.587364
15 21  0.587618
15 22  0.594379
15 23  0.585308
15 24  0.612787
15 25  0.617119
15 26  0.606025
15 27  0.566853
15 28  0.614486
15 29  0.420814
15 30  0.609990
16 17  0.570163
16 18  0.562444
16 19  0.553031
16 20  0.562971
16 21  0.563872
16 22  0.570725
16 23  0.588085
16 24  0.589339
16 25  0.589736
16 26  0.569893
16 27  0.566766
16 28  0.590993
16 29  0.583291
16 30  0.586216
17 18  0.527100
17 19  0.564036
17 20  0.571391
17 21  0.571521
17 22  0.578370
17 23  0.575838
17 24  0.597003
17 25  0.601256
17 26  0.600643
17 27  0.591507
17 28  0.598651
17 29  0.586422
17 30  0.593910
18 19  0.557073
18 20  0.564286
18 21  0.564419
18 22  0.571269
18 23  0.574640
18 24  0.589902
18 25  0.594196
18 26  0.593625
18 27  0.582236
18 28  0.591548
18 29  0.576806
18 30  0.586796
19 20  0.553407
19 21  0.557010
19 22  0.563720
19 23  0.583180
19 24  0.581770
19 25  0.557056
19 26  0.557318
19 27  0.582096
19 28  0.583293
19 29  0.577788
19 30  0.577344
20 21  0.562729
20 22  0.570198
20 23  0.591240
20 24  0.566772
20 25  0.569922
20 26  0.590352
20 27  0.590038
20 28  0.588515
20 29  0.587008
20 30  0.583238
21 22  0.526734
21 23  0.591382
21 24  0.581836
21 25  0.593331
21 26  0.594362
21 27  0.590187
21 28  0.574492
21 29  0.587172
21 30  0.576467
22 23  0.598232
22 24  0.590786
22 25  0.600090
22 26  0.601169
22 27  0.597036
22 28  0.575735
22 29  0.594034
22 30  0.585662
23 24  0.616846
23 25  0.620809
23 26  0.619630
23 27  0.591868
23 28  0.618493
23 29  0.588753
23 30  0.613766
24 25  0.617753
24 26  0.619497
24 27  0.615644
24 28  0.591667
24 29  0.612655
24 30  0.573137
25 26  0.604793
25 27  0.619603
25 28  0.619514
25 29  0.615871
25 30  0.606720
26 27  0.618317
26 28  0.621138
26 29  0.607329
26 30  0.615637
27 28  0.617295
27 29  0.573967
27 30  0.612564
28 29  0.614310
28 30  0.588460
29 30  0.608991
