  -1146.51648089
  -1146.88007249
0.00000015298936
2 2 2 2 2 2 2 2 2 2 2 2 2 2 2 0 0 0 0 0 0 0 0 0 0 0 0 0 0 0 
1  0.266934
2  0.279027
3  0.289759
4  0.276387
5  0.266858
6  0.289875
7  0.279058
8  0.312941
9  0.308481
10  0.306004
11  0.308352
12  0.313289
13  0.308694
14  0.308829
15  0.306170
16  0.282481
17  0.289697
18  0.282569
19  0.275680
20  0.282835
21  0.282506
22  0.289381
23  0.309718
24  0.308215
25  0.312838
26  0.313061
27  0.308564
28  0.309821
29  0.305750
30  0.305307
1 2  0.545032
1 3  0.555259
1 4  0.540923
1 5  0.533083
1 6  0.556789
1 7  0.545977
1 8  0.576109
1 9  0.558302
1 10  0.572874
1 11  0.575241
1 12  0.559264
1 13  0.575611
1 14  0.571440
1 15  0.569406
1 16  0.263486
1 17  0.556519
1 18  0.548704
1 19  0.541845
1 20  0.547322
1 21  0.549379
1 22  0.556314
1 23  0.571622
1 24  0.574913
1 25  0.576567
1 26  0.558191
1 27  0.555101
1 28  0.576593
1 29  0.570991
1 30  0.572188
2 3  0.525346
2 4  0.555319
2 5  0.545871
2 6  0.568899
2 7  0.558081
2 8  0.591951
2 9  0.576772
2 10  0.585008
2 11  0.587378
2 12  0.591503
2 13  0.587719
2 14  0.573676
2 15  0.577801
2 16  0.561176
2 17  0.284187
2 18  0.519189
2 19  0.554234
2 20  0.561831
2 21  0.561530
2 22  0.568391
2 23  0.556921
2 24  0.587235
2 25  0.591573
2 26  0.591894
2 27  0.585873
2 28  0.588824
2 29  0.583280
2 30  0.584321
3 4  0.566123
3 5  0.556598
3 6  0.579627
3 7  0.568813
3 8  0.602675
3 9  0.590410
3 10  0.595732
3 11  0.598107
3 12  0.602573
3 13  0.598450
3 14  0.574810
3 15  0.591645
3 16  0.570075
3 17  0.525218
3 18  0.288156
3 19  0.565343
3 20  0.572475
3 21  0.572264
3 22  0.579139
3 23  0.575311
3 24  0.597968
3 25  0.602322
3 26  0.602494
3 27  0.593598
3 28  0.599579
3 29  0.593138
3 30  0.595021
4 5  0.540858
4 6  0.566239
4 7  0.555352
4 8  0.558507
4 9  0.584656
4 10  0.580317
4 11  0.584531
4 12  0.558798
4 13  0.584713
4 14  0.584843
4 15  0.580457
4 16  0.558030
4 17  0.565384
4 18  0.558664
4 19  0.285043
4 20  0.558377
4 21  0.558605
4 22  0.565076
4 23  0.585510
4 24  0.584493
4 25  0.553679
4 26  0.553914
4 27  0.584839
4 28  0.585623
4 29  0.580585
4 30  0.580144
5 6  0.555299
5 7  0.544988
5 8  0.558858
5 9  0.575295
5 10  0.569146
5 11  0.558128
5 12  0.576378
5 13  0.571209
5 14  0.575670
5 15  0.572964
5 16  0.546932
5 17  0.556554
5 18  0.549368
5 19  0.541782
5 20  0.263442
5 21  0.548560
5 22  0.556131
5 23  0.576419
5 24  0.554909
5 25  0.557751
5 26  0.576778
5 27  0.575186
5 28  0.571612
5 29  0.572558
5 30  0.570448
6 7  0.525472
6 8  0.602345
6 9  0.598352
6 10  0.591597
6 11  0.590421
6 12  0.603139
6 13  0.574738
6 14  0.598701
6 15  0.596014
6 16  0.572238
6 17  0.579571
6 18  0.572443
6 19  0.565461
6 20  0.570542
6 21  0.288139
6 22  0.525032
6 23  0.599592
6 24  0.593395
6 25  0.602391
6 26  0.602658
6 27  0.598434
6 28  0.575262
6 29  0.595582
6 30  0.592828
7 8  0.591191
7 9  0.587538
7 10  0.577667
7 11  0.576601
7 12  0.592330
7 13  0.573601
7 14  0.587884
7 15  0.585205
7 16  0.561508
7 17  0.568737
7 18  0.561623
7 19  0.554267
7 20  0.561561
7 21  0.519124
7 22  0.283932
7 23  0.588752
7 24  0.585570
7 25  0.591704
7 26  0.591823
7 27  0.587614
7 28  0.557136
7 29  0.584794
7 30  0.582839
8 9  0.621265
8 10  0.609243
8 11  0.618337
8 12  0.606505
8 13  0.620724
8 14  0.621533
8 15  0.617944
8 16  0.592184
8 17  0.602425
8 18  0.595228
8 19  0.552989
8 20  0.570440
8 21  0.595394
8 22  0.601586
8 23  0.622622
8 24  0.617085
8 25  0.391636
8 26  0.596812
8 27  0.621321
8 28  0.618878
8 29  0.618330
8 30  0.611862
9 10  0.614383
9 11  0.616815
9 12  0.618808
9 13  0.617154
9 14  0.590579
9 15  0.578105
9 16  0.577739
9 17  0.595247
9 18  0.589668
9 19  0.583940
9 20  0.591023
9 21  0.590986
9 22  0.597860
9 23  0.577465
9 24  0.616686
9 25  0.620935
9 26  0.619798
9 27  0.421974
9 28  0.618301
9 29  0.574258
9 30  0.613663
10 11  0.577843
10 12  0.618153
10 13  0.586774
10 14  0.614784
10 15  0.611686
10 16  0.588357
10 17  0.595602
10 18  0.588571
10 19  0.579829
10 20  0.582472
10 21  0.586198
10 22  0.590516
10 23  0.615458
10 24  0.567717
10 25  0.607268
10 26  0.618763
10 27  0.614251
10 28  0.586460
10 29  0.611713
10 30  0.420864
11 12  0.621483
11 13  0.590317
11 14  0.617160
11 15  0.614418
11 16  0.590545
11 17  0.598047
11 18  0.590920
11 19  0.583811
11 20  0.577997
11 21  0.589469
11 22  0.594796
11 23  0.618069
11 24  0.420901
11 25  0.619415
11 26  0.621024
11 27  0.616905
11 28  0.577529
11 29  0.613979
11 30  0.573746
12 13  0.621750
12 14  0.621198
12 15  0.609707
12 16  0.570472
12 17  0.602238
12 18  0.595805
12 19  0.553204
12 20  0.592845
12 21  0.595517
12 22  0.602463
12 23  0.619139
12 24  0.621317
12 25  0.597044
12 26  0.391969
12 27  0.617750
12 28  0.623074
12 29  0.612716
12 30  0.618246
13 14  0.617507
13 15  0.614814
13 16  0.590976
13 17  0.598379
13 18  0.591260
13 19  0.584077
13 20  0.585083
13 21  0.559709
13 22  0.576537
13 23  0.618351
13 24  0.588722
13 25  0.617798
13 26  0.621703
13 27  0.617256
13 28  0.467453
13 29  0.614132
13 30  0.572563
14 15  0.587082
14 16  0.584855
14 17  0.576852
14 18  0.559914
14 19  0.584212
14 20  0.591460
14 21  0.591332
14 22  0.598198
14 23  0.468556
14 24  0.617042
14 25  0.621614
14 26  0.618154
14 27  0.589218
14 28  0.618585
14 29  0.572969
14 30  0.613826
15 16  0.582355
15 17  0.590981
15 18  0.586437
15 19  0.579997
15 20  0.588876
15 21  0.588674
15 22  0.595453
15 23  0.586511
15 24  0.614067
15 25  0.618711
15 26  0.607599
15 27  0.568160
15 28  0.615723
15 29  0.422278
15 30  0.611434
16 17  0.571282
16 18  0.563531
16 19  0.554571
16 20  0.564506
16 21  0.564977
16 22  0.571855
16 23  0.589352
16 24  0.590667
16 25  0.591347
16 26  0.571474
16 27  0.567962
16 28  0.592281
16 29  0.584785
16 30  0.587714
17 18  0.527823
17 19  0.565179
17 20  0.572524
17 21  0.572200
17 22  0.579075
17 23  0.576675
17 24  0.597907
17 25  0.602476
17 26  0.601845
17 27  0.592393
17 28  0.599513
17 29  0.587474
17 30  0.594981
18 19  0.558195
18 20  0.565394
18 21  0.565071
18 22  0.571948
18 23  0.575485
18 24  0.590779
18 25  0.595396
18 26  0.594799
18 27  0.583101
18 28  0.592383
18 29  0.577806
18 30  0.587837
19 20  0.554957
19 21  0.558132
19 22  0.564864
19 23  0.584466
19 24  0.583102
19 25  0.558704
19 26  0.558955
19 27  0.583427
19 28  0.584581
19 29  0.579284
19 30  0.578837
20 21  0.563820
20 22  0.571321
20 23  0.592531
20 24  0.567971
20 25  0.571511
20 26  0.591956
20 27  0.591370
20 28  0.589786
20 29  0.588512
20 30  0.584731
21 22  0.527458
21 23  0.592217
21 24  0.582701
21 25  0.594512
21 26  0.595555
21 27  0.591064
21 28  0.575339
21 29  0.588217
21 30  0.577465
22 23  0.599094
22 24  0.591671
22 25  0.601298
22 26  0.602382
22 27  0.597940
22 28  0.576574
22 29  0.595109
22 30  0.586712
23 24  0.617902
23 25  0.622177
23 26  0.620986
23 27  0.592916
23 28  0.619509
23 29  0.589961
23 30  0.614995
24 25  0.619163
24 26  0.620910
24 27  0.616742
24 28  0.592716
24 29  0.613926
24 30  0.574442
25 26  0.606482
25 27  0.621023
25 28  0.620878
25 29  0.617432
25 30  0.608234
26 27  0.619722
26 28  0.622500
26 29  0.608839
26 30  0.617187
27 28  0.618352
27 29  0.575275
27 30  0.613833
28 29  0.615543
28 30  0.589667
29 30  0.610378
