  -1146.52281118
  -1146.89485595
0.00008488028850
2 2 2 2 2 2 2 2 2 2 2 2 2 2 2 0 0 0 0 0 0 0 0 0 0 0 0 0 0 0 
1  0.304865
2  0.274134
3  0.296411
4  0.284000
5  0.297179
6  0.284244
7  0.328030
8  0.312559
9  0.326075
10  0.310103
11  0.320920
12  0.316785
13  0.315285
14  0.312146
15  0.314915
16  0.304076
17  0.289462
18  0.301073
19  0.288870
20  0.304963
21  0.289454
22  0.300789
23  0.314271
24  0.314044
25  0.325484
26  0.324918
27  0.326519
28  0.315794
29  0.316117
30  0.326754
1 2  0.577451
1 3  0.599515
1 4  0.587312
1 5  0.602008
1 6  0.589013
1 7  0.632554
1 8  0.605212
1 9  0.616131
1 10  0.614399
1 11  0.594725
1 12  0.621548
1 13  0.613319
1 14  0.615758
1 15  0.610756
1 16  0.346360
1 17  0.592992
1 18  0.605032
1 19  0.593534
1 20  0.601534
1 21  0.594000
1 22  0.604942
1 23  0.618296
1 24  0.605586
1 25  0.629186
1 26  0.624757
1 27  0.597748
1 28  0.619463
1 29  0.616542
1 30  0.631206
2 3  0.570474
2 4  0.557972
2 5  0.571082
2 6  0.558277
2 7  0.600502
2 8  0.585342
2 9  0.599509
2 10  0.563261
2 11  0.570929
2 12  0.589592
2 13  0.589201
2 14  0.584335
2 15  0.587113
2 16  0.577301
2 17  0.258882
2 18  0.575055
2 19  0.562391
2 20  0.578556
2 21  0.563228
2 22  0.574860
2 23  0.583843
2 24  0.583360
2 25  0.599178
2 26  0.598442
2 27  0.578772
2 28  0.589838
2 29  0.590051
2 30  0.577785
3 4  0.536295
3 5  0.593590
3 6  0.580654
3 7  0.624436
3 8  0.608850
3 9  0.614422
3 10  0.606501
3 11  0.616294
3 12  0.613196
3 13  0.587171
3 14  0.608551
3 15  0.608581
3 16  0.599576
3 17  0.585787
3 18  0.290580
3 19  0.539776
3 20  0.600905
3 21  0.585829
3 22  0.597139
3 23  0.610638
3 24  0.604583
3 25  0.621754
3 26  0.617435
3 27  0.622580
3 28  0.612098
3 29  0.585502
3 30  0.623157
4 5  0.581177
4 6  0.568243
4 7  0.612024
4 8  0.596483
4 9  0.592187
4 10  0.594087
4 11  0.603100
4 12  0.600783
4 13  0.592441
4 14  0.596138
4 15  0.593459
4 16  0.587887
4 17  0.572911
4 18  0.539634
4 19  0.281676
4 20  0.588826
4 21  0.573426
4 22  0.584754
4 23  0.598269
4 24  0.591746
4 25  0.609406
4 26  0.599971
4 27  0.609334
4 28  0.599747
4 29  0.589164
4 30  0.610651
5 6  0.537420
5 7  0.616906
5 8  0.608681
5 9  0.623251
5 10  0.605368
5 11  0.618078
5 12  0.589254
5 13  0.612463
5 14  0.606555
5 15  0.612088
5 16  0.601230
5 17  0.585471
5 18  0.598233
5 19  0.586023
5 20  0.601850
5 21  0.297321
5 22  0.545886
5 23  0.604519
5 24  0.611192
5 25  0.613858
5 26  0.622050
5 27  0.623442
5 28  0.601501
5 29  0.613284
5 30  0.622028
6 7  0.593857
6 8  0.595104
6 9  0.610309
6 10  0.592739
6 11  0.605144
6 12  0.594080
6 13  0.599523
6 14  0.591076
6 15  0.599143
6 16  0.588152
6 17  0.573345
6 18  0.585291
6 19  0.573090
6 20  0.588958
6 21  0.534461
6 22  0.294233
6 23  0.594125
6 24  0.598288
6 25  0.607931
6 26  0.609089
6 27  0.610676
6 28  0.573401
6 29  0.600325
6 30  0.610558
7 8  0.632744
7 9  0.654073
7 10  0.621888
7 11  0.648709
7 12  0.610289
7 13  0.643294
7 14  0.614889
7 15  0.642866
7 16  0.631845
7 17  0.615517
7 18  0.629032
7 19  0.616811
7 20  0.631694
7 21  0.615374
7 22  0.619614
7 23  0.582466
7 24  0.642039
7 25  0.608911
7 26  0.652726
7 27  0.654061
7 28  0.524578
7 29  0.644079
7 30  0.649468
8 9  0.637583
8 10  0.591794
8 11  0.632853
8 12  0.625755
8 13  0.627124
8 14  0.602757
8 15  0.626339
8 16  0.605510
8 17  0.599932
8 18  0.613100
8 19  0.601268
8 20  0.368376
8 21  0.601443
8 22  0.611625
8 23  0.614418
8 24  0.625164
8 25  0.633155
8 26  0.636371
8 27  0.638545
8 28  0.623304
8 29  0.627328
8 30  0.601364
9 10  0.636117
9 11  0.639119
9 12  0.642855
9 13  0.606984
9 14  0.638109
9 15  0.614676
9 16  0.625011
9 17  0.614981
9 18  0.622598
9 19  0.605813
9 20  0.630114
9 21  0.615437
9 22  0.626709
9 23  0.640296
9 24  0.609231
9 25  0.651274
9 26  0.405084
9 27  0.649164
9 28  0.641644
9 29  0.605240
9 30  0.652725
10 11  0.629017
10 12  0.619550
10 13  0.625357
10 14  0.612745
10 15  0.624768
10 16  0.613920
10 17  0.581819
10 18  0.611092
10 19  0.598774
10 20  0.586578
10 21  0.599275
10 22  0.610623
10 23  0.597827
10 24  0.623444
10 25  0.634516
10 26  0.634723
10 27  0.633187
10 28  0.623626
10 29  0.626198
10 30  0.387034
11 12  0.637584
11 13  0.632685
11 14  0.632921
11 15  0.613068
11 16  0.592522
11 17  0.586404
11 18  0.621562
11 19  0.608540
11 20  0.625466
11 21  0.610292
11 22  0.621701
11 23  0.634159
11 24  0.609934
11 25  0.646282
11 26  0.642754
11 27  0.375398
11 28  0.636705
11 29  0.633602
11 30  0.643266
12 13  0.632069
12 14  0.604029
12 15  0.631686
12 16  0.620816
12 17  0.604000
12 18  0.617845
12 19  0.605621
12 20  0.619097
12 21  0.579340
12 22  0.605247
12 23  0.602144
12 24  0.630641
12 25  0.524638
12 26  0.641676
12 27  0.642671
12 28  0.584330
12 29  0.632902
12 30  0.638276
13 14  0.627370
13 15  0.605517
13 16  0.615216
13 17  0.604432
13 18  0.588375
13 19  0.592666
13 20  0.619165
13 21  0.604678
13 22  0.615946
13 23  0.629397
13 24  0.597904
13 25  0.640527
13 26  0.603833
13 27  0.638036
13 28  0.630859
13 29  0.410193
13 30  0.642020
14 15  0.626977
14 16  0.614150
14 17  0.598838
14 18  0.613171
14 19  0.601013
14 20  0.591163
14 21  0.597101
14 22  0.606839
14 23  0.553163
14 24  0.625502
14 25  0.578320
14 26  0.636928
14 27  0.638084
14 28  0.599993
14 29  0.628001
14 30  0.625625
15 16  0.605987
15 17  0.598898
15 18  0.609924
15 19  0.598015
15 20  0.618843
15 21  0.604362
15 22  0.615636
15 23  0.628672
15 24  0.426665
15 25  0.640340
15 26  0.609905
15 27  0.615027
15 28  0.630558
15 29  0.599615
15 30  0.640758
16 17  0.591692
16 18  0.603155
16 19  0.591066
16 20  0.596699
16 21  0.593437
16 22  0.604703
16 23  0.617259
16 24  0.609230
16 25  0.628435
16 26  0.613421
16 27  0.597074
16 28  0.619096
16 29  0.613073
16 30  0.630120
17 18  0.590435
17 19  0.578135
17 20  0.592570
17 21  0.578703
17 22  0.590151
17 23  0.601293
17 24  0.601145
17 25  0.614174
17 26  0.613631
17 27  0.588709
17 28  0.604947
17 29  0.605287
17 30  0.588538
18 19  0.543961
18 20  0.605881
18 21  0.590526
18 22  0.601861
18 23  0.615327
18 24  0.611797
18 25  0.626544
18 26  0.618050
18 27  0.626283
18 28  0.616859
18 29  0.591805
18 30  0.627808
19 20  0.593736
19 21  0.578323
19 22  0.589658
19 23  0.603127
19 24  0.596749
19 25  0.614345
19 26  0.593917
19 27  0.613272
19 28  0.604659
19 29  0.597828
19 30  0.615600
20 21  0.592518
20 22  0.603792
20 23  0.610307
20 24  0.617936
20 25  0.614398
20 26  0.628770
20 27  0.630775
20 28  0.613514
20 29  0.620312
20 30  0.597999
21 22  0.544415
21 23  0.597410
21 24  0.603486
21 25  0.594735
21 26  0.614364
21 27  0.615948
21 28  0.598090
21 29  0.605567
21 30  0.614050
22 23  0.611744
22 24  0.614815
22 25  0.618255
22 26  0.625690
22 27  0.627286
22 28  0.591278
22 29  0.616896
22 30  0.626214
23 24  0.628216
23 25  0.612653
23 26  0.639048
23 27  0.640696
23 28  0.606918
23 29  0.630277
23 30  0.618835
24 25  0.639388
24 26  0.611980
24 27  0.618227
24 28  0.629732
24 29  0.607121
24 30  0.640710
25 26  0.650293
25 27  0.651886
25 28  0.606086
25 29  0.641525
25 30  0.644022
26 27  0.643300
26 28  0.640633
26 29  0.605747
26 30  0.651559
27 28  0.642256
27 29  0.638475
27 30  0.651471
28 29  0.631848
28 30  0.638354
29 30  0.642816
