  -1146.52281118
  -1146.89736147
0.00003065831440
2 2 2 2 2 2 2 2 2 2 2 2 2 2 2 0 0 0 0 0 0 0 0 0 0 0 0 0 0 0 
1  0.314043
2  0.281247
3  0.299872
4  0.287555
5  0.300278
6  0.287438
7  0.333402
8  0.321339
9  0.332532
10  0.316808
11  0.327759
12  0.321425
13  0.320461
14  0.317580
15  0.320657
16  0.313243
17  0.297125
18  0.304518
19  0.292571
20  0.313345
21  0.292487
22  0.304353
23  0.319390
24  0.319634
25  0.330994
26  0.331041
27  0.333553
28  0.320842
29  0.321165
30  0.333282
1 2  0.593696
1 3  0.611810
1 4  0.599760
1 5  0.614273
1 6  0.601351
1 7  0.647062
1 8  0.621655
1 9  0.629961
1 10  0.630252
1 11  0.610738
1 12  0.635345
1 13  0.626935
1 14  0.630213
1 15  0.625430
1 16  0.363192
1 17  0.609766
1 18  0.617577
1 19  0.606379
1 20  0.618766
1 21  0.606148
1 22  0.617597
1 23  0.632579
1 24  0.620320
1 25  0.643780
1 26  0.639588
1 27  0.614178
1 28  0.633732
1 29  0.630606
1 30  0.646893
2 3  0.581026
2 4  0.568583
2 5  0.581231
2 6  0.568544
2 7  0.612678
2 8  0.601184
2 9  0.613003
2 10  0.575573
2 11  0.583381
2 12  0.601195
2 13  0.601447
2 14  0.596711
2 15  0.599770
2 16  0.593505
2 17  0.272242
2 18  0.585551
2 19  0.573056
2 20  0.593973
2 21  0.573199
2 22  0.585488
2 23  0.596007
2 24  0.595954
2 25  0.611736
2 26  0.611615
2 27  0.592493
2 28  0.601974
2 29  0.602190
2 30  0.591194
3 4  0.543568
3 5  0.600149
3 6  0.587307
3 7  0.633267
3 8  0.621035
3 9  0.624032
3 10  0.616661
3 11  0.626419
3 12  0.621296
3 13  0.594970
3 14  0.617440
3 15  0.617660
3 16  0.612105
3 17  0.596859
3 18  0.297241
3 19  0.547331
3 20  0.612654
3 21  0.592296
3 22  0.604126
3 23  0.619222
3 24  0.613522
3 25  0.630662
3 26  0.627032
3 27  0.633002
3 28  0.620571
3 29  0.593903
3 30  0.633136
4 5  0.587832
4 6  0.574992
4 7  0.620951
4 8  0.608791
4 9  0.601108
4 10  0.604341
4 11  0.613260
4 12  0.608979
4 13  0.601140
4 14  0.605122
4 15  0.602470
4 16  0.600582
4 17  0.583981
4 18  0.547027
4 19  0.288467
4 20  0.600735
4 21  0.579994
4 22  0.591852
4 23  0.606944
4 24  0.600811
4 25  0.618436
4 26  0.609339
4 27  0.619823
4 28  0.608336
4 29  0.597860
4 30  0.620693
5 6  0.543873
5 7  0.625218
5 8  0.620388
5 9  0.632806
5 10  0.614919
5 11  0.628005
5 12  0.596235
5 13  0.620738
5 14  0.614988
5 15  0.620927
5 16  0.613467
5 17  0.596117
5 18  0.604756
5 19  0.592802
5 20  0.613316
5 21  0.303451
5 22  0.552880
5 23  0.612703
5 24  0.619881
5 25  0.622206
5 26  0.631237
5 27  0.633529
5 28  0.609725
5 29  0.621416
5 30  0.631555
6 7  0.601764
6 8  0.606759
6 9  0.619955
6 10  0.602354
6 11  0.615164
6 12  0.601898
6 13  0.607889
6 14  0.599454
6 15  0.608069
6 16  0.600386
6 17  0.584169
6 18  0.591898
6 19  0.579960
6 20  0.600400
6 21  0.540932
6 22  0.300828
6 23  0.602260
6 24  0.607070
6 25  0.616654
6 26  0.618347
6 27  0.620873
6 28  0.581564
6 29  0.608533
6 30  0.620270
7 8  0.646491
7 9  0.665891
7 10  0.632852
7 11  0.660830
7 12  0.620292
7 13  0.653838
7 14  0.625817
7 15  0.653946
7 16  0.646311
7 17  0.628435
7 18  0.637805
7 19  0.625842
7 20  0.645397
7 21  0.623783
7 22  0.628322
7 23  0.592423
7 24  0.652998
7 25  0.619953
7 26  0.664150
7 27  0.666408
7 28  0.534343
7 29  0.654474
7 30  0.661039
8 9  0.652554
8 10  0.607198
8 11  0.648457
8 12  0.638915
8 13  0.640910
8 14  0.615805
8 15  0.640741
8 16  0.623258
8 17  0.616349
8 18  0.625218
8 19  0.613713
8 20  0.384594
8 21  0.613260
8 22  0.623808
8 23  0.628123
8 24  0.639582
8 25  0.647113
8 26  0.651172
8 27  0.654336
8 28  0.636884
8 29  0.641160
8 30  0.616988
9 10  0.649262
9 11  0.652013
9 12  0.653951
9 13  0.618576
9 14  0.649958
9 15  0.627117
9 16  0.640130
9 17  0.629026
9 18  0.632488
9 19  0.615560
9 20  0.644855
9 21  0.624872
9 22  0.636657
9 23  0.651881
9 24  0.621378
9 25  0.663177
9 26  0.416830
9 27  0.662543
9 28  0.653094
9 29  0.616834
9 30  0.665695
10 11  0.642305
10 12  0.630565
10 13  0.637229
10 14  0.624913
10 15  0.637150
10 16  0.629751
10 17  0.595690
10 18  0.621203
10 19  0.609111
10 20  0.601747
10 21  0.608911
10 22  0.620873
10 23  0.609391
10 24  0.635709
10 25  0.646683
10 26  0.647522
10 27  0.646714
10 28  0.635221
10 29  0.637945
10 30  0.399912
11 12  0.649031
11 13  0.644468
11 14  0.645176
11 15  0.624957
11 16  0.608811
11 17  0.600411
11 18  0.631790
11 19  0.618998
11 20  0.640671
11 21  0.620115
11 22  0.632092
11 23  0.646078
11 24  0.622056
11 25  0.658602
11 26  0.655637
11 27  0.388901
11 28  0.648590
11 29  0.645377
11 30  0.656449
12 13  0.641884
12 14  0.613694
12 15  0.642061
12 16  0.634604
12 17  0.616190
12 18  0.625924
12 19  0.613952
12 20  0.631989
12 21  0.586767
12 22  0.613500
12 23  0.611768
12 24  0.640850
12 25  0.534146
12 26  0.652434
12 27  0.654328
12 28  0.594143
12 29  0.642589
12 30  0.649296
13 14  0.637955
13 15  0.615800
13 16  0.629436
13 17  0.617247
13 18  0.596780
13 19  0.601642
13 20  0.632714
13 21  0.612866
13 22  0.624647
13 23  0.639711
13 24  0.608391
13 25  0.651176
13 26  0.615225
13 27  0.650104
13 28  0.641064
13 29  0.420007
13 30  0.653722
14 15  0.638143
14 16  0.628625
14 17  0.611997
14 18  0.622035
14 19  0.610147
14 20  0.604516
14 21  0.605413
14 22  0.615709
14 23  0.563885
14 24  0.636504
14 25  0.588667
14 26  0.648477
14 27  0.650567
14 28  0.610241
14 29  0.638470
14 30  0.637581
15 16  0.620830
15 17  0.612174
15 18  0.618975
15 19  0.607380
15 20  0.633043
15 21  0.613141
15 22  0.624944
15 23  0.639539
15 24  0.437590
15 25  0.651601
15 26  0.621817
15 27  0.627553
15 28  0.641359
15 29  0.610016
15 30  0.652960
16 17  0.608464
16 18  0.615439
16 19  0.603633
16 20  0.612640
16 21  0.605608
16 22  0.617371
16 23  0.631402
16 24  0.623800
16 25  0.642853
16 26  0.627078
16 27  0.613245
16 28  0.633144
16 29  0.626580
16 30  0.645780
17 18  0.601521
17 19  0.589427
17 20  0.608561
17 21  0.589339
17 22  0.601354
17 23  0.613866
17 24  0.614119
17 25  0.627302
17 26  0.627345
17 27  0.601691
17 28  0.617626
17 29  0.617953
17 30  0.601264
18 19  0.551401
18 20  0.617637
18 21  0.597004
18 22  0.608868
18 23  0.623876
18 24  0.620666
18 25  0.635487
18 26  0.627404
18 27  0.636592
18 28  0.625343
18 29  0.599602
18 30  0.637768
19 20  0.605787
19 21  0.585058
19 22  0.596923
19 23  0.611940
19 24  0.605736
19 25  0.623554
19 26  0.602647
19 27  0.623730
19 28  0.613406
19 29  0.606573
19 30  0.625816
20 21  0.603664
20 22  0.615371
20 23  0.623602
20 24  0.631745
20 25  0.626976
20 26  0.643023
20 27  0.646157
20 28  0.626343
20 29  0.633577
20 30  0.613044
21 22  0.551193
21 23  0.605419
21 24  0.612100
21 25  0.602475
21 26  0.623519
21 27  0.626001
21 28  0.606184
21 29  0.613646
21 30  0.623343
22 23  0.620277
22 24  0.623953
22 25  0.627209
22 26  0.635370
22 27  0.637872
22 28  0.599153
22 29  0.625501
22 30  0.636125
23 24  0.638909
23 25  0.623576
23 26  0.650242
23 27  0.652815
23 28  0.616702
23 29  0.640400
23 30  0.629762
24 25  0.650441
24 26  0.623829
24 27  0.630164
24 28  0.640323
24 29  0.617294
24 30  0.652788
25 26  0.661887
25 27  0.664402
25 28  0.616514
25 29  0.652050
25 30  0.655773
26 27  0.656078
26 28  0.651778
26 29  0.616866
26 30  0.664176
27 28  0.654314
27 29  0.650236
27 30  0.664774
28 29  0.641915
28 30  0.649645
29 30  0.654364
