  -1146.52281118
  -1146.89810990
0.00000879542707
2 2 2 2 2 2 2 2 2 2 2 2 2 2 2 0 0 0 0 0 0 0 0 0 0 0 0 0 0 0 
1  0.316991
2  0.283674
3  0.301073
4  0.288683
5  0.301515
6  0.288546
7  0.335074
8  0.324220
9  0.334379
10  0.319031
11  0.330008
12  0.323016
13  0.322144
14  0.319408
15  0.322481
16  0.316095
17  0.299813
18  0.305732
19  0.293753
20  0.316100
21  0.293666
22  0.305650
23  0.321137
24  0.321391
25  0.332701
26  0.332833
27  0.335802
28  0.322538
29  0.322745
30  0.335542
1 2  0.599056
1 3  0.615837
1 4  0.603738
1 5  0.618449
1 6  0.605377
1 7  0.651667
1 8  0.626992
1 9  0.634188
1 10  0.635417
1 11  0.615977
1 12  0.639872
1 13  0.631370
1 14  0.634915
1 15  0.630138
1 16  0.368689
1 17  0.615374
1 18  0.621696
1 19  0.610501
1 20  0.624347
1 21  0.610251
1 22  0.621761
1 23  0.637302
1 24  0.625041
1 25  0.648427
1 26  0.644155
1 27  0.619460
1 28  0.638371
1 29  0.635131
1 30  0.652087
2 3  0.584642
2 4  0.572106
2 5  0.584848
2 6  0.572061
2 7  0.616687
2 8  0.606486
2 9  0.617269
2 10  0.579710
2 11  0.587465
2 12  0.605125
2 13  0.605543
2 14  0.600918
2 15  0.603928
2 16  0.598758
2 17  0.276889
2 18  0.589198
2 19  0.576592
2 20  0.599132
2 21  0.576742
2 22  0.589211
2 23  0.600174
2 24  0.600127
2 25  0.615859
2 26  0.615816
2 27  0.597092
2 28  0.606089
2 29  0.606184
2 30  0.595842
3 4  0.545978
3 5  0.602587
3 6  0.589616
3 7  0.636140
3 8  0.625087
3 9  0.627035
3 10  0.620080
3 11  0.629778
3 12  0.624088
3 13  0.597651
3 14  0.620466
3 15  0.620651
3 16  0.616121
3 17  0.600744
3 18  0.299660
3 19  0.549866
3 20  0.616544
3 21  0.594652
3 22  0.606580
3 23  0.622170
3 24  0.616465
3 25  0.633538
3 26  0.630021
3 27  0.636431
3 28  0.623439
3 29  0.596704
3 30  0.636586
4 5  0.590196
4 6  0.577227
4 7  0.623749
4 8  0.612788
4 9  0.603806
4 10  0.607682
4 11  0.616529
4 12  0.611697
4 13  0.603942
4 14  0.608074
4 15  0.605348
4 16  0.604551
4 17  0.587716
4 18  0.549512
4 19  0.290756
4 20  0.604605
4 21  0.582282
4 22  0.594255
4 23  0.609816
4 24  0.603701
4 25  0.621242
4 26  0.612191
4 27  0.623167
4 28  0.611153
4 29  0.600600
4 30  0.624051
5 6  0.546303
5 7  0.628067
5 8  0.624435
5 9  0.635887
5 10  0.618317
5 11  0.631482
5 12  0.598811
5 13  0.623657
5 14  0.618023
5 15  0.623985
5 16  0.617551
5 17  0.599919
5 18  0.607184
5 19  0.595193
5 20  0.617303
5 21  0.305839
5 22  0.555594
5 23  0.615665
5 24  0.622868
5 25  0.625105
5 26  0.634237
5 27  0.636987
5 28  0.612678
5 29  0.624224
5 30  0.635015
6 7  0.604382
6 8  0.610624
6 9  0.622902
6 10  0.605598
6 11  0.618512
6 12  0.604597
6 13  0.610676
6 14  0.602304
6 15  0.610993
6 16  0.604290
6 17  0.587961
6 18  0.594185
6 19  0.582223
6 20  0.604226
6 21  0.543329
6 22  0.303221
6 23  0.605064
6 24  0.609936
6 25  0.619457
6 26  0.621205
6 27  0.624230
6 28  0.584416
6 29  0.611195
6 30  0.623637
7 8  0.650956
7 9  0.669404
7 10  0.636419
7 11  0.664704
7 12  0.623617
7 13  0.657193
7 14  0.629331
7 15  0.657430
7 16  0.650797
7 17  0.632814
7 18  0.640657
7 19  0.628663
7 20  0.649826
7 21  0.626618
7 22  0.631248
7 23  0.595643
7 24  0.656420
7 25  0.623476
7 26  0.667609
7 27  0.670252
7 28  0.537617
7 29  0.657715
7 30  0.664867
8 9  0.657167
8 10  0.612311
8 11  0.653579
8 12  0.643297
8 13  0.645397
8 14  0.620140
8 15  0.645381
8 16  0.628909
8 17  0.621910
8 18  0.629248
8 19  0.617759
8 20  0.390001
8 21  0.617319
8 22  0.627940
8 23  0.632705
8 24  0.644260
8 25  0.651579
8 26  0.655823
8 27  0.659457
8 28  0.641381
8 29  0.645603
8 30  0.622259
9 10  0.653324
9 11  0.656067
9 12  0.657388
9 13  0.622130
9 14  0.653613
9 15  0.630903
9 16  0.644628
9 17  0.633533
9 18  0.635552
9 19  0.618501
9 20  0.649442
9 21  0.627869
9 22  0.639758
9 23  0.655487
9 24  0.625047
9 25  0.666693
9 26  0.420348
9 27  0.666628
9 28  0.656642
9 29  0.620354
9 30  0.669806
10 11  0.646694
10 12  0.634268
10 13  0.641129
10 14  0.628980
10 15  0.641172
10 16  0.634810
10 17  0.600464
10 18  0.624612
10 19  0.612462
10 20  0.606801
10 21  0.612297
10 22  0.624383
10 23  0.613281
10 24  0.639673
10 25  0.650606
10 26  0.651547
10 27  0.651175
10 28  0.639064
10 29  0.641744
10 30  0.404241
11 12  0.652857
11 13  0.648321
11 14  0.649251
11 15  0.628814
11 16  0.614010
11 17  0.605235
11 18  0.635223
11 19  0.622409
11 20  0.645666
11 21  0.623500
11 22  0.635628
11 23  0.650051
11 24  0.625924
11 25  0.662567
11 26  0.659696
11 27  0.393295
11 28  0.652535
11 29  0.649158
11 30  0.660931
12 13  0.645157
12 14  0.616949
12 15  0.645472
12 16  0.639044
12 17  0.620458
12 18  0.628720
12 19  0.616704
12 20  0.636265
12 21  0.589491
12 22  0.616395
12 23  0.615070
12 24  0.644190
12 25  0.537314
12 26  0.655805
12 27  0.658211
12 28  0.597518
12 29  0.645759
12 30  0.653096
13 14  0.641452
13 15  0.619085
13 16  0.633968
13 17  0.621602
13 18  0.599647
13 19  0.604530
13 20  0.637116
13 21  0.615711
13 22  0.627582
13 23  0.643144
13 24  0.611719
13 25  0.654562
13 26  0.618788
13 27  0.653969
13 28  0.644431
13 29  0.423304
13 30  0.657667
14 15  0.641790
14 16  0.633294
14 17  0.616512
14 18  0.625061
14 19  0.613158
14 20  0.608901
14 21  0.608357
14 22  0.618811
14 23  0.567626
14 24  0.640093
14 25  0.591964
14 26  0.652100
14 27  0.654649
14 28  0.613654
14 29  0.641842
14 30  0.641643
15 16  0.625522
15 17  0.616670
15 18  0.621987
15 19  0.610395
15 20  0.637646
15 21  0.616145
15 22  0.628058
15 23  0.643063
15 24  0.441238
15 25  0.655141
15 26  0.625476
15 27  0.631572
15 28  0.644878
15 29  0.613265
15 30  0.657001
16 17  0.613985
16 18  0.619406
16 19  0.607587
16 20  0.617770
16 21  0.609617
16 22  0.621482
16 23  0.635951
16 24  0.628343
16 25  0.647321
16 26  0.631162
16 27  0.618398
16 28  0.637624
16 29  0.630850
16 30  0.650870
17 18  0.605401
17 19  0.593262
17 20  0.613995
17 21  0.593174
17 22  0.605320
17 23  0.618195
17 24  0.618450
17 25  0.631674
17 26  0.631805
17 27  0.605992
17 28  0.621998
17 29  0.622207
17 30  0.605696
18 19  0.553878
18 20  0.621571
18 21  0.599396
18 22  0.611378
18 23  0.626827
18 24  0.623590
18 25  0.638398
18 26  0.630370
18 27  0.639984
18 28  0.628249
18 29  0.602238
18 30  0.641229
19 20  0.609710
19 21  0.587419
19 22  0.599402
19 23  0.614865
19 24  0.608600
19 25  0.626439
19 26  0.605344
19 27  0.627041
19 28  0.616283
19 29  0.609342
19 30  0.629248
20 21  0.607513
20 22  0.619342
20 23  0.628062
20 24  0.636210
20 25  0.631009
20 26  0.647457
20 27  0.651137
20 28  0.630649
20 29  0.637834
20 30  0.618144
21 22  0.553745
21 23  0.608266
21 24  0.615032
21 25  0.605109
21 26  0.626485
21 27  0.629420
21 28  0.609064
21 29  0.616404
21 30  0.626689
22 23  0.623256
22 24  0.626998
22 25  0.630165
22 26  0.638449
22 27  0.641407
22 28  0.601956
22 29  0.628373
22 30  0.639645
23 24  0.642404
23 25  0.627126
23 26  0.653762
23 27  0.656797
23 28  0.620011
23 29  0.643702
23 30  0.633511
24 25  0.653885
24 26  0.627475
24 27  0.633973
24 28  0.643748
24 29  0.620454
24 30  0.656792
25 26  0.665358
25 27  0.668350
25 28  0.619916
25 29  0.655318
25 30  0.659678
26 27  0.660071
26 28  0.655243
26 29  0.620285
26 30  0.668222
27 28  0.658240
27 29  0.653966
27 30  0.669199
28 29  0.645174
28 30  0.653498
29 30  0.658187
