   -993.88621443
   -994.18620635
0.00073275714700
2 2 2 2 2 2 2 2 2 2 2 2 2 0 0 0 0 0 0 0 0 0 0 0 0 0 
1  0.257722
2  0.260460
3  0.278274
4  0.242356
5  0.258803
6  0.282327
7  0.289432
8  0.260923
9  0.270791
10  0.272429
11  0.250607
12  0.246392
13  0.259973
14  0.263750
15  0.257823
16  0.271554
17  0.273824
18  0.265341
19  0.283693
20  0.278445
21  0.261290
22  0.248399
23  0.292647
24  0.243040
25  0.262328
26  0.259255
1 2  0.517259
1 3  0.534251
1 4  0.499862
1 5  0.466455
1 6  0.539914
1 7  0.547146
1 8  0.488986
1 9  0.528512
1 10  0.530149
1 11  0.508300
1 12  0.503995
1 13  0.517635
1 14  0.521410
1 15  0.515294
1 16  0.529252
1 17  0.531542
1 18  0.484920
1 19  0.540894
1 20  0.534653
1 21  0.464511
1 22  0.505740
1 23  0.550347
1 24  0.500503
1 25  0.519960
1 26  0.245938
2 3  0.531940
2 4  0.475406
2 5  0.517738
2 6  0.542355
2 7  0.549833
2 8  0.516188
2 9  0.531224
2 10  0.532850
2 11  0.511036
2 12  0.478116
2 13  0.518834
2 14  0.521657
2 15  0.518195
2 16  0.531946
2 17  0.534250
2 18  0.513835
2 19  0.543909
2 20  0.525592
2 21  0.519987
2 22  0.472037
2 23  0.552677
2 24  0.466414
2 25  0.301226
2 26  0.519635
3 4  0.519616
3 5  0.536136
3 6  0.544566
3 7  0.566674
3 8  0.532694
3 9  0.549014
3 10  0.550566
3 11  0.525683
3 12  0.523109
3 13  0.506546
3 14  0.505148
3 15  0.533612
3 16  0.549432
3 17  0.551835
3 18  0.530948
3 19  0.535909
3 20  0.318125
3 21  0.539291
3 22  0.525023
3 23  0.570752
3 24  0.521147
3 25  0.527053
3 26  0.536063
4 5  0.500791
4 6  0.524633
4 7  0.531774
4 8  0.501403
4 9  0.513142
4 10  0.514779
4 11  0.492951
4 12  0.446663
4 13  0.502242
4 14  0.505971
4 15  0.500129
4 16  0.513908
4 17  0.516178
4 18  0.505959
4 19  0.525923
4 20  0.520638
4 21  0.502324
4 22  0.441437
4 23  0.535002
4 24  0.233442
4 25  0.469607
4 26  0.501333
5 6  0.541102
5 7  0.548228
5 8  0.490283
5 9  0.529593
5 10  0.531231
5 11  0.509393
5 12  0.505015
5 13  0.518687
5 14  0.522443
5 15  0.516572
5 16  0.530349
5 17  0.532621
5 18  0.486475
5 19  0.542278
5 20  0.536945
5 21  0.246634
5 22  0.506962
5 23  0.551449
5 24  0.500794
5 25  0.519573
5 26  0.463442
6 7  0.561892
6 8  0.542331
6 9  0.549969
6 10  0.553066
6 11  0.512469
6 12  0.528686
6 13  0.515706
6 14  0.513191
6 15  0.511607
6 16  0.553441
6 17  0.554376
6 18  0.546621
6 19  0.337538
6 20  0.536147
6 21  0.543512
6 22  0.530630
6 23  0.557634
6 24  0.525256
6 25  0.544564
6 26  0.541198
7 8  0.550349
7 9  0.530406
7 10  0.532478
7 11  0.521705
7 12  0.535813
7 13  0.547146
7 14  0.551361
7 15  0.521771
7 16  0.521255
7 17  0.525153
7 18  0.554505
7 19  0.555358
7 20  0.567717
7 21  0.550722
7 22  0.537796
7 23  0.351512
7 24  0.532404
7 25  0.551297
7 26  0.548670
8 9  0.531708
8 10  0.533342
8 11  0.511409
8 12  0.505979
8 13  0.520323
8 14  0.524523
8 15  0.517831
8 16  0.532382
8 17  0.534747
8 18  0.307969
8 19  0.543725
8 20  0.527021
8 21  0.483984
8 22  0.509228
8 23  0.553366
8 24  0.502665
8 25  0.511138
8 26  0.482317
9 10  0.496188
9 11  0.518072
9 12  0.517178
9 13  0.530450
9 14  0.533536
9 15  0.527521
9 16  0.492113
9 17  0.266968
9 18  0.536111
9 19  0.553493
9 20  0.548735
9 21  0.532079
9 22  0.519187
9 23  0.522346
9 24  0.513731
9 25  0.533077
9 26  0.530028
10 11  0.518048
10 12  0.518817
10 13  0.532301
10 14  0.535921
10 15  0.525980
10 16  0.266527
10 17  0.491333
10 18  0.537639
10 19  0.555440
10 20  0.550457
10 21  0.533718
10 22  0.520784
10 23  0.527227
10 24  0.515231
10 25  0.534755
10 26  0.531640
11 12  0.496988
11 13  0.508313
11 14  0.513827
11 15  0.232838
11 16  0.519351
11 17  0.523676
11 18  0.515005
11 19  0.507244
11 20  0.526736
11 21  0.511871
11 22  0.498993
11 23  0.516132
11 24  0.493582
11 25  0.512646
11 26  0.509682
12 13  0.506191
12 14  0.509176
12 15  0.504211
12 16  0.517943
12 17  0.520203
12 18  0.511600
12 19  0.529839
12 20  0.523584
12 21  0.507338
12 22  0.230258
12 23  0.538974
12 24  0.444312
12 25  0.470199
12 26  0.505280
13 14  0.252645
13 15  0.517126
13 16  0.531150
13 17  0.532606
13 18  0.525168
13 19  0.511830
13 20  0.500603
13 21  0.521155
13 22  0.507565
13 23  0.550983
13 24  0.502822
13 25  0.520426
13 26  0.519152
14 15  0.517995
14 16  0.535077
14 17  0.537092
14 18  0.528191
14 19  0.520037
14 20  0.510249
14 21  0.524947
14 22  0.511823
14 23  0.553597
14 24  0.506563
14 25  0.524040
14 26  0.522923
15 16  0.524053
15 17  0.527370
15 18  0.522953
15 19  0.520049
15 20  0.532754
15 21  0.519091
15 22  0.506211
15 23  0.529609
15 24  0.500851
15 25  0.520108
15 26  0.517040
16 17  0.498262
16 18  0.536887
16 19  0.552245
16 20  0.549866
16 21  0.532844
16 22  0.519949
16 23  0.535346
16 24  0.514583
16 25  0.533865
16 26  0.530808
17 18  0.539163
17 19  0.554239
17 20  0.552157
17 21  0.535114
17 22  0.522218
17 23  0.535604
17 24  0.516855
17 25  0.536142
17 26  0.533079
18 19  0.547741
18 20  0.536341
18 21  0.497135
18 22  0.512110
18 23  0.557970
18 24  0.506292
18 25  0.521344
18 26  0.495030
19 20  0.546709
19 21  0.544944
19 22  0.532011
19 23  0.567521
19 24  0.526648
19 25  0.545140
19 26  0.542790
20 21  0.538546
20 22  0.524957
20 23  0.569732
20 24  0.519909
20 25  0.534242
20 26  0.535711
21 22  0.509436
21 23  0.553929
21 24  0.503993
21 25  0.521784
21 26  0.469814
22 23  0.541033
22 24  0.449274
22 25  0.481983
22 26  0.507559
23 24  0.535661
23 25  0.554912
23 26  0.551893
24 25  0.477529
24 26  0.502041
25 26  0.520328
