   -993.88621443
   -994.19102818
0.00031707145500
2 2 2 2 2 2 2 2 2 2 2 2 2 0 0 0 0 0 0 0 0 0 0 0 0 0 
1  0.266370
2  0.275470
3  0.287580
4  0.259277
5  0.267744
6  0.290160
7  0.295066
8  0.279580
9  0.274008
10  0.276113
11  0.256847
12  0.259895
13  0.266186
14  0.270421
15  0.264188
16  0.275375
17  0.277285
18  0.283003
19  0.291214
20  0.288049
21  0.270789
22  0.261724
23  0.297927
24  0.259513
25  0.277303
26  0.268782
1 2  0.540730
1 3  0.551948
1 4  0.525482
1 5  0.485089
1 6  0.556346
1 7  0.561429
1 8  0.513558
1 9  0.540377
1 10  0.542480
1 11  0.523168
1 12  0.526189
1 13  0.532490
1 14  0.536708
1 15  0.530280
1 16  0.541717
1 17  0.543652
1 18  0.508151
1 19  0.556994
1 20  0.552849
1 21  0.483618
1 22  0.527792
1 23  0.564271
1 24  0.525619
1 25  0.543535
1 26  0.260844
2 3  0.555837
2 4  0.504244
2 5  0.541324
2 6  0.565064
2 7  0.570452
2 8  0.548911
2 9  0.549426
2 10  0.551526
2 11  0.532282
2 12  0.504542
2 13  0.539917
2 14  0.543394
2 15  0.539501
2 16  0.550836
2 17  0.552669
2 18  0.546448
2 19  0.566421
2 20  0.550344
2 21  0.544722
2 22  0.497727
2 23  0.572884
2 24  0.494907
2 25  0.326159
2 26  0.544097
3 4  0.545636
3 5  0.554149
3 6  0.560994
3 7  0.581376
3 8  0.560074
3 9  0.561518
3 10  0.563553
3 11  0.540948
3 12  0.545441
3 13  0.521872
3 14  0.521106
3 15  0.549233
3 16  0.562424
3 17  0.564542
3 18  0.557271
3 19  0.552327
3 20  0.336534
3 21  0.558109
3 22  0.547696
3 23  0.585300
3 24  0.546857
3 25  0.551644
3 26  0.554824
4 5  0.526621
4 6  0.549388
4 7  0.554297
4 8  0.536873
4 9  0.533254
4 10  0.535347
4 11  0.516098
4 12  0.474233
4 13  0.525335
4 14  0.529556
4 15  0.523410
4 16  0.534440
4 17  0.536527
4 18  0.540583
4 19  0.550294
4 20  0.547106
4 21  0.528888
4 22  0.468758
4 23  0.557203
4 24  0.253609
4 25  0.498222
4 26  0.527809
5 6  0.557848
5 7  0.562803
5 8  0.514822
5 9  0.541752
5 10  0.543857
5 11  0.524559
5 12  0.527470
5 13  0.533834
5 14  0.538004
5 15  0.531885
5 16  0.543114
5 17  0.545025
5 18  0.510191
5 19  0.558772
5 20  0.555511
5 21  0.261732
5 22  0.529279
5 23  0.565670
5 24  0.526290
5 25  0.543689
5 26  0.482824
6 7  0.574685
6 8  0.568692
6 9  0.560746
6 10  0.564297
6 11  0.526071
6 12  0.550010
6 13  0.529196
6 14  0.527347
6 15  0.525595
6 16  0.565048
6 17  0.565570
6 18  0.572141
6 19  0.353194
6 20  0.552847
6 21  0.560840
6 22  0.551782
6 23  0.570099
6 24  0.549492
6 25  0.567351
6 26  0.558378
7 8  0.574636
7 9  0.538927
7 10  0.541271
7 11  0.533064
7 12  0.554921
7 13  0.558656
7 14  0.563614
7 15  0.533416
7 16  0.530452
7 17  0.533980
7 18  0.577821
7 19  0.567773
7 20  0.582909
7 21  0.565853
7 22  0.556735
7 23  0.362837
7 24  0.554532
7 25  0.571821
7 26  0.563823
8 9  0.553580
8 10  0.555679
8 11  0.536290
8 12  0.538169
8 13  0.545014
8 14  0.549780
8 15  0.542738
8 16  0.554868
8 17  0.556864
8 18  0.333678
8 19  0.569864
8 20  0.554479
8 21  0.508402
8 22  0.541191
8 23  0.577198
8 24  0.537881
8 25  0.544848
8 26  0.506721
9 10  0.503395
9 11  0.526999
9 12  0.533882
9 13  0.539817
9 14  0.543243
9 15  0.536988
9 16  0.499498
9 17  0.273654
9 18  0.556990
9 19  0.564204
9 20  0.561512
9 21  0.544793
9 22  0.535731
9 23  0.530753
9 24  0.533428
9 25  0.551196
9 26  0.542771
10 11  0.527449
10 12  0.535988
10 13  0.542174
10 14  0.546307
10 15  0.535852
10 16  0.273894
10 17  0.498763
10 18  0.558953
10 19  0.566604
10 20  0.563632
10 21  0.546897
10 22  0.537787
10 23  0.536059
10 24  0.535357
10 25  0.553415
10 26  0.544837
11 12  0.516714
11 13  0.520462
11 14  0.526600
11 15  0.243428
11 16  0.529355
11 17  0.533255
11 18  0.538667
11 19  0.520789
11 20  0.542501
11 21  0.527604
11 22  0.518557
11 23  0.527371
11 24  0.516315
11 25  0.533850
11 26  0.525303
12 13  0.525810
12 14  0.529294
12 15  0.524080
12 16  0.535218
12 17  0.537178
12 18  0.542742
12 19  0.550810
12 20  0.546610
12 21  0.530393
12 22  0.251053
12 23  0.557749
12 24  0.471291
12 25  0.495734
12 26  0.528349
13 14  0.264074
13 15  0.529638
13 16  0.541148
13 17  0.542245
13 18  0.548988
13 19  0.525323
13 20  0.516421
13 21  0.536821
13 22  0.527001
13 23  0.562456
13 24  0.525517
13 25  0.541624
13 26  0.534892
14 15  0.530672
14 16  0.545538
14 17  0.547126
14 18  0.552186
14 19  0.533818
14 20  0.526273
14 21  0.541127
14 22  0.531729
14 23  0.565217
14 24  0.529706
14 25  0.545461
14 26  0.539115
15 16  0.533781
15 17  0.536905
15 18  0.546944
15 19  0.533291
15 20  0.548233
15 21  0.534935
15 22  0.525900
15 23  0.540638
15 24  0.523693
15 25  0.541448
15 26  0.532912
16 17  0.505717
16 18  0.558368
16 19  0.563252
16 20  0.563275
16 21  0.546159
16 22  0.537082
16 23  0.544267
16 24  0.534774
16 25  0.552613
16 26  0.544154
17 18  0.560285
17 19  0.564838
17 20  0.565191
17 21  0.548073
17 22  0.538998
17 23  0.544023
17 24  0.536767
17 25  0.554560
17 26  0.546067
18 19  0.572804
18 20  0.562804
18 21  0.521502
18 22  0.543107
18 23  0.580906
18 24  0.540220
18 25  0.552976
18 26  0.519702
19 20  0.563230
19 21  0.561926
19 22  0.552831
19 23  0.579685
19 24  0.550640
19 25  0.567444
19 26  0.559810
20 21  0.557296
20 22  0.547591
20 23  0.584389
20 24  0.545717
20 25  0.558518
20 26  0.554488
21 22  0.532307
21 23  0.568707
21 24  0.529890
21 25  0.545855
21 26  0.489691
22 23  0.559631
22 24  0.476223
22 25  0.507906
22 26  0.530448
23 24  0.557405
23 25  0.575165
23 26  0.566696
24 25  0.506489
24 26  0.528101
25 26  0.544503
