   -993.88621443
   -994.19361597
0.00017573706100
2 2 2 2 2 2 2 2 2 2 2 2 2 0 0 0 0 0 0 0 0 0 0 0 0 0 
1  0.272758
2  0.285528
3  0.294656
4  0.268106
5  0.273354
6  0.294506
7  0.297782
8  0.289263
9  0.275882
10  0.278078
11  0.259848
12  0.268179
13  0.270051
14  0.274385
15  0.267347
16  0.277333
17  0.279193
18  0.292478
19  0.295504
20  0.294942
21  0.276576
22  0.270693
23  0.300578
24  0.268622
25  0.286776
26  0.275327
1 2  0.557063
1 3  0.564983
1 4  0.540677
1 5  0.497459
1 6  0.567037
1 7  0.570527
1 8  0.527843
1 9  0.548638
1 10  0.550832
1 11  0.532536
1 12  0.540832
1 13  0.542719
1 14  0.547044
1 15  0.539748
1 16  0.550045
1 17  0.551940
1 18  0.521699
1 19  0.567629
1 20  0.566158
1 21  0.495588
1 22  0.543161
1 23  0.573308
1 24  0.541137
1 25  0.559311
1 26  0.273190
2 3  0.572657
2 4  0.521771
2 5  0.556794
2 6  0.579386
2 7  0.583209
2 8  0.568221
2 9  0.561344
2 10  0.563519
2 11  0.545331
2 12  0.520924
2 13  0.553684
2 14  0.557400
2 15  0.552704
2 16  0.562852
2 17  0.564600
2 18  0.565787
2 19  0.580742
2 20  0.567311
2 21  0.560391
2 22  0.514461
2 23  0.585571
2 24  0.512045
2 25  0.343819
2 26  0.560615
3 4  0.561334
3 5  0.566698
3 6  0.572151
3 7  0.590995
3 8  0.575975
3 9  0.570449
3 10  0.572585
3 11  0.550685
3 12  0.560499
3 13  0.532839
3 14  0.532217
3 15  0.559406
3 16  0.571410
3 17  0.573496
3 18  0.573621
3 19  0.563512
3 20  0.349395
3 21  0.570929
3 22  0.563572
3 23  0.594996
3 24  0.562990
3 25  0.568171
3 26  0.568352
4 5  0.541005
4 6  0.562549
4 7  0.565816
4 8  0.555149
4 9  0.543937
4 10  0.546068
4 11  0.527924
4 12  0.490046
4 13  0.538007
4 14  0.542335
4 15  0.535383
4 16  0.545225
4 17  0.547251
4 18  0.558868
4 19  0.563387
4 20  0.562786
4 21  0.543479
4 22  0.485236
4 23  0.568682
4 24  0.267366
4 25  0.514705
4 26  0.543189
5 6  0.567784
5 7  0.571126
5 8  0.528597
5 9  0.549235
5 10  0.551430
5 11  0.533155
5 12  0.541346
5 13  0.543305
5 14  0.547505
5 15  0.540653
5 16  0.550683
5 17  0.552540
5 18  0.522954
5 19  0.568669
5 20  0.567980
5 21  0.272826
5 22  0.543856
5 23  0.573931
5 24  0.541013
5 25  0.558622
5 26  0.494716
6 7  0.581444
6 8  0.582507
6 9  0.566733
6 10  0.570452
6 11  0.533203
6 12  0.562628
6 13  0.537210
6 14  0.535639
6 15  0.533058
6 16  0.571299
6 17  0.571809
6 18  0.585941
6 19  0.361266
6 20  0.563955
6 21  0.570963
6 22  0.565083
6 23  0.576919
6 24  0.562939
6 25  0.581148
6 26  0.569262
7 8  0.587032
7 9  0.543359
7 10  0.545907
7 11  0.538585
7 12  0.565896
7 13  0.565009
7 14  0.570290
7 15  0.539285
7 16  0.535099
7 17  0.538511
7 18  0.589967
7 19  0.574671
7 20  0.592482
7 21  0.574357
7 22  0.568407
7 23  0.368127
7 24  0.566358
7 25  0.583964
7 26  0.573086
8 9  0.565132
8 10  0.567322
8 11  0.548935
8 12  0.556047
8 13  0.558473
8 14  0.563397
8 15  0.555461
8 16  0.566504
8 17  0.568455
8 18  0.352462
8 19  0.583801
8 20  0.570660
8 21  0.521504
8 22  0.559747
8 23  0.589505
8 24  0.556556
8 25  0.563917
8 26  0.520763
9 10  0.507408
9 11  0.531682
9 12  0.544028
9 13  0.545497
9 14  0.549012
9 15  0.541946
9 16  0.503522
9 17  0.277275
9 18  0.568343
9 19  0.570322
9 20  0.570257
9 21  0.552450
9 22  0.546574
9 23  0.535245
9 24  0.544425
9 25  0.562552
9 26  0.551174
10 11  0.532134
10 12  0.546211
10 13  0.547978
10 14  0.552207
10 15  0.540869
10 16  0.277751
10 17  0.502857
10 18  0.570416
10 19  0.572803
10 20  0.572450
10 21  0.554639
10 22  0.548709
10 23  0.540680
10 24  0.546476
10 25  0.564849
10 26  0.553303
11 12  0.527988
11 13  0.527177
11 14  0.533499
11 15  0.248989
11 16  0.534236
11 17  0.538104
11 18  0.551110
11 19  0.528039
11 20  0.552353
11 21  0.536384
11 22  0.530517
11 23  0.533005
11 24  0.528406
11 25  0.546290
11 26  0.534819
12 13  0.537889
12 14  0.541526
12 15  0.535524
12 16  0.545468
12 17  0.547364
12 18  0.560429
12 19  0.563376
12 20  0.561765
12 21  0.544461
12 22  0.265704
12 23  0.568659
12 24  0.487353
12 25  0.511764
12 26  0.543183
13 14  0.271087
13 15  0.536592
13 16  0.546927
13 17  0.547911
13 18  0.562289
13 19  0.533510
13 20  0.527371
13 21  0.546432
13 22  0.539793
13 23  0.568961
13 24  0.538471
13 25  0.554981
13 26  0.545284
14 15  0.537606
14 16  0.551432
14 17  0.552909
14 18  0.565504
14 19  0.542008
14 20  0.537166
14 21  0.550877
14 22  0.544571
14 23  0.571606
14 24  0.542718
14 25  0.558775
14 26  0.549592
15 16  0.538710
15 17  0.541795
15 18  0.559537
15 19  0.540475
15 20  0.557982
15 21  0.543867
15 22  0.538020
15 23  0.546218
15 24  0.535959
15 25  0.554076
15 26  0.542589
16 17  0.509779
16 18  0.569800
16 19  0.569264
16 20  0.572108
16 21  0.553906
16 22  0.547992
16 23  0.548909
16 24  0.545750
16 25  0.564025
16 26  0.552658
17 18  0.571663
17 19  0.570775
17 20  0.573971
17 21  0.555768
17 22  0.549865
17 23  0.548461
17 24  0.547774
17 25  0.565929
17 26  0.554519
18 19  0.586373
18 20  0.578472
18 21  0.535151
18 22  0.561468
18 23  0.593027
18 24  0.558605
18 25  0.571521
18 26  0.533943
19 20  0.574246
19 21  0.571990
19 22  0.566071
19 23  0.586323
19 24  0.564023
19 25  0.581112
19 26  0.570606
20 21  0.569771
20 22  0.563087
20 23  0.593735
20 24  0.561391
20 25  0.574617
20 26  0.567500
21 22  0.547047
21 23  0.577142
21 24  0.544738
21 25  0.560856
21 26  0.502461
22 23  0.571243
22 24  0.492793
22 25  0.524472
22 26  0.545939
23 24  0.569150
23 25  0.587287
23 26  0.575889
24 25  0.523736
24 26  0.543747
25 26  0.560282
