   -993.88621443
   -994.19545861
0.00000015105830
2 2 2 2 2 2 2 2 2 2 2 2 2 0 0 0 0 0 0 0 0 0 0 0 0 0 
1  0.278652
2  0.293571
3  0.301166
4  0.275496
5  0.278990
6  0.297487
7  0.299104
8  0.297700
9  0.276840
10  0.279260
11  0.261515
12  0.275834
13  0.273099
14  0.277639
15  0.269080
16  0.278581
17  0.280136
18  0.300822
19  0.298499
20  0.301314
21  0.282323
22  0.278207
23  0.301855
24  0.276174
25  0.294797
26  0.281395
1 2  0.570806
1 3  0.576703
1 4  0.553934
1 5  0.509647
1 6  0.575816
1 7  0.577735
1 8  0.540656
1 9  0.555487
1 10  0.557904
1 11  0.540043
1 12  0.554336
1 13  0.551605
1 14  0.556153
1 15  0.547246
1 16  0.557165
1 17  0.558766
1 18  0.534636
1 19  0.576358
1 20  0.578158
1 21  0.507507
1 22  0.556558
1 23  0.580465
1 24  0.554568
1 25  0.573148
1 26  0.284865
2 3  0.586834
2 4  0.535994
2 5  0.570160
2 6  0.590347
2 7  0.592567
2 8  0.584428
2 9  0.570325
2 10  0.572713
2 11  0.555037
2 12  0.534834
2 13  0.564644
2 14  0.568739
2 15  0.562479
2 16  0.572141
2 17  0.573579
2 18  0.582134
2 19  0.591745
2 20  0.581769
2 21  0.574094
2 22  0.528158
2 23  0.594879
2 24  0.526303
2 25  0.359238
2 26  0.574639
3 4  0.574986
3 5  0.578417
3 6  0.581544
3 7  0.598729
3 8  0.590199
3 9  0.577910
3 10  0.580265
3 11  0.558704
3 12  0.574238
3 13  0.542516
3 14  0.542070
3 15  0.567642
3 16  0.579144
3 17  0.580945
3 18  0.588352
3 19  0.573001
3 20  0.361930
3 21  0.583064
3 22  0.577436
3 23  0.602763
3 24  0.576954
3 25  0.582750
3 26  0.580677
4 5  0.553961
4 6  0.572911
4 7  0.574484
4 8  0.570797
4 9  0.552257
4 10  0.554542
4 11  0.536976
4 12  0.504212
4 13  0.548414
4 14  0.552966
4 15  0.544500
4 16  0.553813
4 17  0.555567
4 18  0.574548
4 19  0.573758
4 20  0.576463
4 21  0.556641
4 22  0.499244
4 23  0.577346
4 24  0.279317
4 25  0.528474
4 26  0.556620
5 6  0.576361
5 7  0.578082
5 8  0.541214
5 9  0.555827
5 10  0.558244
5 11  0.540424
5 12  0.554608
5 13  0.551964
5 14  0.556299
5 15  0.548008
5 16  0.557562
5 17  0.559107
5 18  0.535185
5 19  0.577273
5 20  0.579893
5 21  0.283847
5 22  0.556984
5 23  0.580843
5 24  0.554236
5 25  0.572200
5 26  0.506701
6 7  0.585659
6 8  0.593758
6 9  0.570587
6 10  0.574549
6 11  0.537722
6 12  0.573237
6 13  0.543217
6 14  0.541960
6 15  0.537779
6 16  0.575495
6 17  0.575737
6 18  0.597279
6 19  0.367331
6 20  0.573284
6 21  0.579672
6 22  0.575547
6 23  0.581167
6 24  0.573445
6 25  0.592124
6 26  0.578172
7 8  0.596788
7 9  0.545664
7 10  0.548495
7 11  0.541550
7 12  0.574839
7 13  0.569287
7 14  0.574881
7 15  0.542403
7 16  0.537753
7 17  0.540817
7 18  0.599641
7 19  0.579005
7 20  0.600152
7 21  0.581426
7 22  0.577221
7 23  0.371010
7 24  0.575226
7 25  0.593291
7 26  0.580468
8 9  0.574518
8 10  0.576938
8 11  0.559012
8 12  0.572014
8 13  0.569823
8 14  0.575035
8 15  0.565607
8 16  0.576178
8 17  0.577833
8 18  0.368035
8 19  0.595252
8 20  0.585343
8 21  0.534126
8 22  0.575606
8 23  0.599219
8 24  0.572480
8 25  0.580303
8 26  0.533755
9 10  0.509647
9 11  0.534237
9 12  0.552616
9 13  0.549468
9 14  0.553188
9 15  0.544614
9 16  0.505864
9 17  0.279237
9 18  0.577648
9 19  0.574274
9 20  0.577580
9 21  0.559139
9 22  0.555046
9 23  0.537553
9 24  0.552914
9 25  0.571515
9 26  0.558164
10 11  0.534931
10 12  0.555020
10 13  0.552201
10 14  0.556642
10 15  0.543792
10 16  0.280317
10 17  0.505117
10 18  0.579933
10 19  0.576957
10 20  0.579976
10 21  0.561555
10 22  0.557384
10 23  0.543219
10 24  0.555156
10 25  0.574051
10 26  0.560517
11 12  0.537297
11 13  0.531816
11 14  0.538382
11 15  0.252231
11 16  0.537157
11 17  0.540687
11 18  0.561081
11 19  0.532737
11 20  0.560394
11 21  0.543797
11 22  0.539694
11 23  0.535987
11 24  0.537618
11 25  0.555981
11 26  0.542455
12 13  0.548482
12 14  0.552255
12 15  0.544910
12 16  0.554359
12 17  0.555960
12 18  0.576331
12 19  0.573967
12 20  0.575637
12 21  0.557846
12 22  0.279682
12 23  0.577552
12 24  0.501294
12 25  0.525565
12 26  0.556892
13 14  0.277042
13 15  0.541336
13 16  0.551223
13 17  0.551864
13 18  0.573637
13 19  0.539635
13 20  0.536966
13 21  0.555148
13 22  0.550205
13 23  0.573297
13 24  0.549048
13 25  0.566060
13 26  0.554362
14 15  0.542499
14 16  0.555924
14 17  0.557061
14 18  0.576939
14 19  0.548270
14 20  0.546874
14 21  0.559860
14 22  0.555177
14 23  0.576041
14 24  0.553456
14 25  0.569918
14 26  0.558842
15 16  0.541650
15 17  0.544420
15 18  0.569575
15 19  0.545057
15 20  0.565921
15 21  0.551313
15 22  0.547261
15 23  0.549203
15 24  0.545242
15 25  0.563825
15 26  0.550331
16 17  0.512091
16 18  0.579392
16 19  0.573400
16 20  0.579714
16 21  0.560895
16 22  0.556723
16 23  0.551521
16 24  0.554410
16 25  0.573266
16 26  0.559970
17 18  0.580943
17 19  0.574619
17 20  0.581272
17 21  0.562456
17 22  0.558304
17 23  0.550705
17 24  0.556245
17 25  0.574883
17 26  0.561529
18 19  0.597555
18 20  0.592541
18 21  0.547672
18 22  0.577200
18 23  0.602642
18 24  0.574328
18 25  0.587621
18 26  0.546859
19 20  0.583571
19 21  0.580688
19 22  0.576527
19 23  0.590520
19 24  0.574545
19 25  0.592044
19 26  0.579578
20 21  0.581327
20 22  0.576549
20 23  0.601281
20 24  0.574953
20 25  0.588702
20 26  0.579207
21 22  0.560283
21 23  0.584162
21 24  0.557977
21 25  0.574297
21 26  0.514982
22 23  0.580020
22 24  0.507032
22 25  0.538195
22 26  0.559482
23 24  0.577951
23 25  0.596578
23 26  0.583217
24 25  0.538170
24 26  0.557340
25 26  0.574136
