   -993.88072013
   -994.18632044
0.00013075869000
2 2 2 2 2 2 2 2 2 2 2 2 2 0 0 0 0 0 0 0 0 0 0 0 0 0 
1  0.255933
2  0.256186
3  0.254992
4  0.255127
5  0.269797
6  0.269878
7  0.269830
8  0.269898
9  0.291972
10  0.292182
11  0.293588
12  0.293654
13  0.291498
14  0.260672
15  0.260618
16  0.261106
17  0.261268
18  0.272818
19  0.271970
20  0.272880
21  0.272005
22  0.294086
23  0.291763
24  0.291977
25  0.294155
26  0.293974
1 2  0.507764
1 3  0.508910
1 4  0.510985
1 5  0.525640
1 6  0.525462
1 7  0.525735
1 8  0.525811
1 9  0.522554
1 10  0.546462
1 11  0.547330
1 12  0.549485
1 13  0.525242
1 14  0.246982
1 15  0.512686
1 16  0.516500
1 17  0.516957
1 18  0.528322
1 19  0.526569
1 20  0.528808
1 21  0.527824
1 22  0.549504
1 23  0.547145
1 24  0.516365
1 25  0.520779
1 26  0.548270
2 3  0.511097
2 4  0.509287
2 5  0.525953
2 6  0.526040
2 7  0.525928
2 8  0.525739
2 9  0.546490
2 10  0.522961
2 11  0.549664
2 12  0.547655
2 13  0.525686
2 14  0.512945
2 15  0.246793
2 16  0.517087
2 17  0.516909
2 18  0.529000
2 19  0.528041
2 20  0.528634
2 21  0.526853
2 22  0.548636
2 23  0.516375
2 24  0.547630
2 25  0.520869
2 26  0.549642
3 4  0.510070
3 5  0.519617
3 6  0.521579
3 7  0.524821
3 8  0.524889
3 9  0.524870
3 10  0.546909
3 11  0.529866
3 12  0.548628
3 13  0.543637
3 14  0.515128
3 15  0.515345
3 16  0.240172
3 17  0.515853
3 18  0.524330
3 19  0.526116
3 20  0.527820
3 21  0.526989
3 22  0.549015
3 23  0.545676
3 24  0.517058
3 25  0.546998
3 26  0.523230
4 5  0.524922
4 6  0.525004
4 7  0.519779
4 8  0.521729
4 9  0.546806
4 10  0.525180
4 11  0.548697
4 12  0.530056
4 13  0.543801
4 14  0.515542
4 15  0.515210
4 16  0.515786
4 17  0.240297
4 18  0.527888
4 19  0.527084
4 20  0.524523
4 21  0.526284
4 22  0.523489
4 23  0.516936
4 24  0.546007
4 25  0.547143
4 26  0.549058
5 6  0.493317
5 7  0.539625
5 8  0.539694
5 9  0.559882
5 10  0.561956
5 11  0.533455
5 12  0.563450
5 13  0.561156
5 14  0.530095
5 15  0.530396
5 16  0.527015
5 17  0.530991
5 18  0.265734
5 19  0.490250
5 20  0.542672
5 21  0.541802
5 22  0.563854
5 23  0.561461
5 24  0.561148
5 25  0.563341
5 26  0.524764
6 7  0.539708
6 8  0.539776
6 9  0.558535
6 10  0.562033
6 11  0.532893
6 12  0.563532
6 13  0.561323
6 14  0.529402
6 15  0.530361
6 16  0.530040
6 17  0.531105
6 18  0.490463
6 19  0.266805
6 20  0.542757
6 21  0.541882
6 22  0.563937
6 23  0.561623
6 24  0.560714
6 25  0.563402
6 26  0.524913
7 8  0.493378
7 9  0.561781
7 10  0.560126
7 11  0.563417
7 12  0.533551
7 13  0.561189
7 14  0.530483
7 15  0.530076
7 16  0.530848
7 17  0.527211
7 18  0.542644
7 19  0.541800
7 20  0.265838
7 21  0.490336
7 22  0.524903
7 23  0.560970
7 24  0.561713
7 25  0.563383
7 26  0.563766
8 9  0.561847
8 10  0.558766
8 11  0.563486
8 12  0.532992
8 13  0.561342
8 14  0.530432
8 15  0.529370
8 16  0.530950
8 17  0.530223
8 18  0.542715
8 19  0.541865
8 20  0.490539
8 21  0.266879
8 22  0.525060
8 23  0.560522
8 24  0.561861
8 25  0.563432
8 26  0.563827
9 10  0.581517
9 11  0.575556
9 12  0.585602
9 13  0.568929
9 14  0.521580
9 15  0.552060
9 16  0.524293
9 17  0.552221
9 18  0.564306
9 19  0.562388
9 20  0.564780
9 21  0.563970
9 22  0.585605
9 23  0.582752
9 24  0.348636
9 25  0.563173
9 26  0.567227
10 11  0.585745
10 12  0.575812
10 13  0.569268
10 14  0.552254
10 15  0.521708
10 16  0.552293
10 17  0.524616
10 18  0.564925
10 19  0.564147
10 20  0.564581
10 21  0.562625
10 22  0.567519
10 23  0.348548
10 24  0.583112
10 25  0.563277
10 26  0.585785
11 12  0.587237
11 13  0.584448
11 14  0.552284
11 15  0.553594
11 16  0.528077
11 17  0.554825
11 18  0.525909
11 19  0.525854
11 20  0.566456
11 21  0.565584
11 22  0.587673
11 23  0.585075
11 24  0.567739
11 25  0.587610
11 26  0.354423
12 13  0.584500
12 14  0.553723
12 15  0.552290
12 16  0.554736
12 17  0.528314
12 18  0.566458
12 19  0.565606
12 20  0.526026
12 21  0.525959
12 22  0.354645
12 23  0.567575
12 24  0.585332
12 25  0.587681
12 26  0.587615
13 14  0.522102
13 15  0.522215
13 16  0.549930
13 17  0.550066
13 18  0.563622
13 19  0.563151
13 20  0.563679
13 21  0.563170
13 22  0.585447
13 23  0.561683
13 24  0.561723
13 25  0.353082
13 26  0.585329
14 15  0.516431
14 16  0.518783
14 17  0.521795
14 18  0.533310
14 19  0.532149
14 20  0.533521
14 21  0.532656
14 22  0.554671
14 23  0.550126
14 24  0.526812
14 25  0.531579
14 26  0.552068
15 16  0.521546
15 17  0.518884
15 18  0.533407
15 19  0.532571
15 20  0.533317
15 21  0.532124
15 22  0.552110
15 23  0.526663
15 24  0.550327
15 25  0.531436
15 26  0.554506
16 17  0.522321
16 18  0.528280
16 19  0.528414
16 20  0.533985
16 21  0.533110
16 22  0.555175
16 23  0.552535
16 24  0.529537
16 25  0.552086
16 26  0.534704
17 18  0.534085
17 19  0.533235
17 20  0.528482
17 21  0.528592
17 22  0.534965
17 23  0.529464
17 24  0.552864
17 25  0.552228
17 26  0.555221
18 19  0.497767
18 20  0.545697
18 21  0.544823
18 22  0.566904
18 23  0.564564
18 24  0.562290
18 25  0.566841
18 26  0.537005
19 20  0.544849
19 21  0.543975
19 22  0.566055
19 23  0.563720
19 24  0.560417
19 25  0.566050
19 26  0.535427
20 21  0.497884
20 22  0.537181
20 23  0.562133
20 24  0.564839
20 25  0.566902
20 26  0.566853
21 22  0.535598
21 23  0.560227
21 24  0.563970
21 25  0.566083
21 26  0.565978
22 23  0.576413
22 24  0.586038
22 25  0.587073
22 26  0.588050
23 24  0.581022
23 25  0.572260
23 26  0.585715
24 25  0.572448
24 26  0.576542
25 26  0.587009
