   -993.88072013
   -994.18909992
0.00003901669170
2 2 2 2 2 2 2 2 2 2 2 2 2 0 0 0 0 0 0 0 0 0 0 0 0 0 
1  0.262374
2  0.262342
3  0.261142
4  0.261136
5  0.272975
6  0.273182
7  0.272988
8  0.273197
9  0.299763
10  0.299848
11  0.298798
12  0.298825
13  0.299474
14  0.267220
15  0.267240
16  0.267658
17  0.267698
18  0.276090
19  0.275218
20  0.276099
21  0.275213
22  0.299184
23  0.299745
24  0.299616
25  0.301668
26  0.299150
1 2  0.520102
1 3  0.521158
1 4  0.523407
1 5  0.535222
1 6  0.535186
1 7  0.535309
1 8  0.535515
1 9  0.536323
1 10  0.560142
1 11  0.558752
1 12  0.561071
1 13  0.539336
1 14  0.258160
1 15  0.525729
1 16  0.529360
1 17  0.529858
1 18  0.537912
1 19  0.536173
1 20  0.538463
1 21  0.537397
1 22  0.560919
1 23  0.561529
1 24  0.530209
1 25  0.534406
1 26  0.559915
2 3  0.523382
2 4  0.521116
2 5  0.535264
2 6  0.535469
2 7  0.535205
2 8  0.535166
2 9  0.560035
2 10  0.536372
2 11  0.561013
2 12  0.558758
2 13  0.539370
2 14  0.525691
2 15  0.258222
2 16  0.529785
2 17  0.529369
2 18  0.538422
2 19  0.537371
2 20  0.537888
2 21  0.536140
2 22  0.559919
2 23  0.530276
2 24  0.561370
2 25  0.534361
2 26  0.560846
3 4  0.522212
3 5  0.528535
3 6  0.530485
3 7  0.534126
3 8  0.534335
3 9  0.538329
3 10  0.560681
3 11  0.540640
3 12  0.559947
3 13  0.557421
3 14  0.527745
3 15  0.528040
3 16  0.251026
3 17  0.528322
3 18  0.533632
3 19  0.535384
3 20  0.537162
3 21  0.536337
3 22  0.560276
3 23  0.559696
3 24  0.530675
3 25  0.560638
3 26  0.534313
4 5  0.534107
4 6  0.534314
4 7  0.528540
4 8  0.530494
4 9  0.560591
4 10  0.538401
4 11  0.559913
4 12  0.540659
4 13  0.557444
4 14  0.528014
4 15  0.527760
4 16  0.528277
4 17  0.251049
4 18  0.537147
4 19  0.536336
4 20  0.533633
4 21  0.535374
4 22  0.534349
4 23  0.530773
4 24  0.559576
4 25  0.560639
4 26  0.560235
5 6  0.499919
5 7  0.545962
5 8  0.546171
5 9  0.570593
5 10  0.572778
5 11  0.541606
5 12  0.571799
5 13  0.572274
5 14  0.539839
5 15  0.540198
5 16  0.536603
5 17  0.540547
5 18  0.272359
5 19  0.496947
5 20  0.549065
5 21  0.548188
5 22  0.572114
5 23  0.572591
5 24  0.571962
5 25  0.573924
5 26  0.532847
6 7  0.546170
6 8  0.546378
6 9  0.569335
6 10  0.572986
6 11  0.541182
6 12  0.572007
6 13  0.572580
6 14  0.539014
6 15  0.540218
6 16  0.539741
6 17  0.540822
6 18  0.497307
6 19  0.273487
6 20  0.549280
6 21  0.548393
6 22  0.572323
6 23  0.572921
6 24  0.571567
6 25  0.574225
6 26  0.533147
7 8  0.499946
7 9  0.572704
7 10  0.570686
7 11  0.571785
7 12  0.541644
7 13  0.572288
7 14  0.540191
7 15  0.539869
7 16  0.540522
7 17  0.536655
7 18  0.549070
7 19  0.548206
7 20  0.272375
7 21  0.496964
7 22  0.532883
7 23  0.572102
7 24  0.572477
7 25  0.573927
7 26  0.572088
8 9  0.572914
8 10  0.569431
8 11  0.571995
8 12  0.541217
8 13  0.572595
8 14  0.540212
8 15  0.539043
8 16  0.540796
8 17  0.539799
8 18  0.549285
8 19  0.548412
8 20  0.497322
8 21  0.273499
8 22  0.533200
8 23  0.571712
8 24  0.572806
8 25  0.574238
8 26  0.572300
9 10  0.596864
9 11  0.587827
9 12  0.598561
9 13  0.583927
9 14  0.535623
9 15  0.566335
9 16  0.538447
9 17  0.566256
9 18  0.575303
9 19  0.573387
9 20  0.575758
9 21  0.574973
9 22  0.598471
9 23  0.598544
9 24  0.364423
9 25  0.577933
9 26  0.579652
10 11  0.598618
10 12  0.587929
10 13  0.584060
10 14  0.566403
10 15  0.535715
10 16  0.566303
10 17  0.538566
10 18  0.575835
10 19  0.575063
10 20  0.575396
10 21  0.573469
10 22  0.579762
10 23  0.364559
10 24  0.598514
10 25  0.577965
10 26  0.598535
11 12  0.597617
11 13  0.597432
11 14  0.564018
11 15  0.565356
11 16  0.539568
11 17  0.566462
11 18  0.534182
11 19  0.534161
11 20  0.574877
11 21  0.573991
11 22  0.597972
11 23  0.598198
11 24  0.579902
11 25  0.600302
11 26  0.365340
12 13  0.597466
12 14  0.565359
12 15  0.564061
12 16  0.566448
12 17  0.539634
12 18  0.574894
12 19  0.574023
12 20  0.534218
12 21  0.534179
12 22  0.365384
12 23  0.580060
12 24  0.598105
12 25  0.600328
12 26  0.597965
13 14  0.536517
13 15  0.536586
13 16  0.564477
13 17  0.564507
13 18  0.574849
13 19  0.574301
13 20  0.574860
13 21  0.574295
13 22  0.598469
13 23  0.576862
13 24  0.576695
13 25  0.369473
13 26  0.598434
14 15  0.529339
14 16  0.531526
14 17  0.534751
14 18  0.543079
14 19  0.541847
14 20  0.543276
14 21  0.542402
14 22  0.566298
14 23  0.564214
14 24  0.540412
14 25  0.545379
14 26  0.563490
15 16  0.534730
15 17  0.531591
15 18  0.543286
15 19  0.542426
15 20  0.543109
15 21  0.541865
15 22  0.563547
15 23  0.540585
15 24  0.564089
15 25  0.545310
15 26  0.566283
16 17  0.535252
16 18  0.537563
16 19  0.537719
16 20  0.543755
16 21  0.542868
16 22  0.566814
16 23  0.566974
16 24  0.543110
16 25  0.565771
16 26  0.545932
17 18  0.543786
17 19  0.542914
17 20  0.537611
17 21  0.537751
17 22  0.546005
17 23  0.543267
17 24  0.566887
17 25  0.565797
17 26  0.566820
18 19  0.504543
18 20  0.552187
18 21  0.551303
18 22  0.575273
18 23  0.575811
18 24  0.572857
18 25  0.577611
18 26  0.545176
19 20  0.551316
19 21  0.550431
19 22  0.574400
19 23  0.574947
19 24  0.570838
19 25  0.576794
19 26  0.543558
20 21  0.504548
20 22  0.545211
20 23  0.572999
20 24  0.575691
20 25  0.577619
20 26  0.575248
21 22  0.543590
21 23  0.570958
21 24  0.574813
21 25  0.576789
21 26  0.574362
22 23  0.588913
22 24  0.598760
22 25  0.599461
22 26  0.598324
23 24  0.596330
23 25  0.586992
23 26  0.598856
24 25  0.586903
24 26  0.588754
25 26  0.599444
