   -993.88072013
   -994.19023964
0.00001319782370
2 2 2 2 2 2 2 2 2 2 2 2 2 0 0 0 0 0 0 0 0 0 0 0 0 0 
1  0.265899
2  0.265919
3  0.264169
4  0.264175
5  0.274583
6  0.274895
7  0.274596
8  0.274902
9  0.304063
10  0.304120
11  0.301426
12  0.301449
13  0.304135
14  0.270887
15  0.270892
16  0.270848
17  0.270868
18  0.277744
19  0.276954
20  0.277761
21  0.276941
22  0.301642
23  0.303910
24  0.303837
25  0.306180
26  0.301638
1 2  0.526860
1 3  0.527581
1 4  0.529952
1 5  0.540328
1 6  0.540358
1 7  0.540419
1 8  0.540730
1 9  0.544008
1 10  0.567743
1 11  0.564678
1 12  0.567206
1 13  0.547342
1 14  0.264764
1 15  0.532816
1 16  0.536015
1 17  0.536512
1 18  0.543080
1 19  0.541301
1 20  0.543641
1 21  0.542626
1 22  0.566829
1 23  0.569157
1 24  0.537916
1 25  0.542414
1 26  0.565908
2 3  0.529967
2 4  0.527608
2 5  0.540427
2 6  0.540744
2 7  0.540362
2 8  0.540385
2 9  0.567705
2 10  0.544085
2 11  0.567203
2 12  0.564722
2 13  0.547367
2 14  0.532829
2 15  0.264814
2 16  0.536514
2 17  0.536054
2 18  0.543645
2 19  0.542658
2 20  0.543117
2 21  0.541310
2 22  0.565933
2 23  0.537981
2 24  0.569100
2 25  0.542438
2 26  0.566844
3 4  0.528243
3 5  0.532902
3 6  0.535037
3 7  0.538758
3 8  0.539065
3 9  0.545385
3 10  0.567937
3 11  0.546046
3 12  0.565590
3 13  0.564858
3 14  0.534369
3 15  0.534695
3 16  0.256591
3 17  0.534386
3 18  0.538220
3 19  0.540082
3 20  0.541831
3 21  0.541084
3 22  0.565746
3 23  0.566834
3 24  0.537889
3 25  0.568142
3 26  0.539821
4 5  0.538751
4 6  0.539064
4 7  0.532918
4 8  0.535053
4 9  0.567887
4 10  0.545447
4 11  0.565574
4 12  0.546073
4 13  0.564869
4 14  0.534698
4 15  0.534378
4 16  0.534372
4 17  0.256616
4 18  0.541821
4 19  0.541103
4 20  0.538241
4 21  0.540075
4 22  0.539845
4 23  0.537938
4 24  0.566768
4 25  0.568150
4 26  0.565750
5 6  0.503440
5 7  0.549176
5 8  0.549484
5 9  0.576309
5 10  0.578642
5 11  0.545833
5 12  0.576031
5 13  0.578516
5 14  0.545076
5 15  0.545462
5 16  0.541346
5 17  0.545287
5 18  0.275595
5 19  0.500495
5 20  0.552329
5 21  0.551525
5 22  0.576171
5 23  0.578363
5 24  0.577744
5 25  0.579974
5 26  0.536935
6 7  0.549490
6 8  0.549796
6 9  0.575076
6 10  0.578955
6 11  0.545434
6 12  0.576344
6 13  0.578932
6 14  0.544318
6 15  0.545587
6 16  0.544578
6 17  0.545681
6 18  0.500884
6 19  0.276845
6 20  0.552652
6 21  0.551834
6 22  0.576485
6 23  0.578798
6 24  0.577460
6 25  0.580438
6 26  0.537306
7 8  0.503461
7 9  0.578597
7 10  0.576379
7 11  0.576021
7 12  0.545866
7 13  0.578529
7 14  0.545469
7 15  0.545093
7 16  0.545276
7 17  0.541380
7 18  0.552325
7 19  0.551550
7 20  0.275616
7 21  0.500502
7 22  0.536940
7 23  0.577830
7 24  0.578302
7 25  0.579980
7 26  0.576181
8 9  0.578905
8 10  0.575138
8 11  0.576328
8 12  0.545465
8 13  0.578938
8 14  0.545588
8 15  0.544326
8 16  0.545666
8 17  0.544606
8 18  0.552642
8 19  0.551853
8 20  0.500897
8 21  0.276848
8 22  0.537326
8 23  0.577538
8 24  0.578732
8 25  0.580442
8 26  0.576488
9 10  0.605142
9 11  0.594329
9 12  0.605478
9 13  0.592485
9 14  0.543541
9 15  0.574223
9 16  0.545835
9 17  0.573695
9 18  0.581209
9 19  0.579370
9 20  0.581711
9 21  0.580998
9 22  0.605205
9 23  0.606980
9 24  0.372584
9 25  0.586476
9 26  0.586236
10 11  0.605513
10 12  0.594405
10 13  0.592551
10 14  0.574271
10 15  0.543612
10 16  0.573728
10 17  0.545913
10 18  0.581751
10 19  0.581069
10 20  0.581283
10 21  0.579417
10 22  0.586294
10 23  0.372637
10 24  0.606969
10 25  0.586491
10 26  0.605258
11 12  0.602868
11 13  0.604607
11 14  0.570259
11 15  0.571568
11 16  0.545336
11 17  0.572256
11 18  0.538422
11 19  0.538490
11 20  0.579166
11 21  0.578340
11 22  0.603058
11 23  0.604956
11 24  0.586565
11 25  0.607409
11 26  0.370319
12 13  0.604629
12 14  0.571588
12 15  0.570282
12 16  0.572259
12 17  0.545374
12 18  0.579173
12 19  0.578374
12 20  0.538460
12 21  0.538498
12 22  0.370345
12 23  0.586658
12 24  0.604904
12 25  0.607431
12 26  0.603075
13 14  0.544791
13 15  0.544808
13 16  0.572279
13 17  0.572296
13 18  0.581082
13 19  0.580676
13 20  0.581099
13 21  0.580663
13 22  0.605558
13 23  0.585392
13 24  0.585308
13 25  0.378230
13 26  0.605555
14 15  0.536387
14 16  0.538195
14 17  0.541554
14 18  0.548360
14 19  0.547181
14 20  0.548592
14 21  0.547788
14 22  0.572404
14 23  0.571835
14 24  0.548072
14 25  0.553383
14 26  0.569422
15 16  0.541538
15 17  0.538224
15 18  0.548581
15 19  0.547806
15 20  0.548382
15 21  0.547172
15 22  0.569432
15 23  0.548153
15 24  0.571758
15 25  0.553360
15 26  0.572407
16 17  0.541559
16 18  0.542181
16 19  0.542440
16 20  0.548604
16 21  0.547785
16 22  0.572449
16 23  0.574276
16 24  0.550233
16 25  0.573147
16 26  0.551463
17 18  0.548608
17 19  0.547818
17 20  0.542213
17 21  0.542447
17 22  0.551489
17 23  0.550310
17 24  0.574222
17 25  0.573171
17 26  0.572467
18 19  0.508150
18 20  0.555504
18 21  0.554685
18 22  0.579385
18 23  0.581626
18 24  0.578548
18 25  0.583755
18 26  0.549260
19 20  0.554715
19 21  0.553895
19 22  0.578595
19 23  0.580832
19 24  0.576566
19 25  0.583021
19 26  0.547658
20 21  0.508155
20 22  0.549271
20 23  0.578644
20 24  0.581570
20 25  0.583770
20 26  0.579398
21 22  0.547656
21 23  0.576626
21 24  0.580745
21 25  0.583009
21 26  0.578579
22 23  0.595261
22 24  0.605434
22 25  0.606282
22 26  0.603269
23 24  0.604389
23 25  0.595286
23 26  0.605503
24 25  0.595222
24 26  0.595187
25 26  0.606284
