   -993.88072013
   -994.19060833
0.00000004214189
2 2 2 2 2 2 2 2 2 2 2 2 2 0 0 0 0 0 0 0 0 0 0 0 0 0 
1  0.267220
2  0.267242
3  0.265225
4  0.265235
5  0.275143
6  0.275479
7  0.275155
8  0.275487
9  0.305501
10  0.305563
11  0.302250
12  0.302271
13  0.305708
14  0.272245
15  0.272249
16  0.271981
17  0.272004
18  0.278296
19  0.277528
20  0.278317
21  0.277522
22  0.302449
23  0.305316
24  0.305232
25  0.307703
26  0.302441
1 2  0.529429
1 3  0.529896
1 4  0.532328
1 5  0.542204
1 6  0.542231
1 7  0.542270
1 8  0.542626
1 9  0.546718
1 10  0.570413
1 11  0.566757
1 12  0.569337
1 13  0.550192
1 14  0.267330
1 15  0.535501
1 16  0.538432
1 17  0.538965
1 18  0.544955
1 19  0.543157
1 20  0.545506
1 21  0.544505
1 22  0.568895
1 23  0.571852
1 24  0.540618
1 25  0.545215
1 26  0.568040
2 3  0.532340
2 4  0.529927
2 5  0.542279
2 6  0.542638
2 7  0.542237
2 8  0.542261
2 9  0.570373
2 10  0.546801
2 11  0.569338
2 12  0.566800
2 13  0.550205
2 14  0.535513
2 15  0.267384
2 16  0.538964
2 17  0.538474
2 18  0.545506
2 19  0.544531
2 20  0.544997
2 21  0.543172
2 22  0.568070
2 23  0.540692
2 24  0.571791
2 25  0.545254
2 26  0.568908
3 4  0.530325
3 5  0.534489
3 6  0.536616
3 7  0.540370
3 8  0.540704
3 9  0.547784
3 10  0.570420
3 11  0.547885
3 12  0.567462
3 13  0.567403
3 14  0.536749
3 15  0.537109
3 16  0.258625
3 17  0.536563
3 18  0.539834
3 19  0.541690
3 20  0.543409
3 21  0.542704
3 22  0.567598
3 23  0.569253
3 24  0.540328
3 25  0.570731
3 26  0.541673
4 5  0.540368
4 6  0.540704
4 7  0.534510
4 8  0.536634
4 9  0.570368
4 10  0.547852
4 11  0.567451
4 12  0.547915
4 13  0.567414
4 14  0.537114
4 15  0.536761
4 16  0.536550
4 17  0.258652
4 18  0.543399
4 19  0.542719
4 20  0.539861
4 21  0.541694
4 22  0.541703
4 23  0.540396
4 24  0.569180
4 25  0.570743
4 26  0.567600
5 6  0.504661
5 7  0.550294
5 8  0.550628
5 9  0.578256
5 10  0.580637
5 11  0.547252
5 12  0.577412
5 13  0.580636
5 14  0.546998
5 15  0.547377
5 16  0.543045
5 17  0.546935
5 18  0.276804
5 19  0.501707
5 20  0.553437
5 21  0.552665
5 22  0.577523
5 23  0.580334
5 24  0.579680
5 25  0.582019
5 26  0.538330
6 7  0.550631
6 8  0.550964
6 9  0.577038
6 10  0.580968
6 11  0.546846
6 12  0.577749
6 13  0.581083
6 14  0.546206
6 15  0.547519
6 16  0.546268
6 17  0.547381
6 18  0.502099
6 19  0.278056
6 20  0.553790
6 21  0.552995
6 22  0.577858
6 23  0.580788
6 24  0.579435
6 25  0.582544
6 26  0.538710
7 8  0.504682
7 9  0.580587
7 10  0.578330
7 11  0.577403
7 12  0.547282
7 13  0.580648
7 14  0.547384
7 15  0.547014
7 16  0.546925
7 17  0.543081
7 18  0.553429
7 19  0.552683
7 20  0.276828
7 21  0.501722
7 22  0.538339
7 23  0.579775
7 24  0.580263
7 25  0.582027
7 26  0.577527
8 9  0.580914
8 10  0.577108
8 11  0.577737
8 12  0.546875
8 13  0.581092
8 14  0.547522
8 15  0.546218
8 16  0.547367
8 17  0.546301
8 18  0.553778
8 19  0.553010
8 20  0.502119
8 21  0.278066
8 22  0.538736
8 23  0.579526
8 24  0.580714
8 25  0.582549
8 26  0.577859
9 10  0.607938
9 11  0.596476
9 12  0.607735
9 13  0.595338
9 14  0.546300
9 15  0.576985
9 16  0.548359
9 17  0.576221
9 18  0.583183
9 19  0.581380
9 20  0.583709
9 21  0.583013
9 22  0.607462
9 23  0.609823
9 24  0.375523
9 25  0.589329
9 26  0.588414
10 11  0.607777
10 12  0.596558
10 13  0.595396
10 14  0.577041
10 15  0.546378
10 16  0.576261
10 17  0.548442
10 18  0.583751
10 19  0.583081
10 20  0.583265
10 21  0.581438
10 22  0.588480
10 23  0.375591
10 24  0.609804
10 25  0.589356
10 26  0.607516
11 12  0.604513
11 13  0.606951
11 14  0.572448
11 15  0.573689
11 16  0.547298
11 17  0.574206
11 18  0.539819
11 19  0.539899
11 20  0.580544
11 21  0.579730
11 22  0.604694
11 23  0.607185
11 24  0.588727
11 25  0.609739
11 26  0.372118
12 13  0.606972
12 14  0.573706
12 15  0.572469
12 16  0.574204
12 17  0.547338
12 18  0.580544
12 19  0.579756
12 20  0.539858
12 21  0.539912
12 22  0.372145
12 23  0.588835
12 24  0.607123
12 25  0.609759
12 26  0.604706
13 14  0.547703
13 15  0.547708
13 16  0.574997
13 17  0.575017
13 18  0.583167
13 19  0.582816
13 20  0.583188
13 21  0.582810
13 22  0.607921
13 23  0.588243
13 24  0.588162
13 25  0.381510
13 26  0.607913
14 15  0.539030
14 16  0.540586
14 17  0.544039
14 18  0.550257
14 19  0.549073
14 20  0.550490
14 21  0.549722
14 22  0.574557
14 23  0.574495
14 24  0.550753
14 25  0.556215
14 26  0.571525
15 16  0.544021
15 17  0.540618
15 18  0.550474
15 19  0.549733
15 20  0.550282
15 21  0.549072
15 22  0.571539
15 23  0.550842
15 24  0.574410
15 25  0.556204
15 26  0.574554
16 17  0.543794
16 18  0.543837
16 19  0.544097
16 20  0.550289
16 21  0.549495
16 22  0.574380
16 23  0.576785
16 24  0.552658
16 25  0.575711
16 26  0.553368
17 18  0.550292
17 19  0.549524
17 20  0.543877
17 21  0.544110
17 22  0.553404
17 23  0.552749
17 24  0.576725
17 25  0.575740
17 26  0.574395
18 19  0.509363
18 20  0.556612
18 21  0.555817
18 22  0.580742
18 23  0.583585
18 24  0.580433
18 25  0.585817
18 26  0.550644
19 20  0.555844
19 21  0.555049
19 22  0.579976
19 23  0.582800
19 24  0.578474
19 25  0.585112
19 26  0.549027
20 21  0.509379
20 22  0.550662
20 23  0.580542
20 24  0.583522
20 25  0.585837
20 26  0.580755
21 22  0.549036
21 23  0.578551
21 24  0.582711
21 25  0.585106
21 26  0.579962
22 23  0.597396
22 24  0.607633
22 25  0.608545
22 26  0.604877
23 24  0.607084
23 25  0.598070
23 26  0.607708
24 25  0.597989
24 26  0.597304
25 26  0.608542
