  -1146.53698720
  -1146.90463556
0.00008187492880
2 2 2 2 2 2 2 2 2 2 2 2 2 2 2 0 0 0 0 0 0 0 0 0 0 0 0 0 0 0 
1  0.271565
2  0.296749
3  0.285609
4  0.268813
5  0.306039
6  0.300248
7  0.299434
8  0.326284
9  0.301961
10  0.321002
11  0.278092
12  0.317350
13  0.312605
14  0.314359
15  0.284592
16  0.309727
17  0.280629
18  0.301801
19  0.290572
20  0.273039
21  0.280801
22  0.313896
23  0.311666
24  0.326433
25  0.303885
26  0.302263
27  0.325103
28  0.285882
29  0.319237
30  0.302274
1 2  0.568223
1 3  0.556977
1 4  0.539526
1 5  0.575518
1 6  0.571645
1 7  0.567832
1 8  0.596909
1 9  0.558284
1 10  0.568693
1 11  0.549639
1 12  0.588549
1 13  0.579406
1 14  0.584062
1 15  0.556130
1 16  0.579861
1 17  0.254003
1 18  0.573261
1 19  0.561605
1 20  0.542477
1 21  0.552272
1 22  0.580356
1 23  0.577189
1 24  0.597391
1 25  0.560738
1 26  0.573611
1 27  0.574573
1 28  0.557175
1 29  0.590587
1 30  0.571757
2 3  0.537904
2 4  0.565561
2 5  0.601025
2 6  0.596996
2 7  0.596090
2 8  0.615173
2 9  0.598702
2 10  0.616696
2 11  0.574840
2 12  0.589264
2 13  0.609338
2 14  0.608629
2 15  0.581341
2 16  0.605740
2 17  0.577314
2 18  0.290078
2 19  0.542175
2 20  0.569773
2 21  0.577537
2 22  0.604343
2 23  0.608377
2 24  0.618984
2 25  0.600616
2 26  0.598970
2 27  0.621486
2 28  0.582630
2 29  0.589891
2 30  0.598723
3 4  0.554421
3 5  0.590006
3 6  0.585856
3 7  0.584972
3 8  0.592263
3 9  0.587556
3 10  0.604744
3 11  0.563700
3 12  0.596954
3 13  0.598198
3 14  0.595126
3 15  0.570201
3 16  0.595134
3 17  0.565755
3 18  0.542218
3 19  0.282032
3 20  0.558622
3 21  0.566406
3 22  0.593122
3 23  0.597274
3 24  0.601433
3 25  0.589402
3 26  0.587845
3 27  0.609519
3 28  0.571491
3 29  0.595307
3 30  0.587841
4 5  0.574696
4 6  0.552196
4 7  0.565433
4 8  0.595086
4 9  0.565458
4 10  0.589748
4 11  0.542673
4 12  0.586153
4 13  0.561741
4 14  0.583149
4 15  0.547662
4 16  0.578507
4 17  0.547013
4 18  0.570599
4 19  0.559357
4 20  0.254765
4 21  0.548765
4 22  0.582637
4 23  0.554166
4 24  0.595198
4 25  0.569489
4 26  0.546826
4 27  0.593496
4 28  0.550610
4 29  0.588043
4 30  0.569633
5 6  0.606132
5 7  0.595160
5 8  0.618361
5 9  0.607353
5 10  0.593249
5 11  0.584084
5 12  0.616109
5 13  0.616940
5 14  0.609574
5 15  0.590620
5 16  0.355028
5 17  0.584877
5 18  0.607086
5 19  0.596395
5 20  0.578983
5 21  0.586547
5 22  0.604679
5 23  0.616029
5 24  0.628257
5 25  0.609428
5 26  0.607696
5 27  0.595434
5 28  0.591874
5 29  0.621338
5 30  0.599810
6 7  0.596831
6 8  0.626521
6 9  0.598573
6 10  0.621213
6 11  0.547243
6 12  0.617589
6 13  0.606891
6 14  0.614578
6 15  0.549850
6 16  0.609461
6 17  0.580636
6 18  0.602003
6 19  0.590787
6 20  0.550922
6 21  0.541545
6 22  0.614107
6 23  0.597705
6 24  0.626551
6 25  0.603644
6 26  0.373458
6 27  0.625326
6 28  0.541181
6 29  0.619390
6 30  0.600703
7 8  0.624864
7 9  0.568280
7 10  0.619703
7 11  0.576944
7 12  0.616192
7 13  0.581051
7 14  0.612892
7 15  0.583841
7 16  0.599908
7 17  0.577105
7 18  0.600902
7 19  0.589943
7 20  0.570711
7 21  0.579230
7 22  0.611482
7 23  0.576028
7 24  0.625256
7 25  0.561257
7 26  0.599933
7 27  0.623612
7 28  0.585060
7 29  0.617608
7 30  0.365734
8 9  0.628171
8 10  0.638921
8 11  0.604372
8 12  0.606793
8 13  0.638706
8 14  0.617067
8 15  0.610875
8 16  0.631739
8 17  0.606335
8 18  0.623143
8 19  0.605746
8 20  0.599275
8 21  0.607054
8 22  0.612258
8 23  0.637910
8 24  0.404868
8 25  0.629982
8 26  0.628440
8 27  0.647996
8 28  0.612164
8 29  0.607030
8 30  0.628019
9 10  0.621476
9 11  0.579741
9 12  0.619280
9 13  0.583842
9 14  0.616184
9 15  0.586270
9 16  0.611186
9 17  0.568682
9 18  0.603699
9 19  0.592384
9 20  0.572261
9 21  0.582068
9 22  0.615401
9 23  0.575548
9 24  0.628118
9 25  0.361494
9 26  0.603673
9 27  0.624686
9 28  0.587201
9 29  0.621151
9 30  0.565022
10 11  0.599087
10 12  0.634242
10 13  0.633243
10 14  0.612951
10 15  0.605593
10 16  0.595721
10 17  0.578804
10 18  0.622354
10 19  0.610337
10 20  0.593617
10 21  0.601764
10 22  0.609019
10 23  0.631443
10 24  0.644364
10 25  0.622554
10 26  0.623241
10 27  0.380882
10 28  0.606838
10 29  0.637060
10 30  0.622082
11 12  0.595439
11 13  0.588143
11 14  0.592440
11 15  0.514675
11 16  0.587552
11 17  0.558509
11 18  0.579883
11 19  0.568662
11 20  0.550020
11 21  0.282837
11 22  0.591906
11 23  0.589006
11 24  0.604500
11 25  0.581344
11 26  0.539290
11 27  0.603137
11 28  0.511584
11 29  0.597295
11 30  0.579329
12 13  0.629834
12 14  0.607919
12 15  0.601942
12 16  0.623374
12 17  0.597694
12 18  0.592388
12 19  0.597893
12 20  0.590376
12 21  0.598106
12 22  0.600734
12 23  0.628806
12 24  0.605860
12 25  0.621218
12 26  0.619513
12 27  0.639123
12 28  0.603226
12 29  0.408797
12 30  0.618581
13 14  0.626852
13 15  0.596135
13 16  0.620737
13 17  0.587253
13 18  0.614386
13 19  0.603173
13 20  0.557898
13 21  0.592487
13 22  0.625639
13 23  0.411123
13 24  0.639008
13 25  0.581147
13 26  0.602239
13 27  0.636480
13 28  0.597905
13 29  0.631676
13 30  0.576043
14 15  0.598950
14 16  0.608491
14 17  0.589784
14 18  0.609682
14 19  0.598886
14 20  0.587355
14 21  0.595080
14 22  0.428461
14 23  0.625176
14 24  0.613219
14 25  0.617848
14 26  0.616570
14 27  0.612939
14 28  0.600216
14 29  0.603237
14 30  0.614752
15 16  0.594272
15 17  0.564768
15 18  0.586393
15 19  0.575164
15 20  0.553076
15 21  0.511273
15 22  0.598460
15 23  0.595557
15 24  0.611025
15 25  0.587847
15 26  0.543826
15 27  0.609635
15 28  0.287405
15 29  0.603827
15 30  0.586640
16 17  0.588158
16 18  0.609547
16 19  0.598269
16 20  0.582570
16 21  0.590471
16 22  0.612747
16 23  0.619405
16 24  0.620715
16 25  0.612779
16 26  0.611769
16 27  0.599065
16 28  0.595592
16 29  0.621279
16 30  0.599927
17 18  0.582302
17 19  0.570962
17 20  0.552660
17 21  0.561416
17 22  0.592228
17 23  0.587434
17 24  0.606047
17 25  0.565725
17 26  0.582664
17 27  0.579640
17 28  0.566498
17 29  0.599413
17 30  0.579611
18 19  0.546018
18 20  0.574838
18 21  0.582600
18 22  0.612677
18 23  0.613441
18 24  0.620387
18 25  0.605671
18 26  0.604061
18 27  0.625529
18 28  0.587682
18 29  0.595041
18 30  0.603944
19 20  0.563610
19 21  0.571372
19 22  0.599003
19 23  0.602214
19 24  0.595563
19 25  0.594438
19 26  0.592833
19 27  0.613466
19 28  0.576453
19 29  0.603517
19 30  0.592740
20 21  0.548639
20 22  0.586900
20 23  0.564927
20 24  0.599459
20 25  0.571162
20 26  0.556316
20 27  0.598062
20 28  0.552806
20 29  0.592264
20 30  0.571316
21 22  0.594684
21 23  0.589384
21 24  0.607229
21 25  0.584349
21 26  0.551210
21 27  0.605896
21 28  0.517955
21 29  0.600034
21 30  0.582451
22 23  0.625402
22 24  0.616508
22 25  0.617679
22 26  0.616118
22 27  0.617221
22 28  0.599773
22 29  0.610866
22 30  0.615128
23 24  0.637856
23 25  0.585949
23 26  0.607364
23 27  0.636484
23 28  0.595912
23 29  0.630733
23 30  0.584790
24 25  0.630201
24 26  0.628679
24 27  0.643003
24 28  0.612312
24 29  0.607832
24 30  0.627643
25 26  0.602536
25 27  0.627578
25 28  0.589577
25 29  0.623063
25 30  0.571201
26 27  0.627320
26 28  0.553864
26 29  0.621486
26 30  0.601240
27 28  0.610983
27 29  0.639567
27 30  0.626585
28 29  0.605117
28 30  0.587932
29 30  0.620794
