  -1146.53698720
  -1146.90678723
0.00002750741580
2 2 2 2 2 2 2 2 2 2 2 2 2 2 2 0 0 0 0 0 0 0 0 0 0 0 0 0 0 0 
1  0.277885
2  0.300189
3  0.289127
4  0.272447
5  0.314388
6  0.303674
7  0.305954
8  0.332361
9  0.307322
10  0.327693
11  0.280323
12  0.322372
13  0.317873
14  0.320238
15  0.286609
16  0.318202
17  0.287434
18  0.305221
19  0.294332
20  0.276800
21  0.283017
22  0.319368
23  0.317112
24  0.332241
25  0.309108
26  0.305614
27  0.331700
28  0.287812
29  0.324353
30  0.308975
1 2  0.577950
1 3  0.566754
1 4  0.549394
1 5  0.590110
1 6  0.581335
1 7  0.580611
1 8  0.609184
1 9  0.568863
1 10  0.580138
1 11  0.558186
1 12  0.599821
1 13  0.590655
1 14  0.596045
1 15  0.564454
1 16  0.594579
1 17  0.265904
1 18  0.582957
1 19  0.571560
1 20  0.552370
1 21  0.560785
1 22  0.592080
1 23  0.588954
1 24  0.609466
1 25  0.572094
1 26  0.583253
1 27  0.587073
1 28  0.565376
1 29  0.601987
1 30  0.584746
2 3  0.545128
2 4  0.572636
2 5  0.612480
2 6  0.603861
2 7  0.606007
2 8  0.624432
2 9  0.607496
2 10  0.626598
2 11  0.580511
2 12  0.596837
2 13  0.618033
2 14  0.617822
2 15  0.586798
2 16  0.617546
2 17  0.587516
2 18  0.296600
2 19  0.549752
2 20  0.576954
2 21  0.583183
2 22  0.613151
2 23  0.617257
2 24  0.628264
2 25  0.609266
2 26  0.605725
2 27  0.631443
2 28  0.588000
2 29  0.598348
2 30  0.608794
3 4  0.561573
3 5  0.601555
3 6  0.592799
3 7  0.594976
3 8  0.600731
3 9  0.596427
3 10  0.614682
3 11  0.569449
3 12  0.605454
3 13  0.606970
3 14  0.604231
3 15  0.575735
3 16  0.607084
3 17  0.575951
3 18  0.549544
3 19  0.288824
3 20  0.565877
3 21  0.572138
3 22  0.602034
3 23  0.606235
3 24  0.610388
3 25  0.598114
3 26  0.594691
3 27  0.619558
3 28  0.576939
3 29  0.604034
3 30  0.598049
4 5  0.586669
4 6  0.559030
4 7  0.575409
4 8  0.604796
4 9  0.574133
4 10  0.600056
4 11  0.548326
4 12  0.594812
4 13  0.570155
4 14  0.592661
4 15  0.553012
4 16  0.590602
4 17  0.557328
4 18  0.577630
4 19  0.566722
4 20  0.261452
4 21  0.554550
4 22  0.591742
4 23  0.563251
4 24  0.604595
4 25  0.578239
4 26  0.553880
4 27  0.603714
4 28  0.556136
4 29  0.596778
4 30  0.579854
5 6  0.617876
5 7  0.608857
5 8  0.631160
5 9  0.621056
5 10  0.608283
5 11  0.594635
5 12  0.628771
5 13  0.630401
5 14  0.623497
5 15  0.600968
5 16  0.370272
5 17  0.599959
5 18  0.618770
5 19  0.608467
5 20  0.591078
5 21  0.597069
5 22  0.618380
5 23  0.629773
5 24  0.641956
5 25  0.622975
5 26  0.619395
5 27  0.610623
5 28  0.602141
5 29  0.634653
5 30  0.614541
6 7  0.606484
6 8  0.636019
6 9  0.606972
6 10  0.631314
6 11  0.552801
6 12  0.626033
6 13  0.615317
6 14  0.623869
6 15  0.555258
6 16  0.621331
6 17  0.590819
6 18  0.608811
6 19  0.597948
6 20  0.558151
6 21  0.547145
6 22  0.622998
6 23  0.606458
6 24  0.635722
6 25  0.612198
6 26  0.379969
6 27  0.635343
6 28  0.546511
6 29  0.627892
6 30  0.610779
7 8  0.637259
7 9  0.580245
7 10  0.632871
7 11  0.585601
7 12  0.627599
7 13  0.592169
7 14  0.625194
7 15  0.592344
7 16  0.614711
7 17  0.590401
7 18  0.610757
7 19  0.600195
7 20  0.580910
7 21  0.587907
7 22  0.623560
7 23  0.587489
7 24  0.637505
7 25  0.573117
7 26  0.609813
7 27  0.636706
7 28  0.593484
7 29  0.629240
7 30  0.378316
8 9  0.639577
8 10  0.651219
8 11  0.612676
8 12  0.617967
8 13  0.649987
8 14  0.629061
8 15  0.618966
8 16  0.645792
8 17  0.619125
8 18  0.632634
8 19  0.615116
8 20  0.609068
8 21  0.615337
8 22  0.623855
8 23  0.649428
8 24  0.415983
8 25  0.641279
8 26  0.637797
8 27  0.660551
8 28  0.620172
8 29  0.618332
8 30  0.640724
9 10  0.633321
9 11  0.587280
9 12  0.629644
9 13  0.594572
9 14  0.627380
9 15  0.593613
9 16  0.624978
9 17  0.580601
9 18  0.612464
9 19  0.601465
9 20  0.581293
9 21  0.589624
9 22  0.626207
9 23  0.586363
9 24  0.639267
9 25  0.371271
9 26  0.612301
9 27  0.636483
9 28  0.594411
9 29  0.631628
9 30  0.577216
10 11  0.608008
10 12  0.645642
10 13  0.645158
10 14  0.624897
10 15  0.614299
10 16  0.611126
10 17  0.591735
10 18  0.632408
10 19  0.620706
10 20  0.604040
10 21  0.610665
10 22  0.620940
10 23  0.643592
10 24  0.656776
10 25  0.634304
10 26  0.633274
10 27  0.393631
10 28  0.615448
10 29  0.648738
10 30  0.635476
11 12  0.602688
11 13  0.595399
11 14  0.600544
11 15  0.519182
11 16  0.598196
11 17  0.567521
11 18  0.585525
11 19  0.574651
11 20  0.555940
11 21  0.287036
11 22  0.599568
11 23  0.596638
11 24  0.612529
11 25  0.588756
11 26  0.544902
11 27  0.611948
11 28  0.516027
11 29  0.604622
11 30  0.588200
12 13  0.640081
12 14  0.618186
12 15  0.608978
12 16  0.636709
12 17  0.609486
12 18  0.600622
12 19  0.606779
12 20  0.599146
12 21  0.605324
12 22  0.610926
12 23  0.639269
12 24  0.616781
12 25  0.631457
12 26  0.627846
12 27  0.650592
12 28  0.610177
12 29  0.418529
12 30  0.630282
13 14  0.637982
13 15  0.603300
13 16  0.634364
13 17  0.599296
13 18  0.623073
13 19  0.612198
13 20  0.566890
13 21  0.599937
13 22  0.636355
13 23  0.421382
13 24  0.650085
13 25  0.591671
13 26  0.610741
13 27  0.648429
13 28  0.605075
13 29  0.642069
13 30  0.587642
14 15  0.606844
14 16  0.622752
14 17  0.602287
14 18  0.618858
14 19  0.608480
14 20  0.596994
14 21  0.603149
14 22  0.439332
14 23  0.636491
14 24  0.624893
14 25  0.628941
14 26  0.625796
14 27  0.625185
14 28  0.608015
14 29  0.613750
14 30  0.627391
15 16  0.604757
15 17  0.573521
15 18  0.591830
15 19  0.580940
15 20  0.558741
15 21  0.515794
15 22  0.605933
15 23  0.602979
15 24  0.618850
15 25  0.594984
15 26  0.549234
15 27  0.618228
15 28  0.291161
15 29  0.610959
15 30  0.595327
16 17  0.603340
16 18  0.621052
16 19  0.610181
16 20  0.594780
16 21  0.601132
16 22  0.626471
16 23  0.633121
16 24  0.633492
16 25  0.626464
16 26  0.623551
16 27  0.614117
16 28  0.605980
16 29  0.634129
16 30  0.613788
17 18  0.592496
17 19  0.581441
17 20  0.563104
17 21  0.570434
17 22  0.604240
17 23  0.599400
17 24  0.618552
17 25  0.576763
17 26  0.592773
17 27  0.591291
17 28  0.575222
17 29  0.611256
17 30  0.593061
18 19  0.553471
18 20  0.582019
18 21  0.588236
18 22  0.621391
18 23  0.622284
18 24  0.629436
18 25  0.614300
18 26  0.610831
18 27  0.635406
18 28  0.593032
18 29  0.602851
18 30  0.613999
19 20  0.571131
19 21  0.577348
19 22  0.607953
19 23  0.611398
19 24  0.603929
19 25  0.603405
19 26  0.599944
19 27  0.623565
19 28  0.582143
19 29  0.612344
19 30  0.603153
20 21  0.554415
20 22  0.596134
20 23  0.573779
20 24  0.609029
20 25  0.579792
20 26  0.563200
20 27  0.608402
20 28  0.558314
20 29  0.601147
20 30  0.581447
21 22  0.602365
21 23  0.596830
21 24  0.615247
21 25  0.591735
21 26  0.556709
21 27  0.614708
21 28  0.522338
21 29  0.607360
21 30  0.591264
22 23  0.636303
22 24  0.627964
22 25  0.628335
22 26  0.624925
22 27  0.628722
22 28  0.607173
22 29  0.620864
22 30  0.627205
23 24  0.649021
23 25  0.596570
23 26  0.615877
23 27  0.648485
23 28  0.603135
23 29  0.641239
23 30  0.596314
24 25  0.641196
24 26  0.637833
24 27  0.654990
24 28  0.620047
24 29  0.618672
24 30  0.639908
25 26  0.610694
25 27  0.639183
25 28  0.596708
25 29  0.633373
25 30  0.583337
26 27  0.637249
26 28  0.559210
26 29  0.629947
26 30  0.610944
27 28  0.619510
27 29  0.650914
27 30  0.639820
28 29  0.612161
28 30  0.596536
29 30  0.632460
