  -1146.53698720
  -1146.90738264
0.00000669806248
2 2 2 2 2 2 2 2 2 2 2 2 2 2 2 0 0 0 0 0 0 0 0 0 0 0 0 0 0 0 
1  0.279928
2  0.301272
3  0.290160
4  0.273573
5  0.316867
6  0.304585
7  0.307953
8  0.333940
9  0.308889
10  0.329714
11  0.280906
12  0.323886
13  0.319453
14  0.321932
15  0.287124
16  0.320668
17  0.289592
18  0.306332
19  0.295445
20  0.277966
21  0.283621
22  0.320994
23  0.318699
24  0.333808
25  0.310610
26  0.306537
27  0.333648
28  0.288333
29  0.325824
30  0.310998
1 2  0.581061
1 3  0.569789
1 4  0.552497
1 5  0.594610
1 6  0.584276
1 7  0.584643
1 8  0.612790
1 9  0.572145
1 10  0.583679
1 11  0.560810
1 12  0.603360
1 13  0.594185
1 14  0.599696
1 15  0.567011
1 16  0.599065
1 17  0.269736
1 18  0.586106
1 19  0.574640
1 20  0.555500
1 21  0.563423
1 22  0.595722
1 23  0.592589
1 24  0.613053
1 25  0.575613
1 26  0.586202
1 27  0.590969
1 28  0.567912
1 29  0.605489
1 30  0.588796
2 3  0.547326
2 4  0.574844
2 5  0.615928
2 6  0.605854
2 7  0.609065
2 8  0.627052
2 9  0.610138
2 10  0.629627
2 11  0.582176
2 12  0.599237
2 13  0.620687
2 14  0.620560
2 15  0.588394
2 16  0.621041
2 17  0.590750
2 18  0.298788
2 19  0.552079
2 20  0.579188
2 21  0.584860
2 22  0.615842
2 23  0.619922
2 24  0.630917
2 25  0.611833
2 26  0.607703
2 27  0.634452
2 28  0.589602
2 29  0.600909
2 30  0.611830
3 4  0.563732
3 5  0.604975
3 6  0.594743
3 7  0.597995
3 8  0.603084
3 9  0.599016
3 10  0.617634
3 11  0.571065
3 12  0.607987
3 13  0.609575
3 14  0.606896
3 15  0.577283
3 16  0.610573
3 17  0.579068
3 18  0.551814
3 19  0.290952
3 20  0.568052
3 21  0.573773
3 22  0.604718
3 23  0.608853
3 24  0.612908
3 25  0.600629
3 26  0.596631
3 27  0.622500
3 28  0.578493
3 29  0.606568
3 30  0.601101
4 5  0.590258
4 6  0.561036
4 7  0.578449
4 8  0.607501
4 9  0.576759
4 10  0.603195
4 11  0.549989
4 12  0.597452
4 13  0.572693
4 14  0.595481
4 15  0.554621
4 16  0.594184
4 17  0.560522
4 18  0.579853
4 19  0.568933
4 20  0.263647
4 21  0.556262
4 22  0.594482
4 23  0.565954
4 24  0.607265
4 25  0.580865
4 26  0.555943
4 27  0.606791
4 28  0.557794
4 29  0.599371
4 30  0.582966
5 6  0.621253
5 7  0.612985
5 8  0.634712
5 9  0.625098
5 10  0.612809
5 11  0.597687
5 12  0.632582
5 13  0.634397
5 14  0.627591
5 15  0.603956
5 16  0.374951
5 17  0.604572
5 18  0.622318
5 19  0.612047
5 20  0.594713
5 21  0.600144
5 22  0.622477
5 23  0.633829
5 24  0.645848
5 25  0.626942
5 26  0.622762
5 27  0.615112
5 28  0.605151
5 29  0.638600
5 30  0.618945
6 7  0.609313
6 8  0.638505
6 9  0.609330
6 10  0.634232
6 11  0.554301
6 12  0.628455
6 13  0.617749
6 14  0.626466
6 15  0.556724
6 16  0.624668
6 17  0.593876
6 18  0.610802
6 19  0.599950
6 20  0.560251
6 21  0.548686
6 22  0.625535
6 23  0.608957
6 24  0.638178
6 25  0.614576
6 26  0.381933
6 27  0.638190
6 28  0.547977
6 29  0.630247
6 30  0.613724
7 8  0.640753
7 9  0.583884
7 10  0.636882
7 11  0.588141
7 12  0.631057
7 13  0.595549
7 14  0.628849
7 15  0.594849
7 16  0.619081
7 17  0.594548
7 18  0.613819
7 19  0.603301
7 20  0.584023
7 21  0.590485
7 22  0.627220
7 23  0.590936
7 24  0.641057
7 25  0.576706
7 26  0.612738
7 27  0.640649
7 28  0.596004
7 29  0.632676
7 30  0.382246
8 9  0.642714
8 10  0.654769
8 11  0.614835
8 12  0.621099
8 13  0.653120
8 14  0.632398
8 15  0.621058
8 16  0.649654
8 17  0.622836
8 18  0.635325
8 19  0.617725
8 20  0.611788
8 21  0.617514
8 22  0.627103
8 23  0.652600
8 24  0.419028
8 25  0.644368
8 26  0.640277
8 27  0.664077
8 28  0.622272
8 29  0.621466
8 30  0.644317
9 10  0.636844
9 11  0.589420
9 12  0.632715
9 13  0.597748
9 14  0.630622
9 15  0.595681
9 16  0.628996
9 17  0.584240
9 18  0.615117
9 19  0.604098
9 20  0.584017
9 21  0.591804
9 22  0.629390
9 23  0.589510
9 24  0.642416
9 25  0.374236
9 26  0.614756
9 27  0.639958
9 28  0.596448
9 29  0.634658
9 30  0.580883
10 11  0.610611
10 12  0.649070
10 13  0.648751
10 14  0.628421
10 15  0.616835
10 16  0.615694
10 17  0.595746
10 18  0.635507
10 19  0.623813
10 20  0.607218
10 21  0.613285
10 22  0.624448
10 23  0.647210
10 24  0.660376
10 25  0.637788
10 26  0.636208
10 27  0.397501
10 28  0.617955
10 29  0.652171
10 30  0.639526
11 12  0.604780
11 13  0.597510
11 14  0.602817
11 15  0.520355
11 16  0.601226
11 17  0.570252
11 18  0.587211
11 19  0.576345
11 20  0.557673
11 21  0.288234
11 22  0.601765
11 23  0.598801
11 24  0.614678
11 25  0.590841
11 26  0.546444
11 27  0.614482
11 28  0.517214
11 29  0.606664
11 30  0.590791
12 13  0.643151
12 14  0.621169
12 15  0.611003
12 16  0.640687
12 17  0.613148
12 18  0.603205
12 19  0.609423
12 20  0.601820
12 21  0.607428
12 22  0.613940
12 23  0.642365
12 24  0.619952
12 25  0.634464
12 26  0.630261
12 27  0.653986
12 28  0.612210
12 29  0.421550
12 30  0.633775
13 14  0.641250
13 15  0.605364
13 16  0.638401
13 17  0.603055
13 18  0.625759
13 19  0.614885
13 20  0.569587
13 21  0.602115
13 22  0.639540
13 23  0.424645
13 24  0.653235
13 25  0.594744
13 26  0.613213
13 27  0.651955
13 28  0.607163
13 29  0.645099
13 30  0.591135
14 15  0.609051
14 16  0.626908
14 17  0.606107
14 18  0.621636
14 19  0.611294
14 20  0.599846
14 21  0.605433
14 22  0.442721
14 23  0.639748
14 24  0.628174
14 25  0.632116
14 26  0.628416
14 27  0.628763
14 28  0.610220
14 29  0.616754
14 30  0.631130
15 16  0.607742
15 17  0.576167
15 18  0.593456
15 19  0.582567
15 20  0.560425
15 21  0.517000
15 22  0.608064
15 23  0.605068
15 24  0.620932
15 25  0.596962
15 26  0.550725
15 27  0.620656
15 28  0.292239
15 29  0.612945
15 30  0.597866
16 17  0.607941
16 18  0.624530
16 19  0.613670
16 20  0.598398
16 21  0.604191
16 22  0.630478
16 23  0.637089
16 24  0.637022
16 25  0.630413
16 26  0.626928
16 27  0.618583
16 28  0.608958
16 29  0.637897
16 30  0.617883
17 18  0.595741
17 19  0.584674
17 20  0.566361
17 21  0.573194
17 22  0.607925
17 23  0.603064
17 24  0.622254
17 25  0.580117
17 26  0.595845
17 27  0.594860
17 28  0.577900
17 29  0.614870
17 30  0.597236
18 19  0.555767
18 20  0.584297
18 21  0.589950
18 22  0.624084
18 23  0.624971
18 24  0.632088
18 25  0.616899
18 26  0.612864
18 27  0.638401
18 28  0.594662
18 29  0.605271
18 30  0.617107
19 20  0.573410
19 21  0.579064
19 22  0.610626
19 23  0.614088
19 24  0.606320
19 25  0.606008
19 26  0.601980
19 27  0.626523
19 28  0.583775
19 29  0.614926
19 30  0.606271
20 21  0.556149
20 22  0.598926
20 23  0.576401
20 24  0.611762
20 25  0.582393
20 26  0.565254
20 27  0.611509
20 28  0.559981
20 29  0.603784
20 30  0.584525
21 22  0.604590
21 23  0.598960
21 24  0.617414
21 25  0.593827
21 26  0.558241
21 27  0.617258
21 28  0.523540
21 29  0.609431
21 30  0.593858
22 23  0.639507
22 24  0.631232
22 25  0.631453
22 26  0.627465
22 27  0.632126
22 28  0.609317
22 29  0.623772
22 30  0.630818
23 24  0.652145
23 25  0.599641
23 26  0.618326
23 27  0.652005
23 28  0.605199
23 29  0.644267
23 30  0.599754
24 25  0.644259
24 26  0.640319
24 27  0.658444
24 28  0.622133
24 29  0.621747
24 30  0.643401
25 26  0.612998
25 27  0.642581
25 28  0.598723
25 29  0.636327
25 30  0.586958
26 27  0.640102
26 28  0.560708
26 29  0.632339
26 30  0.613814
27 28  0.621978
27 29  0.654222
27 30  0.643772
28 29  0.614148
28 30  0.599065
29 30  0.635880
