   -993.89592287
   -994.19544784
0.00102664718000
2 2 2 2 2 2 2 2 2 2 2 2 2 0 0 0 0 0 0 0 0 0 0 0 0 0 
1  0.261998
2  0.255266
3  0.273554
4  0.277292
5  0.277187
6  0.242756
7  0.294089
8  0.260243
9  0.239715
10  0.236972
11  0.234462
12  0.288006
13  0.255680
14  0.266609
15  0.260246
16  0.276369
17  0.279333
18  0.294573
19  0.277729
20  0.255165
21  0.289946
22  0.244331
23  0.241047
24  0.263095
25  0.238598
26  0.239764
1 2  0.512713
1 3  0.535476
1 4  0.539117
1 5  0.507942
1 6  0.504636
1 7  0.554740
1 8  0.521543
1 9  0.501454
1 10  0.498922
1 11  0.496412
1 12  0.522773
1 13  0.516240
1 14  0.256926
1 15  0.518131
1 16  0.538011
1 17  0.540815
1 18  0.556069
1 19  0.502621
1 20  0.515298
1 21  0.518574
1 22  0.506231
1 23  0.502249
1 24  0.524922
1 25  0.500272
1 26  0.501685
2 3  0.525475
2 4  0.527274
2 5  0.530643
2 6  0.498011
2 7  0.530421
2 8  0.515487
2 9  0.494961
2 10  0.492224
2 11  0.489707
2 12  0.523634
2 13  0.510884
2 14  0.517399
2 15  0.236280
2 16  0.530866
2 17  0.531013
2 18  0.523369
2 19  0.532414
2 20  0.509952
2 21  0.517241
2 22  0.499595
2 23  0.496211
2 24  0.518210
2 25  0.493849
2 26  0.495008
3 4  0.502799
3 5  0.550453
3 6  0.516307
3 7  0.537589
3 8  0.533779
3 9  0.513266
3 10  0.510524
3 11  0.508015
3 12  0.558463
3 13  0.529223
3 14  0.539916
3 15  0.532895
3 16  0.269567
3 17  0.499671
3 18  0.528440
3 19  0.550385
3 20  0.528711
3 21  0.562150
3 22  0.517872
3 23  0.514598
3 24  0.536479
3 25  0.512138
3 26  0.513258
4 5  0.554422
4 6  0.520046
4 7  0.539888
4 8  0.537526
4 9  0.517005
4 10  0.514263
4 11  0.511754
4 12  0.563632
4 13  0.532964
4 14  0.543196
4 15  0.533808
4 16  0.499586
4 17  0.272054
4 18  0.531552
4 19  0.554678
4 20  0.532452
4 21  0.566645
4 22  0.521620
4 23  0.518330
4 24  0.540360
4 25  0.515881
4 26  0.517043
5 6  0.519274
5 7  0.569213
5 8  0.530239
5 9  0.515257
5 10  0.513005
5 11  0.511093
5 12  0.547316
5 13  0.526788
5 14  0.506563
5 15  0.536801
5 16  0.552721
5 17  0.556146
5 18  0.570945
5 19  0.319970
5 20  0.518931
5 21  0.540353
5 22  0.521339
5 23  0.516497
5 24  0.526179
5 25  0.515603
5 26  0.515473
6 7  0.536836
6 8  0.475022
6 9  0.482125
6 10  0.438969
6 11  0.476714
6 12  0.530713
6 13  0.496675
6 14  0.509282
6 15  0.502995
6 16  0.519103
6 17  0.522079
6 18  0.537300
6 19  0.520286
6 20  0.496147
6 21  0.532509
6 22  0.222687
6 23  0.483272
6 24  0.470350
6 25  0.479889
6 26  0.435663
7 8  0.554244
7 9  0.533796
7 10  0.531051
7 11  0.528545
7 12  0.572561
7 13  0.549757
7 14  0.560173
7 15  0.528469
7 16  0.531270
7 17  0.531792
7 18  0.357108
7 19  0.570898
7 20  0.548997
7 21  0.565913
7 22  0.538405
7 23  0.535127
7 24  0.556618
7 25  0.532679
7 26  0.533692
8 9  0.498739
8 10  0.468297
8 11  0.493177
8 12  0.547093
8 13  0.510412
8 14  0.526675
8 15  0.520353
8 16  0.536436
8 17  0.539542
8 18  0.554185
8 19  0.523725
8 20  0.503407
8 21  0.549023
8 22  0.468184
8 23  0.501217
8 24  0.300444
8 25  0.497377
8 26  0.463820
9 10  0.476323
9 11  0.433965
9 12  0.527665
9 13  0.464883
9 14  0.505239
9 15  0.499721
9 16  0.516067
9 17  0.519025
9 18  0.534286
9 19  0.515825
9 20  0.456109
9 21  0.529343
9 22  0.483544
9 23  0.232326
9 24  0.502732
9 25  0.432925
9 26  0.478826
10 11  0.471049
10 12  0.524887
10 13  0.491394
10 14  0.503514
10 15  0.497215
10 16  0.513276
10 17  0.516282
10 18  0.531396
10 19  0.513125
10 20  0.492027
10 21  0.526288
10 22  0.436196
10 23  0.477378
10 24  0.463178
10 25  0.474955
10 26  0.227339
11 12  0.522406
11 13  0.466144
11 14  0.500794
11 15  0.494660
11 16  0.510812
11 17  0.513781
11 18  0.529027
11 19  0.512081
11 20  0.457912
11 21  0.524207
11 22  0.477223
11 23  0.428346
11 24  0.495877
11 25  0.214311
11 26  0.473564
12 13  0.543306
12 14  0.520462
12 15  0.519316
12 16  0.562916
12 17  0.566837
12 18  0.565566
12 19  0.539219
12 20  0.543100
12 21  0.345776
12 22  0.532216
12 23  0.528865
12 24  0.549686
12 25  0.526347
12 26  0.527184
13 14  0.520058
13 15  0.515178
13 16  0.532048
13 17  0.534988
13 18  0.550115
13 19  0.520798
13 20  0.292328
13 21  0.545447
13 22  0.498620
13 23  0.458937
13 24  0.506505
13 25  0.458878
13 26  0.495323
14 15  0.521934
14 16  0.542880
14 17  0.545821
14 18  0.559194
14 19  0.512803
14 20  0.520004
14 21  0.528263
14 22  0.510873
14 23  0.507351
14 24  0.528472
14 25  0.505127
14 26  0.506287
15 16  0.532297
15 17  0.533823
15 18  0.534970
15 19  0.535277
15 20  0.515339
15 21  0.529465
15 22  0.504568
15 23  0.501278
15 24  0.523294
15 25  0.498826
15 26  0.499994
16 17  0.506884
16 18  0.540449
16 19  0.553760
16 20  0.531523
16 21  0.562698
16 22  0.520699
16 23  0.517413
16 24  0.539443
16 25  0.514966
16 26  0.516129
17 18  0.542690
17 19  0.556948
17 20  0.534489
17 21  0.567032
17 22  0.523662
17 23  0.520378
17 24  0.542415
17 25  0.517930
17 26  0.519093
18 19  0.570089
18 20  0.549728
18 21  0.575182
18 22  0.538897
18 23  0.535617
18 24  0.557538
18 25  0.533166
18 26  0.534314
19 20  0.526741
19 21  0.550308
19 22  0.521105
19 23  0.517066
19 24  0.532838
19 25  0.515509
19 26  0.515740
20 21  0.544433
20 22  0.497019
20 23  0.467125
20 24  0.511662
20 25  0.470936
20 26  0.493192
21 22  0.534218
21 23  0.530926
21 24  0.551512
21 25  0.528458
21 26  0.529513
22 23  0.484911
22 24  0.480007
22 25  0.482369
22 26  0.441872
23 24  0.502758
23 25  0.436075
23 26  0.480461
24 25  0.499840
24 26  0.474288
25 26  0.477961
