   -993.89592287
   -994.20191129
0.00044000529100
2 2 2 2 2 2 2 2 2 2 2 2 2 0 0 0 0 0 0 0 0 0 0 0 0 0 
1  0.268437
2  0.261539
3  0.276560
4  0.280208
5  0.287602
6  0.257482
7  0.299389
8  0.276522
9  0.254395
10  0.255786
11  0.251425
12  0.295855
13  0.271237
14  0.273404
15  0.266755
16  0.279779
17  0.282486
18  0.299845
19  0.288353
20  0.272768
21  0.297597
22  0.259772
23  0.255958
24  0.279340
25  0.253373
26  0.258170
1 2  0.525157
1 3  0.544883
1 4  0.548451
1 5  0.524880
1 6  0.525834
1 7  0.566179
1 8  0.544086
1 9  0.522521
1 10  0.524141
1 11  0.519773
1 12  0.536682
1 13  0.538084
1 14  0.268407
1 15  0.530932
1 16  0.547890
1 17  0.550256
1 18  0.567762
1 19  0.519876
1 20  0.539285
1 21  0.532438
1 22  0.528047
1 23  0.523362
1 24  0.547575
1 25  0.521534
1 26  0.526514
2 3  0.534316
2 4  0.536034
2 5  0.546935
2 6  0.519007
2 7  0.541569
2 8  0.538041
2 9  0.515891
2 10  0.517308
2 11  0.512928
2 12  0.537214
2 13  0.532672
2 14  0.530473
2 15  0.247369
2 16  0.540428
2 17  0.540297
2 18  0.534637
2 19  0.549247
2 20  0.533566
2 21  0.530875
2 22  0.521309
2 23  0.517336
2 24  0.540721
2 25  0.514904
2 26  0.519703
3 4  0.508993
3 5  0.563845
3 6  0.534038
3 7  0.545523
3 8  0.553056
3 9  0.530951
3 10  0.532340
3 11  0.527982
3 12  0.568993
3 13  0.547786
3 14  0.549642
3 15  0.542291
3 16  0.276093
3 17  0.506138
3 18  0.536627
3 19  0.563937
3 20  0.549325
3 21  0.572855
3 22  0.536315
3 23  0.532508
3 24  0.555681
3 25  0.529902
3 26  0.534652
4 5  0.567719
4 6  0.537688
4 7  0.547734
4 8  0.556717
4 9  0.534601
4 10  0.535992
4 11  0.531632
4 12  0.574062
4 13  0.551436
4 14  0.552885
4 15  0.543109
4 16  0.506244
4 17  0.278324
4 18  0.539660
4 19  0.568196
4 20  0.552956
4 21  0.577184
4 22  0.539978
4 23  0.536150
4 24  0.559523
4 25  0.533567
4 26  0.538364
5 6  0.543974
5 7  0.584804
5 8  0.556289
5 9  0.539959
5 10  0.541325
5 11  0.538039
5 12  0.564920
5 13  0.552094
5 14  0.523743
5 15  0.553634
5 16  0.566371
5 17  0.569728
5 18  0.586624
5 19  0.340947
5 20  0.546939
5 21  0.557958
5 22  0.547136
5 23  0.541911
5 24  0.553376
5 25  0.540772
5 26  0.544063
6 7  0.556857
6 8  0.503793
6 9  0.511679
6 10  0.468871
6 11  0.508392
6 12  0.553263
6 13  0.526932
6 14  0.530703
6 15  0.524231
6 16  0.537237
6 17  0.539963
6 18  0.557304
6 19  0.545596
6 20  0.528881
6 21  0.554919
6 22  0.245615
6 23  0.513164
6 24  0.498071
6 25  0.509552
6 26  0.465953
7 8  0.575819
7 9  0.553771
7 10  0.555146
7 11  0.550801
7 12  0.585044
7 13  0.570614
7 14  0.572226
7 15  0.540022
7 16  0.539619
7 17  0.539948
7 18  0.368070
7 19  0.586874
7 20  0.571879
7 21  0.578456
7 22  0.559132
7 23  0.555339
7 24  0.578031
7 25  0.552724
7 26  0.557371
8 9  0.529676
8 10  0.500627
8 11  0.526187
8 12  0.571030
8 13  0.541563
8 14  0.549693
8 15  0.543075
8 16  0.556064
8 17  0.558974
8 18  0.575743
8 19  0.551068
8 20  0.537002
8 21  0.573044
8 22  0.496979
8 23  0.532381
8 24  0.327295
8 25  0.528471
8 26  0.494200
9 10  0.510068
9 11  0.462641
9 12  0.550195
9 13  0.493624
9 14  0.526663
9 15  0.520812
9 16  0.534134
9 17  0.536840
9 18  0.554237
9 19  0.541096
9 20  0.485926
9 21  0.551606
9 22  0.513843
9 23  0.249940
9 24  0.533602
9 25  0.460260
9 26  0.512190
10 11  0.506969
10 12  0.551411
10 13  0.525896
10 14  0.529106
10 15  0.522538
10 16  0.535466
10 17  0.538247
10 18  0.555468
10 19  0.542567
10 20  0.528447
10 21  0.552693
10 22  0.466595
10 23  0.511393
10 24  0.494413
10 25  0.508796
10 26  0.250755
11 12  0.547214
11 13  0.494797
11 14  0.524623
11 15  0.518108
11 16  0.531161
11 17  0.533884
11 18  0.551259
11 19  0.539620
11 20  0.487795
11 21  0.548776
11 22  0.509760
11 23  0.457500
11 24  0.529213
11 25  0.239078
11 26  0.509222
12 13  0.566550
12 14  0.534973
12 15  0.533448
12 16  0.574095
12 17  0.577769
12 18  0.577959
12 19  0.557186
12 20  0.568509
12 21  0.361895
12 22  0.555508
12 23  0.551611
12 24  0.574021
12 25  0.548949
12 26  0.553400
13 14  0.542249
13 15  0.537115
13 16  0.551015
13 17  0.553695
13 18  0.570877
13 19  0.546525
13 20  0.318985
13 21  0.568634
13 22  0.529502
13 23  0.487080
13 24  0.538429
13 25  0.486635
13 26  0.529303
14 15  0.534780
14 16  0.553024
14 17  0.555770
14 18  0.571023
14 19  0.530220
14 20  0.544141
14 21  0.542428
14 22  0.533110
14 23  0.528949
14 24  0.551337
14 25  0.526596
14 26  0.531462
15 16  0.541648
15 17  0.543069
15 18  0.546094
15 19  0.552103
15 20  0.539449
15 21  0.543127
15 22  0.526510
15 23  0.522692
15 24  0.546050
15 25  0.520098
15 26  0.524908
16 17  0.513690
16 18  0.548825
16 19  0.567731
16 20  0.552533
16 21  0.573489
16 22  0.539546
16 23  0.535733
16 24  0.559075
16 25  0.533150
16 26  0.537941
17 18  0.550888
17 19  0.570710
17 20  0.555243
17 21  0.577406
17 22  0.542256
17 23  0.538440
17 24  0.561805
17 25  0.535858
17 26  0.540652
18 19  0.585644
18 20  0.572599
18 21  0.587358
18 22  0.559602
18 23  0.555800
18 24  0.579032
18 25  0.553212
18 26  0.557984
19 20  0.554279
19 21  0.568162
19 22  0.546526
19 23  0.542160
19 24  0.559059
19 25  0.540283
19 26  0.544100
20 21  0.569440
20 22  0.530309
20 23  0.497300
20 24  0.544887
20 25  0.498429
20 26  0.529292
21 22  0.557267
21 23  0.553450
21 24  0.575187
21 25  0.550885
21 26  0.555501
22 23  0.515477
22 24  0.509060
22 25  0.512598
22 26  0.472809
23 24  0.533693
23 25  0.464823
23 26  0.514046
24 25  0.530571
24 26  0.505999
25 26  0.511286
