   -993.89592287
   -994.20526602
0.00024052366500
2 2 2 2 2 2 2 2 2 2 2 2 2 0 0 0 0 0 0 0 0 0 0 0 0 0 
1  0.272435
2  0.264394
3  0.278353
4  0.281831
5  0.295037
6  0.269641
7  0.301994
8  0.289048
9  0.268332
10  0.268794
11  0.266730
12  0.300321
13  0.286132
14  0.277603
15  0.269707
16  0.281612
17  0.284147
18  0.302458
19  0.295739
20  0.287350
21  0.301952
22  0.272178
23  0.270079
24  0.291316
25  0.268293
26  0.271493
1 2  0.531684
1 3  0.550648
1 4  0.554051
1 5  0.536253
1 6  0.541982
1 7  0.572617
1 8  0.560543
1 9  0.540409
1 10  0.541125
1 11  0.539042
1 12  0.545050
1 13  0.556735
1 14  0.275826
1 15  0.537796
1 16  0.553685
1 17  0.555833
1 18  0.574327
1 19  0.531399
1 20  0.557875
1 21  0.540863
1 22  0.544425
1 23  0.541391
1 24  0.563519
1 25  0.540410
1 26  0.543823
2 3  0.538798
2 4  0.540264
2 5  0.557025
2 6  0.534021
2 7  0.546871
2 8  0.553419
2 9  0.532664
2 10  0.533169
2 11  0.531069
2 12  0.544296
2 13  0.550413
2 14  0.537448
2 15  0.252622
2 16  0.545049
2 17  0.544756
2 18  0.540100
2 19  0.559422
2 20  0.550935
2 21  0.538116
2 22  0.536570
2 23  0.534266
2 24  0.555539
2 25  0.532677
2 26  0.535878
3 4  0.512612
3 5  0.573027
3 6  0.547988
3 7  0.549756
3 8  0.567359
3 9  0.546679
3 10  0.547135
3 11  0.545080
3 12  0.575008
3 13  0.564472
3 14  0.555604
3 15  0.546970
3 16  0.279544
3 17  0.509808
3 18  0.541000
3 19  0.573049
3 20  0.565701
3 21  0.578949
3 22  0.550506
3 23  0.548420
3 24  0.569416
3 25  0.546622
3 26  0.549729
4 5  0.576760
4 6  0.551470
4 7  0.551901
4 8  0.570856
4 9  0.550160
4 10  0.550620
4 11  0.548560
4 12  0.580002
4 13  0.567953
4 14  0.558632
4 15  0.547571
4 16  0.509913
4 17  0.281462
4 18  0.543886
4 19  0.577178
4 20  0.569161
4 21  0.583122
4 22  0.554002
4 23  0.551889
4 24  0.573123
4 25  0.550116
4 26  0.553300
5 6  0.563369
5 7  0.594589
5 8  0.575895
5 9  0.561006
5 10  0.561322
5 11  0.560571
5 12  0.576520
5 13  0.573875
5 14  0.535444
5 15  0.563956
5 16  0.575601
5 17  0.578782
5 18  0.596645
5 19  0.354449
5 20  0.568848
5 21  0.569554
5 22  0.566914
5 23  0.563309
5 24  0.572894
5 25  0.563071
5 26  0.564754
6 7  0.571614
6 8  0.526034
6 9  0.537793
6 10  0.491498
6 11  0.535940
6 12  0.569873
6 13  0.553725
6 14  0.547016
6 15  0.539341
6 16  0.551219
6 17  0.553779
6 18  0.572077
6 19  0.565090
6 20  0.555509
6 21  0.571409
6 22  0.265644
6 23  0.539513
6 24  0.519156
6 25  0.536884
6 26  0.488811
7 8  0.590937
7 9  0.570301
7 10  0.570747
7 11  0.568701
7 12  0.591757
7 13  0.588111
7 14  0.578988
7 15  0.545599
7 16  0.543977
7 17  0.544158
7 18  0.373156
7 19  0.596848
7 20  0.589058
7 21  0.585278
7 22  0.574145
7 23  0.572057
7 24  0.592609
7 25  0.570248
7 26  0.573265
8 9  0.555965
8 10  0.524086
8 11  0.553708
8 12  0.587862
8 13  0.568516
8 14  0.566381
8 15  0.558538
8 16  0.570406
8 17  0.573163
8 18  0.590828
8 19  0.570964
8 20  0.563932
8 21  0.589921
8 22  0.518683
8 23  0.558932
8 24  0.349637
8 25  0.555835
8 26  0.517531
9 10  0.537011
9 11  0.488385
9 12  0.568585
9 13  0.520620
9 14  0.544737
9 15  0.537664
9 16  0.549896
9 17  0.552437
9 18  0.570780
9 19  0.562450
9 20  0.512314
9 21  0.569888
9 22  0.540221
9 23  0.268981
9 24  0.559432
9 25  0.485846
9 26  0.539493
10 11  0.535362
10 12  0.568836
10 13  0.553710
10 14  0.546300
10 15  0.538496
10 16  0.550276
10 17  0.552909
10 18  0.571057
10 19  0.562870
10 20  0.555940
10 21  0.570041
10 22  0.489206
10 23  0.538565
10 24  0.517148
10 25  0.536836
10 26  0.269106
11 12  0.566975
11 13  0.521349
11 14  0.544122
11 15  0.536365
11 16  0.548278
11 17  0.550842
11 18  0.569174
11 19  0.562255
11 20  0.513606
11 21  0.568367
11 22  0.537736
11 23  0.483892
11 24  0.556385
11 25  0.262268
11 26  0.537979
12 13  0.585836
12 14  0.543643
12 15  0.540861
12 16  0.580374
12 17  0.583850
12 18  0.584855
12 19  0.568878
12 20  0.587538
12 21  0.370108
12 22  0.572367
12 23  0.570179
12 24  0.590460
12 25  0.568297
12 26  0.571148
13 14  0.561266
13 15  0.554906
13 16  0.567743
13 17  0.570254
13 18  0.588360
13 19  0.568581
13 20  0.343685
13 21  0.587849
13 22  0.556729
13 23  0.513596
13 24  0.565185
13 25  0.512470
13 26  0.557420
14 15  0.541666
14 16  0.559028
14 17  0.561615
14 18  0.577661
14 19  0.541724
14 20  0.562723
14 21  0.550956
14 22  0.549711
14 23  0.547203
14 24  0.567443
14 25  0.545675
14 26  0.548956
15 16  0.546219
15 17  0.547458
15 18  0.551430
15 19  0.562247
15 20  0.556962
15 21  0.550236
15 22  0.541870
15 23  0.539766
15 24  0.560975
15 25  0.537966
15 26  0.541173
16 17  0.517394
16 18  0.553162
16 19  0.576899
16 20  0.568945
16 21  0.579415
16 22  0.553781
16 23  0.551686
16 24  0.572867
16 25  0.549901
16 26  0.553089
17 18  0.555175
17 19  0.579735
17 20  0.571486
17 21  0.583191
17 22  0.556322
17 23  0.554223
17 24  0.575432
17 25  0.552438
17 26  0.555633
18 19  0.595374
18 20  0.589793
18 21  0.593955
18 22  0.574610
18 23  0.572529
18 24  0.593603
18 25  0.570743
18 26  0.573897
19 20  0.575829
19 21  0.579697
19 22  0.566091
19 23  0.563280
19 24  0.578062
19 25  0.562294
19 26  0.564305
20 21  0.588274
20 22  0.557052
20 23  0.523701
20 24  0.570909
20 25  0.524433
20 26  0.557088
21 22  0.574015
21 23  0.571912
21 24  0.591372
21 25  0.570138
21 26  0.573132
22 23  0.542030
22 24  0.530979
22 25  0.540004
22 26  0.495933
23 24  0.559613
23 25  0.491071
23 26  0.541493
24 25  0.557122
24 26  0.529308
25 26  0.539593
