   -993.89592287
   -994.20748979
0.00000004317921
2 2 2 2 2 2 2 2 2 2 2 2 2 0 0 0 0 0 0 0 0 0 0 0 0 0 
1  0.275191
2  0.265654
3  0.279017
4  0.282370
5  0.301239
6  0.280120
7  0.303048
8  0.300058
9  0.277409
10  0.279132
11  0.276301
12  0.302978
13  0.296475
14  0.280523
15  0.271024
16  0.282343
17  0.284734
18  0.303490
19  0.301735
20  0.297295
21  0.304625
22  0.283133
23  0.279370
24  0.301953
25  0.278284
26  0.281921
1 2  0.535626
1 3  0.554062
1 4  0.557335
1 5  0.545320
1 6  0.555192
1 7  0.576352
1 8  0.574244
1 9  0.552141
1 10  0.554175
1 11  0.551318
1 12  0.550535
1 13  0.569656
1 14  0.281221
1 15  0.541884
1 16  0.557172
1 17  0.559109
1 18  0.578098
1 19  0.540317
1 20  0.570604
1 21  0.546428
1 22  0.558075
1 23  0.553297
1 24  0.576880
1 25  0.553131
1 26  0.556981
2 3  0.540685
2 4  0.542037
2 5  0.564393
2 6  0.545762
2 7  0.549179
2 8  0.565688
2 9  0.542977
2 10  0.544762
2 11  0.541854
2 12  0.548195
2 13  0.561997
2 14  0.541647
2 15  0.255210
2 16  0.547019
2 17  0.546614
2 18  0.542448
2 19  0.566649
2 20  0.562072
2 21  0.542110
2 22  0.548785
2 23  0.544766
2 24  0.567434
2 25  0.543921
2 26  0.547567
3 4  0.513909
3 5  0.579870
3 6  0.559122
3 7  0.551477
3 8  0.579020
3 9  0.556419
3 10  0.558124
3 11  0.555314
3 12  0.578248
3 13  0.575475
3 14  0.559191
3 15  0.548934
3 16  0.281009
3 17  0.511160
3 18  0.542732
3 19  0.579685
3 20  0.576310
3 21  0.582284
3 22  0.562123
3 23  0.558367
3 24  0.580708
3 25  0.557265
3 26  0.560780
4 5  0.583494
4 6  0.562488
4 7  0.553561
4 8  0.582399
4 9  0.559776
4 10  0.561491
4 11  0.558669
4 12  0.583137
4 13  0.578835
4 14  0.562024
4 15  0.549429
4 16  0.511296
4 17  0.282661
4 18  0.545514
4 19  0.583713
4 20  0.579645
4 21  0.586322
4 22  0.565494
4 23  0.561713
4 24  0.584302
4 25  0.560647
4 26  0.564259
5 6  0.579614
5 7  0.601747
5 8  0.592747
5 9  0.575900
5 10  0.577327
5 11  0.575958
5 12  0.585327
5 13  0.589933
5 14  0.544648
5 15  0.571450
5 16  0.582514
5 17  0.585565
5 18  0.603884
5 19  0.366450
5 20  0.585003
5 21  0.578428
5 22  0.583959
5 23  0.578713
5 24  0.589794
5 25  0.579153
5 26  0.581239
6 7  0.583132
6 8  0.544647
6 9  0.557308
6 10  0.511273
6 11  0.555897
6 12  0.582963
6 13  0.574162
6 14  0.560340
6 15  0.551137
6 16  0.562423
6 17  0.564835
6 18  0.583587
6 19  0.581458
6 20  0.575863
6 21  0.584538
6 22  0.284808
6 23  0.559261
6 24  0.537392
6 25  0.557406
6 26  0.508442
7 8  0.602992
7 9  0.580423
7 10  0.582121
7 11  0.579314
7 12  0.595371
7 13  0.599507
7 14  0.582944
7 15  0.547994
7 16  0.545794
7 17  0.545845
7 18  0.375457
7 19  0.603909
7 20  0.600052
7 21  0.589027
7 22  0.586158
7 23  0.582396
7 24  0.604281
7 25  0.581277
7 26  0.584724
8 9  0.575886
8 10  0.543498
8 11  0.573891
8 12  0.601409
8 13  0.589517
8 14  0.580276
8 15  0.570866
8 16  0.582141
8 17  0.584762
8 18  0.602861
8 19  0.588069
8 20  0.584830
8 21  0.603640
8 22  0.537511
8 23  0.579113
8 24  0.370103
8 25  0.576722
8 26  0.536426
9 10  0.556386
9 11  0.506142
9 12  0.580299
9 13  0.538723
9 14  0.556615
9 15  0.548007
9 16  0.559686
9 17  0.562086
9 18  0.580887
9 19  0.577520
9 20  0.529972
9 21  0.581594
9 22  0.560241
9 23  0.282485
9 24  0.579035
9 25  0.503387
9 26  0.558991
10 11  0.555221
10 12  0.581742
10 13  0.574214
10 14  0.559529
10 15  0.550147
10 16  0.561300
10 17  0.563827
10 18  0.582387
10 19  0.579073
10 20  0.576114
10 21  0.582974
10 22  0.508714
10 23  0.558193
10 24  0.536152
10 25  0.557147
10 26  0.285434
11 12  0.579170
11 13  0.538508
11 14  0.556583
11 15  0.547243
11 16  0.558549
11 17  0.560982
11 18  0.579776
11 19  0.577725
11 20  0.530495
11 21  0.580523
11 22  0.558324
11 23  0.501978
11 24  0.576557
11 25  0.280552
11 26  0.557951
12 13  0.598734
12 14  0.549366
12 15  0.544891
12 16  0.583762
12 17  0.587072
12 18  0.588538
12 19  0.577552
12 20  0.600115
12 21  0.375597
12 22  0.585967
12 23  0.582092
12 24  0.603787
12 25  0.580855
12 26  0.584176
13 14  0.574589
13 15  0.566527
13 16  0.578816
13 17  0.581186
13 18  0.599739
13 19  0.584920
13 20  0.363136
13 21  0.600837
13 22  0.577930
13 23  0.531152
13 24  0.586105
13 25  0.529904
13 26  0.578066
14 15  0.545839
14 16  0.562671
14 17  0.565114
14 18  0.581539
14 19  0.550720
14 20  0.575430
14 21  0.556631
14 22  0.563568
14 23  0.559278
14 24  0.580934
14 25  0.558497
14 26  0.562249
15 16  0.548221
15 17  0.549337
15 18  0.553767
15 19  0.569466
15 20  0.568204
15 21  0.554211
15 22  0.554143
15 23  0.550371
15 24  0.572926
15 25  0.549255
15 26  0.552905
16 17  0.518801
16 18  0.554929
16 19  0.583601
16 20  0.579615
16 21  0.582733
16 22  0.565459
16 23  0.561707
16 24  0.584222
16 25  0.560621
16 26  0.564237
17 18  0.556870
17 19  0.586307
17 20  0.582018
17 21  0.586378
17 22  0.567863
17 23  0.564099
17 24  0.586647
17 25  0.563013
17 26  0.566641
18 19  0.602295
18 20  0.600768
18 21  0.597559
18 22  0.586583
18 23  0.582847
18 24  0.605263
18 25  0.581766
18 26  0.585337
19 20  0.591409
19 21  0.588342
19 22  0.582512
19 23  0.578145
19 24  0.594344
19 25  0.577810
19 26  0.580191
20 21  0.600786
20 22  0.577554
20 23  0.541453
20 24  0.591207
20 25  0.541564
20 26  0.577226
21 22  0.587586
21 23  0.583838
21 24  0.604574
21 25  0.582765
21 26  0.586143
22 23  0.562234
22 24  0.549649
22 25  0.560849
22 26  0.516345
23 24  0.579326
23 25  0.509678
23 26  0.561170
24 25  0.577388
24 26  0.548442
25 26  0.559958
