   -993.89525571
   -994.20983178
0.00019493940500
2 2 2 2 2 2 2 2 2 2 2 2 2 0 0 0 0 0 0 0 0 0 0 0 0 0 
1  0.271897
2  0.280370
3  0.272009
4  0.267043
5  0.271682
6  0.283683
7  0.316591
8  0.302519
9  0.300528
10  0.293681
11  0.299126
12  0.301829
13  0.301785
14  0.270997
15  0.275198
16  0.283687
17  0.270618
18  0.274421
19  0.284753
20  0.301795
21  0.301432
22  0.300100
23  0.300063
24  0.303379
25  0.303153
26  0.327937
1 2  0.551782
1 3  0.542987
1 4  0.535242
1 5  0.543574
1 6  0.555573
1 7  0.562959
1 8  0.574277
1 9  0.568283
1 10  0.564751
1 11  0.551982
1 12  0.573574
1 13  0.571587
1 14  0.255912
1 15  0.546854
1 16  0.553921
1 17  0.536840
1 18  0.546249
1 19  0.556451
1 20  0.573298
1 21  0.561935
1 22  0.565988
1 23  0.571871
1 24  0.568593
1 25  0.574772
1 26  0.568655
2 3  0.508562
2 4  0.547370
2 5  0.552050
2 6  0.564052
2 7  0.596249
2 8  0.582881
2 9  0.573722
2 10  0.574021
2 11  0.575938
2 12  0.582198
2 13  0.560969
2 14  0.551206
2 15  0.269966
2 16  0.509418
2 17  0.550975
2 18  0.554775
2 19  0.565119
2 20  0.582165
2 21  0.579617
2 22  0.576102
2 23  0.580195
2 24  0.560958
2 25  0.583475
2 26  0.607435
3 4  0.539029
3 5  0.543690
3 6  0.555692
3 7  0.588066
3 8  0.574525
3 9  0.564625
3 10  0.565681
3 11  0.564458
3 12  0.573837
3 13  0.559564
3 14  0.542597
3 15  0.503297
3 16  0.268112
3 17  0.542594
3 18  0.546425
3 19  0.556761
3 20  0.573803
3 21  0.572229
3 22  0.570732
3 23  0.571972
3 24  0.544219
3 25  0.575137
3 26  0.599866
4 5  0.538047
4 6  0.549660
4 7  0.556424
4 8  0.554929
4 9  0.566874
4 10  0.556754
4 11  0.565980
4 12  0.564477
4 13  0.568644
4 14  0.532122
4 15  0.542219
4 16  0.550579
4 17  0.252996
4 18  0.541391
4 19  0.550626
4 20  0.556900
4 21  0.568077
4 22  0.566920
4 23  0.561868
4 24  0.569933
4 25  0.563572
4 26  0.566723
5 6  0.511293
5 7  0.587532
5 8  0.564769
5 9  0.572174
5 10  0.559382
5 11  0.570791
5 12  0.560721
5 13  0.573450
5 14  0.542665
5 15  0.546873
5 16  0.555369
5 17  0.542186
5 18  0.259698
5 19  0.508273
5 20  0.571482
5 21  0.573114
5 22  0.571578
5 23  0.568278
5 24  0.575018
5 25  0.551521
5 26  0.599223
6 7  0.599936
6 8  0.578876
6 9  0.584203
6 10  0.573954
6 11  0.582804
6 12  0.563296
6 13  0.585463
6 14  0.554607
6 15  0.558881
6 16  0.567370
6 17  0.553010
6 18  0.508364
6 19  0.269267
6 20  0.582747
6 21  0.585112
6 22  0.583738
6 23  0.581259
6 24  0.587042
6 25  0.555772
6 26  0.611414
7 8  0.615083
7 9  0.605184
7 10  0.598898
7 11  0.613113
7 12  0.617322
7 13  0.615573
7 14  0.562710
7 15  0.591686
7 16  0.600032
7 17  0.556879
7 18  0.590619
7 19  0.601238
7 20  0.615717
7 21  0.616433
7 22  0.602172
7 23  0.604256
7 24  0.615815
7 25  0.615216
7 26  0.386819
8 9  0.602941
8 10  0.560731
8 11  0.601606
8 12  0.576764
8 13  0.604257
8 14  0.572966
8 15  0.577716
8 16  0.586198
8 17  0.562560
8 18  0.574490
8 19  0.584565
8 20  0.362566
8 21  0.603890
8 22  0.602485
8 23  0.562049
8 24  0.605817
8 25  0.571737
8 26  0.628027
9 10  0.593590
9 11  0.562316
9 12  0.602314
9 13  0.577211
9 14  0.569423
9 15  0.574419
9 16  0.581953
9 17  0.570986
9 18  0.574831
9 19  0.585248
9 20  0.602303
9 21  0.560747
9 22  0.403917
9 23  0.599195
9 24  0.564950
9 25  0.603401
9 26  0.621033
10 11  0.592506
10 12  0.570622
10 13  0.595198
10 14  0.564359
10 15  0.568791
10 16  0.577339
10 17  0.557997
10 18  0.564520
10 19  0.575653
10 20  0.554441
10 21  0.595000
10 22  0.592452
10 23  0.368087
10 24  0.596947
10 25  0.567526
10 26  0.605611
11 12  0.600929
11 13  0.574616
11 14  0.548744
11 15  0.572669
11 16  0.578666
11 17  0.569360
11 18  0.573505
11 19  0.583848
11 20  0.600843
11 21  0.405661
11 22  0.554705
11 23  0.599078
11 24  0.574978
11 25  0.602268
11 26  0.620952
12 13  0.603601
12 14  0.572484
12 15  0.577013
12 16  0.585502
12 17  0.566484
12 18  0.556011
12 19  0.555579
12 20  0.573457
12 21  0.603221
12 22  0.601836
12 23  0.567470
12 24  0.605207
12 25  0.394970
12 26  0.624949
13 14  0.567413
13 15  0.546677
13 16  0.562961
13 17  0.572337
13 18  0.576142
13 19  0.586514
13 20  0.603561
13 21  0.563615
13 22  0.575191
13 23  0.601330
13 24  0.447985
13 25  0.604850
13 26  0.624835
14 15  0.545275
14 16  0.553458
14 17  0.537796
14 18  0.545404
14 19  0.555745
14 20  0.572647
14 21  0.554594
14 22  0.567214
14 23  0.569909
14 24  0.570190
14 25  0.573998
14 26  0.571344
15 16  0.513824
15 17  0.545804
15 18  0.549618
15 19  0.559950
15 20  0.576992
15 21  0.567035
15 22  0.568445
15 23  0.575230
15 24  0.563220
15 25  0.578349
15 26  0.602236
16 17  0.554298
16 18  0.558108
16 19  0.568439
16 20  0.585482
16 21  0.577394
16 22  0.579581
16 23  0.583730
16 24  0.565104
16 25  0.586838
16 26  0.611017
17 18  0.544194
17 19  0.553939
17 20  0.554196
17 21  0.571891
17 22  0.569632
17 23  0.566979
17 24  0.573826
17 25  0.569409
17 26  0.571376
18 19  0.513990
18 20  0.566674
18 21  0.575852
18 22  0.574493
18 23  0.567668
18 24  0.577798
18 25  0.562467
18 26  0.601542
19 20  0.579240
19 21  0.586184
19 22  0.584846
19 23  0.579905
19 24  0.588130
19 25  0.566030
19 26  0.612133
20 21  0.603224
20 22  0.601840
20 23  0.562625
20 24  0.605168
20 25  0.579143
20 26  0.626385
21 22  0.562308
21 23  0.601452
21 24  0.579056
21 25  0.604582
21 26  0.625717
22 23  0.599088
22 24  0.579569
22 25  0.603143
22 26  0.614168
23 24  0.603359
23 25  0.579597
23 26  0.614811
24 25  0.606526
24 26  0.630000
25 26  0.629787
