   -993.89525571
   -994.21380262
0.00009812465600
2 2 2 2 2 2 2 2 2 2 2 2 2 0 0 0 0 0 0 0 0 0 0 0 0 0 
1  0.280979
2  0.286083
3  0.277046
4  0.276473
5  0.276806
6  0.288545
7  0.326918
8  0.312731
9  0.310668
10  0.303723
11  0.308641
12  0.309106
13  0.310615
14  0.279884
15  0.280366
16  0.289579
17  0.280153
18  0.280072
19  0.289771
20  0.311483
21  0.311007
22  0.310347
23  0.310525
24  0.311025
25  0.311003
26  0.338607
1 2  0.566388
1 3  0.556786
1 4  0.553344
1 5  0.557777
1 6  0.569502
1 7  0.582120
1 8  0.593560
1 9  0.587218
1 10  0.583722
1 11  0.568306
1 12  0.589862
1 13  0.589236
1 14  0.272238
1 15  0.561091
1 16  0.568869
1 17  0.555417
1 18  0.560914
1 19  0.570430
1 20  0.592054
1 21  0.579396
1 22  0.585299
1 23  0.591372
1 24  0.585002
1 25  0.591683
1 26  0.588564
2 3  0.519660
2 4  0.562510
2 5  0.562884
2 6  0.574626
2 7  0.611992
2 8  0.598803
2 9  0.589186
2 10  0.589750
2 11  0.590450
2 12  0.595187
2 13  0.574365
2 14  0.565785
2 15  0.280622
2 16  0.521659
2 17  0.566213
2 18  0.566104
2 19  0.575844
2 20  0.597565
2 21  0.594602
2 22  0.591806
2 23  0.596197
2 24  0.574265
2 25  0.597011
2 26  0.623551
3 4  0.553483
3 5  0.553851
3 6  0.565589
3 7  0.603189
3 8  0.589773
3 9  0.578353
3 10  0.580756
3 11  0.578612
3 12  0.586151
3 13  0.573210
3 14  0.556324
3 15  0.514013
3 16  0.278720
3 17  0.557115
3 18  0.557110
3 19  0.566817
3 20  0.588527
3 21  0.586804
3 22  0.585739
3 23  0.587449
3 24  0.556893
3 25  0.588016
3 26  0.615584
4 5  0.552333
4 6  0.563628
4 7  0.575560
4 8  0.572020
4 9  0.586398
4 10  0.575820
4 11  0.584940
4 12  0.580958
4 13  0.586905
4 14  0.550223
4 15  0.556751
4 16  0.565707
4 17  0.269351
4 18  0.556423
4 19  0.565075
4 20  0.575035
4 21  0.587047
4 22  0.586564
4 23  0.581655
4 24  0.587052
4 25  0.580729
4 26  0.586935
5 6  0.521771
5 7  0.602728
5 8  0.578658
5 9  0.587418
5 10  0.573915
5 11  0.585422
5 12  0.573028
5 13  0.587391
5 14  0.556650
5 15  0.557162
5 16  0.566385
5 17  0.556809
5 18  0.269821
5 19  0.519001
5 20  0.585921
5 21  0.587812
5 22  0.586888
5 23  0.583686
5 24  0.587781
5 25  0.564532
5 26  0.614926
6 7  0.614930
6 8  0.593479
6 9  0.599202
6 10  0.588414
6 11  0.597182
6 12  0.574233
6 13  0.599154
6 14  0.568228
6 15  0.568910
6 16  0.578117
6 17  0.567303
6 18  0.519535
6 19  0.278883
6 20  0.597075
6 21  0.599541
6 22  0.598801
6 23  0.596386
6 24  0.599540
6 25  0.568329
6 26  0.626959
7 8  0.635451
7 9  0.624470
7 10  0.618111
7 11  0.632882
7 12  0.634711
7 13  0.634643
7 14  0.582012
7 15  0.607073
7 16  0.616270
7 17  0.576586
7 18  0.606457
7 19  0.616545
7 20  0.635537
7 21  0.636268
7 22  0.622567
7 23  0.624355
7 24  0.633886
7 25  0.633310
7 26  0.408466
8 9  0.623307
8 10  0.580740
8 11  0.621339
8 12  0.593977
8 13  0.623303
8 14  0.592177
8 15  0.593095
8 16  0.602289
8 17  0.581240
8 18  0.589807
8 19  0.599644
8 20  0.379780
8 21  0.623695
8 22  0.622947
8 23  0.582223
8 24  0.623681
8 25  0.589372
8 26  0.648645
9 10  0.613646
9 11  0.581855
9 12  0.619714
9 13  0.595213
9 14  0.588283
9 15  0.589756
9 16  0.597602
9 17  0.590594
9 18  0.590515
9 19  0.600382
9 20  0.622120
9 21  0.579793
9 22  0.423610
9 23  0.619882
9 24  0.580738
9 25  0.621407
9 26  0.641457
10 11  0.611970
10 12  0.586569
10 13  0.613962
10 14  0.583287
10 15  0.583865
10 16  0.593198
10 17  0.577493
10 18  0.580020
10 19  0.590379
10 20  0.574019
10 21  0.614620
10 22  0.612799
10 23  0.388203
10 24  0.614642
10 25  0.583117
10 26  0.625945
11 12  0.617705
11 13  0.592336
11 14  0.566095
11 15  0.587076
11 16  0.593892
11 17  0.588414
11 18  0.588625
11 19  0.598347
11 20  0.620035
11 21  0.423359
11 22  0.573868
11 23  0.619080
11 24  0.591575
11 25  0.619635
11 26  0.641021
12 13  0.619698
12 14  0.588485
12 15  0.589418
12 16  0.598636
12 17  0.583221
12 18  0.569058
12 19  0.567125
12 20  0.590125
12 21  0.620061
12 22  0.619336
12 23  0.583821
12 24  0.620130
12 25  0.410538
12 26  0.643077
13 14  0.585009
13 15  0.560364
13 16  0.577454
13 17  0.590682
13 18  0.590536
13 19  0.600329
13 20  0.622065
13 21  0.580908
13 22  0.592754
13 23  0.620516
13 24  0.465048
13 25  0.621536
13 26  0.644295
14 15  0.559122
14 16  0.567753
14 17  0.555788
14 18  0.559931
14 19  0.569624
14 20  0.591240
14 21  0.571003
14 22  0.586154
14 23  0.589050
14 24  0.586153
14 25  0.590707
14 26  0.590599
15 16  0.525141
15 17  0.560501
15 18  0.560434
15 19  0.570135
15 20  0.591846
15 21  0.580339
15 22  0.583155
15 23  0.590843
15 24  0.575969
15 25  0.591364
15 26  0.617868
16 17  0.569704
16 18  0.569648
16 19  0.579348
16 20  0.601060
16 21  0.592533
16 22  0.594704
16 23  0.600094
16 24  0.577941
16 25  0.600580
16 26  0.627463
17 18  0.559080
17 19  0.568281
17 20  0.571457
17 21  0.591042
17 22  0.589117
17 23  0.586592
17 24  0.591004
17 25  0.586403
17 26  0.591004
18 19  0.525105
18 20  0.580650
18 21  0.591075
18 22  0.590368
18 23  0.583050
18 24  0.591093
18 25  0.575734
18 26  0.617493
19 20  0.593195
19 21  0.600776
19 22  0.600111
19 23  0.594996
19 24  0.600795
19 25  0.578077
19 26  0.627653
20 21  0.622487
20 22  0.621753
20 23  0.582386
20 24  0.622501
20 25  0.596358
20 26  0.646486
21 22  0.581878
21 23  0.621460
21 24  0.595797
21 25  0.622004
21 26  0.645983
22 23  0.619663
22 24  0.596375
22 25  0.621186
22 26  0.634076
23 24  0.621395
23 25  0.596442
23 26  0.634370
24 25  0.622012
24 26  0.648060
25 26  0.648052
