   -993.89525571
   -994.21535892
0.00002159535270
2 2 2 2 2 2 2 2 2 2 2 2 2 0 0 0 0 0 0 0 0 0 0 0 0 0 
1  0.285748
2  0.288811
3  0.279446
4  0.280948
5  0.279568
6  0.291061
7  0.333119
8  0.317058
9  0.315975
10  0.308824
11  0.312998
12  0.312889
13  0.314813
14  0.284741
15  0.282945
16  0.292214
17  0.284787
18  0.282949
19  0.292313
20  0.315513
21  0.315404
22  0.315690
23  0.315793
24  0.314726
25  0.314742
26  0.345143
1 2  0.573771
1 3  0.563793
1 4  0.562314
1 5  0.565300
1 6  0.576776
1 7  0.592912
1 8  0.602639
1 9  0.597180
1 10  0.593411
1 11  0.576204
1 12  0.598408
1 13  0.598052
1 14  0.280802
1 15  0.568405
1 16  0.576169
1 17  0.564795
1 18  0.568534
1 19  0.577672
1 20  0.600836
1 21  0.588007
1 22  0.595455
1 23  0.601374
1 24  0.593389
1 25  0.600166
1 26  0.600067
2 3  0.525056
2 4  0.569707
2 5  0.568371
2 6  0.579870
2 7  0.620733
2 8  0.605856
2 9  0.596777
2 10  0.597567
2 11  0.597297
2 12  0.601697
2 13  0.580811
2 14  0.573358
2 15  0.285725
2 16  0.527437
2 17  0.573558
2 18  0.571687
2 19  0.581110
2 20  0.604322
2 21  0.601609
2 22  0.599659
2 23  0.604109
2 24  0.580731
2 25  0.603448
2 26  0.632820
3 4  0.560351
3 5  0.559011
3 6  0.570506
3 7  0.611650
3 8  0.596500
3 9  0.585377
3 10  0.588254
3 11  0.585068
3 12  0.592334
3 13  0.579740
3 14  0.563483
3 15  0.519310
3 16  0.283606
3 17  0.564080
3 18  0.562384
3 19  0.571759
3 20  0.594955
3 21  0.593541
3 22  0.593361
3 23  0.595064
3 24  0.563014
3 25  0.594135
3 26  0.624505
4 5  0.559416
4 6  0.570428
4 7  0.586013
4 8  0.579806
4 9  0.596131
4 10  0.585322
4 11  0.593756
4 12  0.588909
4 13  0.595578
4 14  0.559513
4 15  0.563789
4 16  0.572784
4 17  0.277613
4 18  0.563758
4 19  0.571979
4 20  0.583171
4 21  0.595898
4 22  0.596356
4 23  0.591436
4 24  0.595207
4 25  0.588876
4 26  0.597983
5 6  0.527277
5 7  0.611521
5 8  0.585141
5 9  0.595463
5 10  0.581308
5 11  0.592535
5 12  0.579457
5 13  0.594337
5 14  0.564248
5 15  0.562495
5 16  0.571781
5 17  0.564176
5 18  0.275067
5 19  0.524632
5 20  0.592561
5 21  0.594972
5 22  0.594938
5 23  0.591547
5 24  0.594220
5 25  0.571072
5 26  0.624146
6 7  0.623556
6 8  0.599995
6 9  0.607021
6 10  0.595845
6 11  0.604055
6 12  0.580072
6 13  0.605866
6 14  0.575540
6 15  0.574006
6 16  0.583269
6 17  0.574342
6 18  0.525247
6 19  0.283760
6 20  0.603531
6 21  0.606450
6 22  0.606656
6 23  0.604074
6 24  0.605745
6 25  0.574545
6 26  0.635971
7 8  0.645824
7 9  0.634998
7 10  0.628804
7 11  0.643349
7 12  0.644590
7 13  0.644754
7 14  0.593080
7 15  0.615808
7 16  0.625098
7 17  0.587473
7 18  0.615505
7 19  0.625252
7 20  0.645755
7 21  0.646831
7 22  0.633908
7 23  0.635616
7 24  0.643609
7 25  0.643181
7 26  0.420604
8 9  0.632934
8 10  0.590103
8 11  0.630024
8 12  0.602047
8 13  0.631824
8 14  0.601345
8 15  0.600001
8 16  0.609243
8 17  0.589735
8 18  0.596812
8 19  0.606433
8 20  0.387386
8 21  0.632422
8 22  0.632584
8 23  0.591755
8 24  0.631689
8 25  0.597326
8 26  0.659440
9 10  0.623957
9 11  0.591574
9 12  0.628783
9 13  0.604268
9 14  0.598379
9 15  0.597557
9 16  0.605384
9 17  0.600477
9 18  0.598669
9 19  0.608227
9 20  0.631448
9 21  0.589362
9 22  0.433360
9 23  0.630418
9 24  0.589313
9 25  0.630434
9 26  0.652997
10 11  0.621317
10 12  0.594876
10 13  0.623189
10 14  0.593187
10 15  0.591480
10 16  0.600911
10 17  0.587229
10 18  0.587903
10 19  0.597936
10 20  0.583032
10 21  0.624095
10 22  0.623193
10 23  0.397879
10 24  0.623420
10 25  0.591577
10 26  0.637431
11 12  0.625836
11 13  0.600696
11 14  0.574687
11 15  0.593895
11 16  0.600752
11 17  0.597400
11 18  0.595842
11 19  0.605228
11 20  0.628435
11 21  0.431326
11 22  0.583732
11 23  0.628700
11 24  0.599429
11 25  0.627729
11 26  0.651909
12 13  0.627672
12 14  0.597122
12 15  0.595762
12 16  0.605043
12 17  0.591559
12 18  0.575719
12 19  0.573344
12 20  0.597845
12 21  0.628214
12 22  0.628446
12 23  0.592455
12 24  0.627614
12 25  0.417771
12 26  0.653215
13 14  0.594016
13 15  0.567027
13 16  0.584283
13 17  0.599491
13 18  0.597558
13 19  0.607051
13 20  0.630278
13 21  0.589313
13 22  0.601747
13 23  0.629975
13 24  0.472880
13 25  0.629457
13 26  0.654899
14 15  0.566384
14 16  0.575113
14 17  0.565060
14 18  0.567661
14 19  0.577014
14 20  0.600117
14 21  0.579070
14 22  0.596297
14 23  0.599001
14 24  0.594425
14 25  0.599288
14 26  0.601813
15 16  0.530652
15 17  0.567705
15 18  0.565890
15 19  0.575256
15 20  0.598453
15 21  0.586816
15 22  0.590659
15 23  0.598675
15 24  0.582222
15 25  0.597682
15 26  0.626735
16 17  0.576959
16 18  0.575161
16 19  0.584524
16 20  0.607724
16 21  0.599297
16 22  0.602298
16 23  0.607996
16 24  0.583949
16 25  0.606955
16 26  0.636481
17 18  0.566427
17 19  0.575261
17 20  0.579191
17 21  0.600056
17 22  0.598928
17 23  0.596451
17 24  0.599323
17 25  0.594484
17 26  0.601872
18 19  0.530757
18 20  0.586961
18 21  0.598348
18 22  0.598580
18 23  0.590757
18 24  0.597670
18 25  0.582248
18 26  0.626722
19 20  0.599490
19 21  0.607714
19 22  0.607993
19 23  0.602460
19 24  0.607038
19 25  0.584054
19 26  0.636597
20 21  0.630915
20 22  0.631101
20 23  0.591681
20 24  0.630229
20 25  0.603949
20 26  0.656919
21 22  0.591555
21 23  0.631097
21 24  0.603806
21 25  0.630137
21 26  0.656789
22 23  0.630070
22 24  0.604833
22 25  0.630231
22 26  0.645135
23 24  0.630316
23 25  0.604947
23 26  0.645259
24 25  0.629449
24 26  0.658137
25 26  0.658156
