   -993.89525571
   -994.21588653
0.00000005527928
2 2 2 2 2 2 2 2 2 2 2 2 2 0 0 0 0 0 0 0 0 0 0 0 0 0 
1  0.287597
2  0.289921
3  0.280407
4  0.282764
5  0.280566
6  0.292024
7  0.335541
8  0.318468
9  0.317764
10  0.310563
11  0.314492
12  0.314203
13  0.316381
14  0.286616
15  0.283996
16  0.293332
17  0.286622
18  0.283996
19  0.293317
20  0.316840
21  0.316846
22  0.317589
23  0.317595
24  0.316052
25  0.316057
26  0.347636
1 2  0.576672
1 3  0.566540
1 4  0.565898
1 5  0.568141
1 6  0.579577
1 7  0.597142
1 8  0.605889
1 9  0.600784
1 10  0.596926
1 11  0.579045
1 12  0.601557
1 13  0.601423
1 14  0.284302
1 15  0.571299
1 16  0.579083
1 17  0.568496
1 18  0.571408
1 19  0.580435
1 20  0.604012
1 21  0.591108
1 22  0.599204
1 23  0.605003
1 24  0.596546
1 25  0.603295
1 26  0.604471
2 3  0.527226
2 4  0.572628
2 5  0.570472
2 6  0.581940
2 7  0.624146
2 8  0.608372
2 9  0.599596
2 10  0.600405
2 11  0.599838
2 12  0.604121
2 13  0.583341
2 14  0.576340
2 15  0.287921
2 16  0.529837
2 17  0.576494
2 18  0.573812
2 19  0.583224
2 20  0.606759
2 21  0.604128
2 22  0.602648
2 23  0.606943
2 24  0.583174
2 25  0.605846
2 26  0.636364
3 4  0.563118
3 5  0.560966
3 6  0.572428
3 7  0.614928
3 8  0.598870
3 9  0.587916
3 10  0.590950
3 11  0.587471
3 12  0.594608
3 13  0.582264
3 14  0.566269
3 15  0.521450
3 16  0.285700
3 17  0.566808
3 18  0.564391
3 19  0.573722
3 20  0.597235
3 21  0.595934
3 22  0.596155
3 23  0.597821
3 24  0.565340
3 25  0.596397
3 26  0.627953
4 5  0.562168
4 6  0.573129
4 7  0.590167
4 8  0.582581
4 9  0.599700
4 10  0.588868
4 11  0.597063
4 12  0.591953
4 13  0.598962
4 14  0.563218
4 15  0.566626
4 16  0.575617
4 17  0.281015
4 18  0.566613
4 19  0.574766
4 20  0.586175
4 21  0.599164
4 22  0.600049
4 23  0.595057
4 24  0.598323
4 25  0.591991
4 26  0.602314
5 6  0.529347
5 7  0.614841
5 8  0.587394
5 9  0.598237
5 10  0.583936
5 11  0.595016
5 12  0.581752
5 13  0.596889
5 14  0.567107
5 15  0.564515
5 16  0.573897
5 17  0.566999
5 18  0.277102
5 19  0.526772
5 20  0.594834
5 21  0.597411
5 22  0.597762
5 23  0.594340
5 24  0.596518
5 25  0.573423
5 26  0.627598
6 7  0.626868
6 8  0.602342
6 9  0.609772
6 10  0.598449
6 11  0.606512
6 12  0.582231
6 13  0.608393
6 14  0.578305
6 15  0.576020
6 16  0.585347
6 17  0.577080
6 18  0.527404
6 19  0.285759
6 20  0.605818
6 21  0.608843
6 22  0.609512
6 23  0.606805
6 24  0.608022
6 25  0.576839
6 26  0.639413
7 8  0.649629
7 9  0.638849
7 10  0.632709
7 11  0.647240
7 12  0.648276
7 13  0.648640
7 14  0.597380
7 15  0.619247
7 16  0.628637
7 17  0.591739
7 18  0.618957
7 19  0.628659
7 20  0.649478
7 21  0.650672
7 22  0.638149
7 23  0.639742
7 24  0.647308
7 25  0.646865
7 26  0.425557
8 9  0.636133
8 10  0.593297
8 11  0.632929
8 12  0.604793
8 13  0.634798
8 14  0.604636
8 15  0.602462
8 16  0.611750
8 17  0.592776
8 18  0.599210
8 19  0.608843
8 20  0.389935
8 21  0.635277
8 22  0.635886
8 23  0.595050
8 24  0.634415
8 25  0.600035
8 26  0.663301
9 10  0.627450
9 11  0.594989
9 12  0.631870
9 13  0.607468
9 14  0.602025
9 15  0.600400
9 16  0.608233
9 17  0.604059
9 18  0.601454
9 19  0.611024
9 20  0.634561
9 21  0.592620
9 22  0.436869
9 23  0.634028
9 24  0.592228
9 25  0.633529
9 26  0.657168
10 11  0.624502
10 12  0.597711
10 13  0.626447
10 14  0.596784
10 15  0.594186
10 16  0.603763
10 17  0.590810
10 18  0.590683
10 19  0.600627
10 20  0.586152
10 21  0.627274
10 22  0.626852
10 23  0.401328
10 24  0.626483
10 25  0.594472
10 26  0.641601
11 12  0.628635
11 13  0.603650
11 14  0.577847
11 15  0.596398
11 16  0.603339
11 17  0.600721
11 18  0.598372
11 19  0.607691
11 20  0.631260
11 21  0.434079
11 22  0.587198
11 23  0.631995
11 24  0.602190
11 25  0.630535
11 26  0.655875
12 13  0.630551
12 14  0.600270
12 15  0.598096
12 16  0.607450
12 17  0.594717
12 18  0.578092
12 19  0.575644
12 20  0.600464
12 21  0.630957
12 22  0.631661
12 23  0.595407
12 24  0.630254
12 25  0.420520
12 26  0.656971
13 14  0.597401
13 15  0.569633
13 16  0.586964
13 17  0.602879
13 18  0.600130
13 19  0.609610
13 20  0.633165
13 21  0.592244
13 22  0.605047
13 23  0.633347
13 24  0.475923
13 25  0.632341
13 26  0.658897
14 15  0.569254
14 16  0.578015
14 17  0.568695
14 18  0.570575
14 19  0.579883
14 20  0.603319
14 21  0.581939
14 22  0.600062
14 23  0.602587
14 24  0.597538
14 25  0.602470
14 26  0.606122
15 16  0.532922
15 17  0.570581
15 18  0.567978
15 19  0.577305
15 20  0.600827
15 21  0.589168
15 22  0.593490
15 23  0.601522
15 24  0.584595
15 25  0.600047
15 26  0.630143
16 17  0.579904
16 18  0.577321
16 19  0.586643
16 20  0.610167
16 21  0.601819
16 22  0.605164
16 23  0.610914
16 24  0.586299
16 25  0.609388
16 26  0.640041
17 18  0.569260
17 19  0.578006
17 20  0.581933
17 21  0.603331
17 22  0.602586
17 23  0.600076
17 24  0.602471
17 25  0.597551
17 26  0.606128
18 19  0.532907
18 20  0.589170
18 21  0.600833
18 22  0.601516
18 23  0.593495
18 24  0.600042
18 25  0.584591
18 26  0.630142
19 20  0.601797
19 21  0.610158
19 22  0.610893
19 23  0.605151
19 24  0.609367
19 25  0.586295
19 26  0.640025
20 21  0.633684
20 22  0.634314
20 23  0.594894
20 24  0.632879
20 25  0.606579
20 26  0.660711
21 22  0.594902
21 23  0.634326
21 24  0.606576
21 25  0.632889
21 26  0.660714
22 23  0.633703
22 24  0.607871
22 25  0.633417
22 26  0.649216
23 24  0.633419
23 25  0.607882
23 26  0.649219
24 25  0.632088
24 26  0.661878
25 26  0.661882
