   -841.24811552
   -841.51018526
0.00018071854000
2 2 2 2 2 2 2 2 2 2 2 0 0 0 0 0 0 0 0 0 0 0 
1  0.294007
2  0.293667
3  0.291787
4  0.307747
5  0.270550
6  0.299558
7  0.273537
8  0.261794
9  0.281797
10  0.270713
11  0.258142
12  0.266022
13  0.273775
14  0.282908
15  0.267382
16  0.275869
17  0.273054
18  0.294215
19  0.295441
20  0.309156
21  0.300300
22  0.293652
1 2  0.587579
1 3  0.585447
1 4  0.588747
1 5  0.536954
1 6  0.593486
1 7  0.539256
1 8  0.535964
1 9  0.575797
1 10  0.564711
1 11  0.550290
1 12  0.557018
1 13  0.567676
1 14  0.576749
1 15  0.534333
1 16  0.531170
1 17  0.530579
1 18  0.587898
1 19  0.358902
1 20  0.581813
1 21  0.594262
1 22  0.587475
2 3  0.549775
2 4  0.598376
2 5  0.564184
2 6  0.567429
2 7  0.567190
2 8  0.555262
2 9  0.568186
2 10  0.556583
2 11  0.537143
2 12  0.547469
2 13  0.565606
2 14  0.573959
2 15  0.560913
2 16  0.569504
2 17  0.566528
2 18  0.349322
2 19  0.588612
2 20  0.600436
2 21  0.561317
2 22  0.548008
3 4  0.589048
3 5  0.562278
3 6  0.566235
3 7  0.565228
3 8  0.552058
3 9  0.570243
3 10  0.556457
3 11  0.546729
3 12  0.552170
3 13  0.562236
3 14  0.572577
3 15  0.556240
3 16  0.567151
3 17  0.564708
3 18  0.544106
3 19  0.586934
3 20  0.588434
3 21  0.561510
3 22  0.353044
4 5  0.573848
4 6  0.606453
4 7  0.578856
4 8  0.540874
4 9  0.589263
4 10  0.577842
4 11  0.542326
4 12  0.547289
4 13  0.581189
4 14  0.590590
4 15  0.540191
4 16  0.582931
4 17  0.578899
4 18  0.599612
4 19  0.581140
4 20  0.364778
4 21  0.603714
4 22  0.589583
5 6  0.570103
5 7  0.497781
5 8  0.528668
5 9  0.552344
5 10  0.541260
5 11  0.528234
5 12  0.535433
5 13  0.544325
5 14  0.553441
5 15  0.537047
5 16  0.494694
5 17  0.266334
5 18  0.564670
5 19  0.529535
5 20  0.578130
5 21  0.570611
5 22  0.563831
6 7  0.573089
6 8  0.561145
6 9  0.558764
6 10  0.555632
6 11  0.553869
6 12  0.559227
6 13  0.550847
6 14  0.550159
6 15  0.566598
6 16  0.575306
6 17  0.572489
6 18  0.564396
6 19  0.594975
6 20  0.604341
6 21  0.390275
6 22  0.559712
7 8  0.529647
7 9  0.555329
7 10  0.544244
7 11  0.531566
7 12  0.539329
7 13  0.547295
7 14  0.556445
7 15  0.537254
7 16  0.266059
7 17  0.494901
7 18  0.567735
7 19  0.531482
7 20  0.581873
7 21  0.573662
7 22  0.566697
8 9  0.543582
8 10  0.532459
8 11  0.518279
8 12  0.527105
8 13  0.535324
8 14  0.544581
8 15  0.253410
8 16  0.534475
8 17  0.534019
8 18  0.555869
8 19  0.530521
8 20  0.535789
8 21  0.561759
8 22  0.552949
9 10  0.508300
9 11  0.538926
9 12  0.546415
9 13  0.505052
9 14  0.266781
9 15  0.549129
9 16  0.557666
9 17  0.554826
9 18  0.573181
9 19  0.577136
9 20  0.590764
9 21  0.551233
9 22  0.573387
10 11  0.528266
10 12  0.536621
10 13  0.257711
10 14  0.504901
10 15  0.537799
10 16  0.546561
10 17  0.543764
10 18  0.563521
10 19  0.566006
10 20  0.579577
10 21  0.545692
10 22  0.561231
11 12  0.240258
11 13  0.531829
11 14  0.539906
11 15  0.524943
11 16  0.533710
11 17  0.529667
11 18  0.539592
11 19  0.550947
11 20  0.540844
11 21  0.552076
11 22  0.547525
12 13  0.539075
12 14  0.547638
12 15  0.530891
12 16  0.541648
12 17  0.538482
12 18  0.541952
12 19  0.559416
12 20  0.549788
12 21  0.562356
12 22  0.556396
13 14  0.511271
13 15  0.541087
13 16  0.549641
13 17  0.546829
13 18  0.559606
13 19  0.569203
13 20  0.582251
13 21  0.557519
13 22  0.560764
14 15  0.550267
14 16  0.558773
14 17  0.555961
14 18  0.569936
14 19  0.578338
14 20  0.591627
14 21  0.561655
14 22  0.571785
15 16  0.537162
15 17  0.535272
15 18  0.561358
15 19  0.541282
15 20  0.546955
15 21  0.567420
15 22  0.559091
16 17  0.502033
16 18  0.570075
16 19  0.543260
16 20  0.581737
16 21  0.576157
16 22  0.569404
17 18  0.567245
17 19  0.540667
17 20  0.577493
17 21  0.573342
17 22  0.566647
18 19  0.589531
18 20  0.600639
18 21  0.569865
18 22  0.550036
19 20  0.592265
19 21  0.595603
19 22  0.588491
20 21  0.608439
20 22  0.592451
21 22  0.570062
