   -841.24811552
   -841.51279393
0.00003515528060
2 2 2 2 2 2 2 2 2 2 2 0 0 0 0 0 0 0 0 0 0 0 
1  0.299565
2  0.302725
3  0.301175
4  0.316647
5  0.274149
6  0.306537
7  0.277095
8  0.268043
9  0.286448
10  0.275836
11  0.266297
12  0.274638
13  0.279140
14  0.287686
15  0.273707
16  0.279470
17  0.276681
18  0.303171
19  0.300729
20  0.317757
21  0.307382
22  0.303423
1 2  0.602179
1 3  0.600237
1 4  0.602431
1 5  0.545811
1 6  0.605967
1 7  0.548051
1 8  0.547227
1 9  0.585999
1 10  0.575394
1 11  0.563758
1 12  0.571278
1 13  0.578544
1 14  0.587013
1 15  0.545911
1 16  0.540070
1 17  0.539570
1 18  0.602354
1 19  0.370587
1 20  0.595263
1 21  0.606872
1 22  0.602758
2 3  0.568079
2 4  0.616150
2 5  0.576843
2 6  0.582912
2 7  0.579802
2 8  0.570549
2 9  0.581703
2 10  0.569270
2 11  0.552101
2 12  0.564116
2 13  0.579642
2 14  0.587768
2 15  0.576257
2 16  0.582167
2 17  0.579234
2 18  0.365190
2 19  0.603049
2 20  0.617856
2 21  0.577084
2 22  0.566339
3 4  0.606286
3 5  0.575237
3 6  0.581036
3 7  0.578130
3 8  0.567483
3 9  0.583608
3 10  0.570316
3 11  0.563875
3 12  0.570135
3 13  0.576884
3 14  0.586384
3 15  0.572228
3 16  0.580121
3 17  0.577706
3 18  0.562292
3 19  0.601535
3 20  0.606228
3 21  0.576046
3 22  0.371636
4 5  0.585958
4 6  0.622166
4 7  0.590899
4 8  0.555579
4 9  0.602667
4 10  0.591697
4 11  0.558779
4 12  0.564482
4 13  0.595283
4 14  0.604221
4 15  0.555292
4 16  0.595301
4 17  0.591353
4 18  0.617321
4 19  0.594962
4 20  0.382708
4 21  0.619716
4 22  0.607717
5 6  0.580675
5 7  0.505085
5 8  0.537845
5 9  0.560592
5 10  0.549980
5 11  0.539933
5 12  0.547327
5 13  0.553285
5 14  0.561813
5 15  0.546777
5 16  0.502154
5 17  0.273671
5 18  0.577216
5 19  0.538117
5 20  0.590262
5 21  0.581274
5 22  0.577277
6 7  0.583621
6 8  0.574299
6 9  0.569615
6 10  0.567594
6 11  0.568832
6 12  0.574847
6 13  0.563188
6 14  0.561560
6 15  0.579820
6 16  0.585835
6 17  0.583024
6 18  0.579675
6 19  0.607214
6 20  0.620105
6 21  0.405096
6 22  0.574850
7 8  0.539073
7 9  0.563536
7 10  0.552924
7 11  0.543229
7 12  0.551501
7 13  0.556164
7 14  0.564777
7 15  0.546971
7 16  0.273372
7 17  0.502371
7 18  0.580251
7 19  0.539932
7 20  0.593968
7 21  0.584265
7 22  0.579863
8 9  0.554476
8 10  0.543812
8 11  0.532500
8 12  0.541864
8 13  0.546672
8 14  0.555541
8 15  0.264432
8 16  0.544243
8 17  0.543728
8 18  0.571034
8 19  0.541819
8 20  0.550568
8 21  0.575076
8 22  0.568964
9 10  0.518436
9 11  0.551457
9 12  0.559547
9 13  0.515637
9 14  0.275913
9 15  0.560066
9 16  0.565916
9 17  0.563079
9 18  0.586749
9 19  0.586988
9 20  0.604013
9 21  0.562390
9 22  0.587593
10 11  0.541343
10 12  0.550332
10 13  0.267441
10 14  0.515415
10 15  0.549143
10 16  0.555282
10 17  0.552513
10 18  0.577172
10 19  0.576368
10 20  0.593231
10 21  0.558159
10 22  0.575944
11 12  0.255063
11 13  0.545319
11 14  0.552773
11 15  0.539348
11 16  0.545363
11 17  0.541313
11 18  0.555747
11 19  0.564455
11 20  0.557481
11 21  0.567243
11 22  0.565309
12 13  0.552782
12 14  0.560817
12 15  0.545620
12 16  0.553829
12 17  0.550640
12 18  0.557661
12 19  0.573058
12 20  0.566158
12 21  0.577738
12 22  0.574417
13 14  0.521825
13 15  0.552727
13 16  0.558599
13 17  0.555815
13 18  0.572752
13 19  0.579853
13 20  0.595965
13 21  0.569765
13 22  0.575222
14 15  0.561362
14 16  0.567147
14 17  0.564360
14 18  0.583058
14 19  0.588403
14 20  0.604858
14 21  0.572641
14 22  0.585737
15 16  0.546550
15 17  0.544727
15 18  0.576584
15 19  0.552508
15 20  0.561348
15 21  0.580694
15 22  0.574966
16 17  0.509451
16 18  0.582626
16 19  0.551754
16 20  0.593548
16 21  0.586838
16 22  0.582767
17 18  0.579831
17 19  0.549180
17 20  0.589188
17 21  0.584048
17 22  0.580018
18 19  0.603788
18 20  0.618005
18 21  0.585457
18 22  0.568402
19 20  0.605536
19 21  0.607927
19 22  0.603287
20 21  0.623943
20 22  0.609580
21 22  0.585628
