   -841.24811552
   -841.51384118
0.00001227342920
2 2 2 2 2 2 2 2 2 2 2 0 0 0 0 0 0 0 0 0 0 0 
1  0.302302
2  0.306938
3  0.305996
4  0.321197
5  0.275976
6  0.310203
7  0.278841
8  0.271236
9  0.288850
10  0.278386
11  0.270565
12  0.279039
13  0.281892
14  0.290283
15  0.276999
16  0.281262
17  0.278563
18  0.307150
19  0.303311
20  0.322332
21  0.311014
22  0.308029
1 2  0.609104
1 3  0.607682
1 4  0.609345
1 5  0.550273
1 6  0.612340
1 7  0.552493
1 8  0.552898
1 9  0.591135
1 10  0.580677
1 11  0.570565
1 12  0.578371
1 13  0.583981
1 14  0.592299
1 15  0.551877
1 16  0.544540
1 17  0.544145
1 18  0.609064
1 19  0.375740
1 20  0.602397
1 21  0.613245
1 22  0.610067
2 3  0.577070
2 4  0.624801
2 5  0.582875
2 6  0.590673
2 7  0.585752
2 8  0.577925
2 9  0.588000
2 10  0.575510
2 11  0.559501
2 12  0.572251
2 13  0.586414
2 14  0.594453
2 15  0.583713
2 16  0.588179
2 17  0.585276
2 18  0.372608
2 19  0.609828
2 20  0.626572
2 21  0.584829
2 22  0.575109
3 4  0.615056
3 5  0.581866
3 6  0.588850
3 7  0.584669
3 8  0.575280
3 9  0.590581
3 10  0.577274
3 11  0.572882
3 12  0.579349
3 13  0.584309
3 14  0.593685
3 15  0.580290
3 16  0.586662
3 17  0.584412
3 18  0.570948
3 19  0.608900
3 20  0.615437
3 21  0.584056
3 22  0.380414
4 5  0.592021
4 6  0.630271
4 7  0.596985
4 8  0.563088
4 9  0.609533
4 10  0.598664
4 11  0.567328
4 12  0.573385
4 13  0.602589
4 14  0.611348
4 15  0.563078
4 16  0.601587
4 17  0.597725
4 18  0.625815
4 19  0.601894
4 20  0.391359
4 21  0.627790
4 22  0.616687
5 6  0.586163
5 7  0.508892
5 8  0.542634
5 9  0.564813
5 10  0.554349
5 11  0.545942
5 12  0.553477
5 13  0.557862
5 14  0.566227
5 15  0.551821
5 16  0.506007
5 17  0.277261
5 18  0.583016
5 19  0.542481
5 20  0.596615
5 21  0.586687
5 22  0.583707
6 7  0.589029
6 8  0.581089
6 9  0.575364
6 10  0.573709
6 11  0.576483
6 12  0.582834
6 13  0.569607
6 14  0.567761
6 15  0.586758
6 16  0.591265
6 17  0.588522
6 18  0.587137
6 19  0.613462
6 20  0.628235
6 21  0.412123
6 22  0.582654
7 8  0.543699
7 9  0.567677
7 10  0.557211
7 11  0.549214
7 12  0.557613
7 13  0.560640
7 14  0.569119
7 15  0.551942
7 16  0.276866
7 17  0.506238
7 18  0.585981
7 19  0.544233
7 20  0.600235
7 21  0.589641
7 22  0.586090
8 9  0.560064
8 10  0.549529
8 11  0.539886
8 12  0.549395
8 13  0.552512
8 14  0.561284
8 15  0.270298
8 16  0.549104
8 17  0.548723
8 18  0.578166
8 19  0.547609
8 20  0.558378
8 21  0.581887
8 22  0.576718
9 10  0.523618
9 11  0.557968
9 12  0.566277
9 13  0.521109
9 14  0.280682
9 15  0.565732
9 16  0.570109
9 17  0.567343
9 18  0.593066
9 19  0.591935
9 20  0.610970
9 21  0.568384
9 22  0.594517
10 11  0.548017
10 12  0.557252
10 13  0.272381
10 14  0.520879
10 15  0.554888
10 16  0.559616
10 17  0.556945
10 18  0.583573
10 19  0.581454
10 20  0.600324
10 21  0.564344
10 22  0.582985
11 12  0.262781
11 13  0.552318
11 14  0.559499
11 15  0.546851
11 16  0.551381
11 17  0.547347
11 18  0.563593
11 19  0.571289
11 20  0.566324
11 21  0.575087
11 22  0.574201
12 13  0.559788
12 14  0.567628
12 15  0.553175
12 16  0.559974
12 17  0.556826
12 18  0.565113
12 19  0.579870
12 20  0.574750
12 21  0.585530
12 22  0.583366
13 14  0.527418
13 15  0.558744
13 16  0.563140
13 17  0.560444
13 18  0.578931
13 19  0.585182
13 20  0.603152
13 21  0.575982
13 22  0.582180
14 15  0.567241
14 16  0.571532
14 17  0.568834
14 18  0.589295
14 19  0.593580
14 20  0.611917
14 21  0.578523
14 22  0.592595
15 16  0.551371
15 17  0.549669
15 18  0.583819
15 19  0.558229
15 20  0.568974
15 21  0.587547
15 22  0.582614
16 17  0.513371
16 18  0.588397
16 19  0.556032
16 20  0.599699
16 21  0.592258
16 22  0.589158
17 18  0.585682
17 19  0.553494
17 20  0.595349
17 21  0.589562
17 22  0.586488
18 19  0.610333
18 20  0.626427
18 21  0.592888
18 22  0.577014
19 20  0.612458
19 21  0.614099
19 22  0.610321
20 21  0.632017
20 22  0.618054
21 22  0.593382
