   -841.24811552
   -841.51417090
0.00000004209638
2 2 2 2 2 2 2 2 2 2 2 0 0 0 0 0 0 0 0 0 0 0 
1  0.303181
2  0.308247
3  0.307492
4  0.322801
5  0.276594
6  0.311430
7  0.279435
8  0.272362
9  0.289774
10  0.279316
11  0.272138
12  0.280689
13  0.282852
14  0.291223
15  0.278174
16  0.281846
17  0.279185
18  0.308409
19  0.304177
20  0.323904
21  0.312249
22  0.309498
1 2  0.611281
1 3  0.610006
1 4  0.611712
1 5  0.551769
1 6  0.614426
1 7  0.553993
1 8  0.554865
1 9  0.592935
1 10  0.582481
1 11  0.572957
1 12  0.580912
1 13  0.585796
1 14  0.594036
1 15  0.553936
1 16  0.546022
1 17  0.545660
1 18  0.611220
1 19  0.377659
1 20  0.604790
1 21  0.615353
1 22  0.612392
2 3  0.579909
2 4  0.627688
2 5  0.584796
2 6  0.593197
2 7  0.587651
2 8  0.580335
2 9  0.590197
2 10  0.577614
2 11  0.561937
2 12  0.574999
2 13  0.588630
2 14  0.596690
2 15  0.586175
2 16  0.590068
2 17  0.587185
2 18  0.375027
2 19  0.612024
2 20  0.629419
2 21  0.587339
2 22  0.577923
3 4  0.617923
3 5  0.583970
3 6  0.591338
3 7  0.586743
3 8  0.577837
3 9  0.592908
3 10  0.579584
3 11  0.575931
3 12  0.582493
3 13  0.586744
3 14  0.596076
3 15  0.582982
3 16  0.588715
3 17  0.586532
3 18  0.573723
3 19  0.611233
3 20  0.618434
3 21  0.586618
3 22  0.383312
4 5  0.594169
4 6  0.633054
4 7  0.599117
4 8  0.565717
4 9  0.612003
4 10  0.601124
4 11  0.570404
4 12  0.576613
4 13  0.605136
4 14  0.613878
4 15  0.565808
4 16  0.603753
4 17  0.599939
4 18  0.628651
4 19  0.604297
4 20  0.394600
4 21  0.630588
4 22  0.619673
5 6  0.588006
5 7  0.510188
5 8  0.544309
5 9  0.566347
5 10  0.555887
5 11  0.548092
5 12  0.555697
5 13  0.559439
5 14  0.567770
5 15  0.553587
5 16  0.507294
5 17  0.278546
5 18  0.584870
5 19  0.543980
5 20  0.598799
5 21  0.588529
5 22  0.585798
6 7  0.590846
6 8  0.583409
6 9  0.577426
6 10  0.575847
6 11  0.579201
6 12  0.585721
6 13  0.571800
6 14  0.569924
6 15  0.589152
6 16  0.593041
6 17  0.590359
6 18  0.589569
6 19  0.615547
6 20  0.630992
6 21  0.414727
6 22  0.585152
7 8  0.545386
7 9  0.569187
7 10  0.558726
7 11  0.551369
7 12  0.559855
7 13  0.562164
7 14  0.570654
7 15  0.553714
7 16  0.278143
7 17  0.507545
7 18  0.587833
7 19  0.545712
7 20  0.602374
7 21  0.591468
7 22  0.588093
8 9  0.562111
8 10  0.551565
8 11  0.542550
8 12  0.552143
8 13  0.554496
8 14  0.563319
8 15  0.272446
8 16  0.550819
8 17  0.550450
8 18  0.580536
8 19  0.549590
8 20  0.561062
8 21  0.584242
8 22  0.579327
9 10  0.525568
9 11  0.560392
9 12  0.568802
9 13  0.523129
9 14  0.282581
9 15  0.567821
9 16  0.571617
9 17  0.568867
9 18  0.595239
9 19  0.593655
9 20  0.613448
9 21  0.570529
9 22  0.596871
10 11  0.550458
10 12  0.559821
10 13  0.274272
10 14  0.522877
10 15  0.556889
10 16  0.561121
10 17  0.558497
10 18  0.585719
10 19  0.583214
10 20  0.602801
10 21  0.566526
10 22  0.585383
11 12  0.265690
11 13  0.554841
11 14  0.561976
11 15  0.549567
11 16  0.553532
11 17  0.549497
11 18  0.566281
11 19  0.573747
11 20  0.569453
11 21  0.577880
11 22  0.577235
12 13  0.562352
12 14  0.570132
12 15  0.555939
12 16  0.562192
12 17  0.559055
12 18  0.567596
12 19  0.582337
12 20  0.577851
12 21  0.588346
12 22  0.586465
13 14  0.529422
13 15  0.560856
13 16  0.564676
13 17  0.562018
13 18  0.581012
13 19  0.587001
13 20  0.605605
13 21  0.578140
13 22  0.584513
14 15  0.569351
14 16  0.573048
14 17  0.570387
14 18  0.591456
14 19  0.595385
14 20  0.614381
14 21  0.580614
14 22  0.594884
15 16  0.553098
15 17  0.551410
15 18  0.586232
15 19  0.560245
15 20  0.571617
15 21  0.589913
15 22  0.585186
16 17  0.514670
16 18  0.590237
16 19  0.557499
16 20  0.601779
16 21  0.594074
16 22  0.591203
17 18  0.587556
17 19  0.554966
17 20  0.597470
17 21  0.591418
17 22  0.588570
18 19  0.612452
18 20  0.629228
18 21  0.595357
18 22  0.579805
19 20  0.614814
19 21  0.616176
19 22  0.612581
20 21  0.634757
20 22  0.620865
21 22  0.595907
