  -1146.54373552
  -1146.90940290
0.00007026469190
2 2 2 2 2 2 2 2 2 2 2 2 2 2 2 0 0 0 0 0 0 0 0 0 0 0 0 0 0 0 
1  0.279451
2  0.264389
3  0.275900
4  0.276548
5  0.288164
6  0.316812
7  0.314591
8  0.312207
9  0.302259
10  0.305789
11  0.308615
12  0.283064
13  0.281864
14  0.308946
15  0.300388
16  0.284168
17  0.271211
18  0.280778
19  0.280013
20  0.291847
21  0.309386
22  0.308518
23  0.316164
24  0.307045
25  0.305305
26  0.320918
27  0.284113
28  0.312324
29  0.303223
30  0.286042
1 2  0.542815
1 3  0.551316
1 4  0.555988
1 5  0.567597
1 6  0.571841
1 7  0.593812
1 8  0.591507
1 9  0.580563
1 10  0.579314
1 11  0.587796
1 12  0.562492
1 13  0.561289
1 14  0.566989
1 15  0.576794
1 16  0.275119
1 17  0.548952
1 18  0.554684
1 19  0.559278
1 20  0.570933
1 21  0.588548
1 22  0.560878
1 23  0.595421
1 24  0.583748
1 25  0.584593
1 26  0.571261
1 27  0.563385
1 28  0.591297
1 29  0.579909
1 30  0.565410
2 3  0.540270
2 4  0.540936
2 5  0.552551
2 6  0.580721
2 7  0.559490
2 8  0.576595
2 9  0.566641
2 10  0.555349
2 11  0.573003
2 12  0.544627
2 13  0.541455
2 14  0.568718
2 15  0.560486
2 16  0.546709
2 17  0.248210
2 18  0.544923
2 19  0.544401
2 20  0.556234
2 21  0.573743
2 22  0.566189
2 23  0.556168
2 24  0.561026
2 25  0.569600
2 26  0.585117
2 27  0.544613
2 28  0.576705
2 29  0.561550
2 30  0.549286
3 4  0.551544
3 5  0.562743
3 6  0.565889
3 7  0.590480
3 8  0.570886
3 9  0.573881
3 10  0.581209
3 11  0.579960
3 12  0.558949
3 13  0.557750
3 14  0.584396
3 15  0.576029
3 16  0.554562
3 17  0.546734
3 18  0.268098
3 19  0.555756
3 20  0.566413
3 21  0.578826
3 22  0.583899
3 23  0.591992
3 24  0.582410
3 25  0.575499
3 26  0.567300
3 27  0.560004
3 28  0.576551
3 29  0.579025
3 30  0.561942
4 5  0.521133
4 6  0.592406
4 7  0.591136
4 8  0.578109
4 9  0.572148
4 10  0.582303
4 11  0.572084
4 12  0.559611
4 13  0.558412
4 14  0.585415
4 15  0.576900
4 16  0.560604
4 17  0.547754
4 18  0.557180
4 19  0.270428
4 20  0.520305
4 21  0.564673
4 22  0.584852
4 23  0.592690
4 24  0.583517
4 25  0.577777
4 26  0.596996
4 27  0.560657
4 28  0.586045
4 29  0.579645
4 30  0.562581
5 6  0.604508
5 7  0.602754
5 8  0.592604
5 9  0.586586
5 10  0.593945
5 11  0.573322
5 12  0.571228
5 13  0.570028
5 14  0.597097
5 15  0.588544
5 16  0.572133
5 17  0.559374
5 18  0.567558
5 19  0.519846
5 20  0.280015
5 21  0.566135
5 22  0.596617
5 23  0.604327
5 24  0.595205
5 25  0.590446
5 26  0.608884
5 27  0.572276
5 28  0.597594
5 29  0.591371
5 30  0.574204
6 7  0.630956
6 8  0.625047
6 9  0.607618
6 10  0.615327
6 11  0.624205
6 12  0.599804
6 13  0.598651
6 14  0.618528
6 15  0.612695
6 16  0.572562
6 17  0.587892
6 18  0.567901
6 19  0.596380
6 20  0.608488
6 21  0.621976
6 22  0.612350
6 23  0.632714
6 24  0.622039
6 25  0.609222
6 26  0.392586
6 27  0.600747
6 28  0.626608
6 29  0.617002
6 30  0.602528
7 8  0.626794
7 9  0.616819
7 10  0.617784
7 11  0.623205
7 12  0.561470
7 13  0.562632
7 14  0.622684
7 15  0.606178
7 16  0.598556
7 17  0.561218
7 18  0.595335
7 19  0.594582
7 20  0.606434
7 21  0.623938
7 22  0.619609
7 23  0.389388
7 24  0.620003
7 25  0.619662
7 26  0.635264
7 27  0.554962
7 28  0.626915
7 29  0.605487
7 30  0.555405
8 9  0.578801
8 10  0.617923
8 11  0.593159
8 12  0.595268
8 13  0.594069
8 14  0.621052
8 15  0.612529
8 16  0.595912
8 17  0.583396
8 18  0.581088
8 19  0.589109
8 20  0.600864
8 21  0.588660
8 22  0.620584
8 23  0.628370
8 24  0.619234
8 25  0.577333
8 26  0.630214
8 27  0.596318
8 28  0.377361
8 29  0.615407
8 30  0.598248
9 10  0.607751
9 11  0.584625
9 12  0.585315
9 13  0.584118
9 14  0.610062
9 15  0.602268
9 16  0.586240
9 17  0.573320
9 18  0.576872
9 19  0.578484
9 20  0.590761
9 21  0.578863
9 22  0.610140
9 23  0.618156
9 24  0.608551
9 25  0.382092
9 26  0.609218
9 27  0.586354
9 28  0.574448
9 29  0.604602
9 30  0.588224
10 11  0.614388
10 12  0.588683
10 13  0.587484
10 14  0.585860
10 15  0.571283
10 16  0.586876
10 17  0.566464
10 18  0.586000
10 19  0.585742
10 20  0.597632
10 21  0.614999
10 22  0.579160
10 23  0.619894
10 24  0.368523
10 25  0.610408
10 26  0.624970
10 27  0.589434
10 28  0.618100
10 29  0.569036
10 30  0.591478
11 12  0.591678
11 13  0.590479
11 14  0.617464
11 15  0.608988
11 16  0.592463
11 17  0.579771
11 18  0.583354
11 19  0.568275
11 20  0.568419
11 21  0.406024
11 22  0.617067
11 23  0.624729
11 24  0.615477
11 25  0.579727
11 26  0.625171
11 27  0.592727
11 28  0.589238
11 29  0.611694
11 30  0.594649
12 13  0.516747
12 14  0.591603
12 15  0.581025
12 16  0.567057
12 17  0.552883
12 18  0.563836
12 19  0.563064
12 20  0.574906
12 21  0.592443
12 22  0.591389
12 23  0.554186
12 24  0.589723
12 25  0.588297
12 26  0.603574
12 27  0.513855
12 28  0.595386
12 29  0.584364
12 30  0.288436
13 14  0.590395
13 15  0.580650
13 16  0.565718
13 17  0.548841
13 18  0.562621
13 19  0.561872
13 20  0.573708
13 21  0.591249
13 22  0.590199
13 23  0.555708
13 24  0.588354
13 25  0.587153
13 26  0.602547
13 27  0.286871
13 28  0.594186
13 29  0.584784
13 30  0.513828
14 15  0.580309
14 16  0.564771
14 17  0.574021
14 18  0.589154
14 19  0.588700
14 20  0.600662
14 21  0.618270
14 22  0.407969
14 23  0.621611
14 24  0.581614
14 25  0.613655
14 26  0.616795
14 27  0.592930
14 28  0.621126
14 29  0.576057
14 30  0.594746
15 16  0.581612
15 17  0.565054
15 18  0.581078
15 19  0.580277
15 20  0.592209
15 21  0.609639
15 22  0.573467
15 23  0.604722
15 24  0.566759
15 25  0.604862
15 26  0.618613
15 27  0.584100
15 28  0.612688
15 29  0.379157
15 30  0.584319
16 17  0.554029
16 18  0.560869
16 19  0.564169
16 20  0.575991
16 21  0.593297
16 22  0.570688
16 23  0.599999
16 24  0.585067
16 25  0.587687
16 26  0.579497
16 27  0.568254
16 28  0.596388
16 29  0.583492
16 30  0.570179
17 18  0.551969
17 19  0.551221
17 20  0.563054
17 21  0.580594
17 22  0.574637
17 23  0.565924
17 24  0.561184
17 25  0.576505
17 26  0.591413
17 27  0.550346
17 28  0.583534
17 29  0.569678
17 30  0.553455
18 19  0.559578
18 20  0.570941
18 21  0.585072
18 22  0.588693
18 23  0.596930
18 24  0.587418
18 25  0.581546
18 26  0.574046
18 27  0.564880
18 28  0.573448
18 29  0.583699
18 30  0.566809
19 20  0.526966
19 21  0.575184
19 22  0.588444
19 23  0.596173
19 24  0.587014
19 25  0.578003
19 26  0.599830
19 27  0.564125
19 28  0.580237
19 29  0.583191
19 30  0.566054
20 21  0.577589
20 22  0.600344
20 23  0.608009
20 24  0.598878
20 25  0.592317
20 26  0.612127
20 27  0.575960
20 28  0.596088
20 29  0.595056
20 30  0.577889
21 22  0.617800
21 23  0.625548
21 24  0.616401
21 25  0.589919
21 26  0.628913
21 27  0.593498
21 28  0.594656
21 29  0.612588
21 30  0.595427
22 23  0.623661
22 24  0.587139
22 25  0.612452
22 26  0.622130
22 27  0.592240
22 28  0.620736
22 29  0.584436
22 30  0.594130
23 24  0.620520
23 25  0.621428
23 26  0.636528
23 27  0.566859
23 28  0.628486
23 29  0.609983
23 30  0.566012
24 25  0.611942
24 26  0.619622
24 27  0.591019
24 28  0.619315
24 29  0.574312
24 30  0.592866
25 26  0.614275
25 27  0.589414
25 28  0.580103
25 29  0.608076
25 30  0.591338
26 27  0.605001
26 28  0.629414
26 29  0.619081
26 30  0.606872
27 28  0.596436
27 29  0.584749
27 30  0.521297
28 29  0.615483
28 30  0.598365
29 30  0.586273
