  -1146.54373552
  -1146.91117017
0.00002358368160
2 2 2 2 2 2 2 2 2 2 2 2 2 2 2 0 0 0 0 0 0 0 0 0 0 0 0 0 0 0 
1  0.283583
2  0.268101
3  0.280348
4  0.279362
5  0.290762
6  0.322779
7  0.317647
8  0.316594
9  0.307228
10  0.310858
11  0.312468
12  0.285027
13  0.283582
14  0.313998
15  0.305680
16  0.288588
17  0.275233
18  0.285476
19  0.282767
20  0.294396
21  0.313016
22  0.313467
23  0.319051
24  0.311954
25  0.310444
26  0.326938
27  0.285820
28  0.316520
29  0.308513
30  0.288016
1 2  0.550490
1 3  0.559687
1 4  0.562929
1 5  0.574317
1 6  0.581884
1 7  0.600951
1 8  0.600016
1 9  0.589422
1 10  0.588211
1 11  0.595769
1 12  0.568579
1 13  0.567130
1 14  0.575658
1 15  0.586034
1 16  0.283008
1 17  0.556986
1 18  0.563507
1 19  0.566124
1 20  0.577555
1 21  0.596283
1 22  0.569869
1 23  0.602420
1 24  0.592736
1 25  0.593813
1 26  0.581610
1 27  0.569180
1 28  0.599625
1 29  0.589255
1 30  0.571492
2 3  0.548416
2 4  0.547461
2 5  0.558861
2 6  0.590256
2 7  0.566055
2 8  0.584693
2 9  0.575321
2 10  0.563214
2 11  0.580568
2 12  0.550217
2 13  0.546695
2 14  0.577159
2 15  0.569414
2 16  0.554710
2 17  0.255115
2 18  0.553282
2 19  0.550867
2 20  0.562495
2 21  0.581076
2 22  0.574777
2 23  0.562793
2 24  0.569336
2 25  0.578431
2 26  0.594823
2 27  0.549996
2 28  0.584606
2 29  0.570577
2 30  0.554922
3 4  0.558639
3 5  0.569562
3 6  0.576118
3 7  0.597983
3 8  0.578641
3 9  0.583236
3 10  0.590685
3 11  0.587929
3 12  0.565360
3 13  0.563915
3 14  0.593856
3 15  0.585749
3 16  0.563393
3 17  0.555151
3 18  0.276409
3 19  0.562938
3 20  0.573346
3 21  0.586856
3 22  0.593262
3 23  0.599307
3 24  0.591684
3 25  0.585143
3 26  0.577847
3 27  0.566145
3 28  0.584824
3 29  0.588747
3 30  0.568361
4 5  0.526750
4 6  0.601050
4 7  0.597005
4 8  0.584651
4 9  0.579542
4 10  0.590174
4 11  0.578623
4 12  0.564387
4 13  0.562943
4 14  0.593264
4 15  0.584986
4 16  0.567800
4 17  0.554592
4 18  0.564666
4 19  0.275610
4 20  0.525977
4 21  0.571164
4 22  0.592583
4 23  0.598375
4 24  0.591225
4 25  0.585553
4 26  0.605772
4 27  0.565174
4 28  0.592860
4 29  0.587700
4 30  0.567356
5 6  0.612970
5 7  0.608408
5 8  0.599244
5 9  0.593946
5 10  0.601609
5 11  0.579289
5 12  0.575788
5 13  0.574343
5 14  0.604746
5 15  0.596427
5 16  0.579088
5 17  0.565991
5 18  0.574738
5 19  0.525517
5 20  0.284964
5 21  0.572311
5 22  0.604140
5 23  0.609810
5 24  0.602710
5 25  0.598054
5 26  0.617477
5 27  0.576579
5 28  0.604299
5 29  0.599250
5 30  0.578773
6 7  0.639897
6 8  0.635252
6 9  0.617986
6 10  0.625563
6 11  0.633930
6 12  0.607722
6 13  0.606330
6 14  0.629308
6 15  0.623505
6 16  0.583068
6 17  0.597848
6 18  0.578607
6 19  0.605073
6 20  0.616976
6 21  0.631509
6 22  0.623197
6 23  0.641575
6 24  0.632717
6 25  0.620122
6 26  0.404097
6 27  0.608373
6 28  0.636730
6 29  0.628208
6 30  0.610405
7 8  0.634237
7 9  0.624837
7 10  0.625730
7 11  0.630113
7 12  0.566293
7 13  0.567542
7 14  0.630698
7 15  0.613914
7 16  0.606010
7 17  0.568324
7 18  0.603064
7 19  0.600376
7 20  0.612038
7 21  0.630608
7 22  0.627512
7 23  0.395313
7 24  0.627935
7 25  0.627762
7 26  0.644336
7 27  0.559817
7 28  0.634167
7 29  0.613746
7 30  0.560395
8 9  0.588148
8 10  0.627376
8 11  0.601282
8 12  0.601618
8 13  0.600173
8 14  0.630492
8 15  0.622200
8 16  0.604698
8 17  0.591791
8 18  0.589708
8 19  0.596053
8 20  0.607727
8 21  0.596555
8 22  0.629887
8 23  0.635644
8 24  0.628525
8 25  0.586850
8 26  0.640538
8 27  0.602406
8 28  0.385164
8 29  0.625066
8 30  0.604606
9 10  0.617738
9 11  0.592933
9 12  0.592244
9 13  0.590803
9 14  0.619959
9 15  0.612460
9 16  0.595572
9 17  0.582301
9 18  0.586552
9 19  0.586129
9 20  0.598193
9 21  0.587121
9 22  0.620062
9 23  0.625939
9 24  0.618426
9 25  0.391460
9 26  0.620092
9 27  0.593024
9 28  0.583484
9 29  0.614805
9 30  0.595130
10 11  0.623301
10 12  0.595676
10 13  0.594262
10 14  0.596015
10 15  0.581665
10 16  0.596268
10 17  0.575159
10 18  0.595683
10 19  0.593567
10 20  0.605251
10 21  0.623676
10 22  0.589181
10 23  0.627801
10 24  0.377647
10 25  0.620598
10 26  0.635838
10 27  0.596193
10 28  0.627359
10 29  0.579403
10 30  0.598468
11 12  0.597494
11 13  0.596049
11 14  0.626343
11 15  0.618123
11 16  0.600736
11 17  0.587623
11 18  0.591844
11 19  0.574879
11 20  0.574657
11 21  0.413205
11 22  0.625870
11 23  0.631448
11 24  0.624212
11 25  0.588323
11 26  0.634893
11 27  0.598287
11 28  0.597200
11 29  0.620809
11 30  0.600472
12 13  0.520628
12 14  0.598535
12 15  0.588039
12 16  0.573426
12 17  0.558814
12 18  0.570495
12 19  0.567772
12 20  0.579415
12 21  0.598034
12 22  0.598288
12 23  0.559063
12 24  0.596536
12 25  0.595367
12 26  0.611490
12 27  0.517799
12 28  0.601542
12 29  0.591559
12 30  0.292391
13 14  0.597106
13 15  0.587375
13 16  0.571788
13 17  0.554505
13 18  0.569024
13 19  0.566341
13 20  0.577974
13 21  0.596598
13 22  0.596858
13 23  0.560426
13 24  0.594983
13 25  0.594009
13 26  0.610236
13 27  0.290218
13 28  0.600095
13 29  0.591730
13 30  0.517800
14 15  0.590049
14 16  0.574152
14 17  0.583065
14 18  0.598871
14 19  0.596464
14 20  0.608244
14 21  0.626950
14 22  0.417538
14 23  0.629461
14 24  0.591547
14 25  0.623834
14 26  0.627785
14 27  0.599674
14 28  0.630342
14 29  0.585877
14 30  0.601750
15 16  0.591176
15 17  0.574397
15 18  0.591048
15 19  0.588279
15 20  0.600042
15 21  0.618536
15 22  0.583391
15 23  0.612750
15 24  0.576960
15 25  0.615247
15 26  0.629845
15 27  0.591021
15 28  0.622161
15 29  0.389060
15 30  0.591535
16 17  0.562309
16 18  0.569793
16 19  0.571338
16 20  0.582958
16 21  0.601324
16 22  0.579467
16 23  0.607274
16 24  0.594112
16 25  0.596969
16 26  0.589912
16 27  0.574375
16 28  0.604988
16 29  0.592931
16 30  0.576566
17 18  0.560676
17 19  0.557997
17 20  0.569626
17 21  0.588248
17 22  0.583283
17 23  0.572529
17 24  0.569148
17 25  0.585664
17 26  0.601294
17 27  0.555906
17 28  0.591751
17 29  0.578943
17 30  0.559318
18 19  0.566871
18 20  0.577997
18 21  0.593059
18 22  0.598281
18 23  0.604514
18 24  0.596987
18 25  0.591350
18 26  0.584470
18 27  0.571283
18 28  0.581315
18 29  0.593667
18 30  0.573480
19 20  0.532508
19 21  0.581538
19 22  0.596126
19 23  0.601812
19 24  0.594661
19 25  0.585533
19 26  0.608433
19 27  0.568587
19 28  0.586563
19 29  0.591211
19 30  0.570782
20 21  0.583398
20 22  0.607839
20 23  0.613445
20 24  0.606332
20 25  0.599693
20 26  0.620610
20 27  0.580216
20 28  0.602575
20 29  0.602885
20 30  0.582412
21 22  0.626354
21 23  0.632065
21 24  0.624932
21 25  0.598223
21 26  0.638425
21 27  0.598836
21 28  0.602382
21 29  0.621502
21 30  0.601032
22 23  0.631389
22 24  0.597124
22 25  0.622343
22 26  0.632910
22 27  0.598842
22 28  0.629879
22 29  0.594129
22 30  0.600982
23 24  0.628182
23 25  0.629440
23 26  0.645343
23 27  0.571603
23 28  0.635567
23 29  0.617661
23 30  0.570760
24 25  0.621931
24 26  0.629801
24 27  0.597627
24 28  0.628416
24 29  0.584422
24 30  0.599717
25 26  0.624753
25 27  0.596257
25 28  0.589429
25 29  0.618420
25 30  0.598447
26 27  0.612714
26 28  0.639484
26 29  0.629949
26 30  0.614846
27 28  0.602337
27 29  0.591455
27 30  0.525183
28 29  0.624961
28 30  0.604534
29 30  0.593292
