  -1146.54373552
  -1146.91164186
0.00000664242347
2 2 2 2 2 2 2 2 2 2 2 2 2 2 2 0 0 0 0 0 0 0 0 0 0 0 0 0 0 0 
1  0.284942
2  0.269147
3  0.281661
4  0.280097
5  0.291468
6  0.324568
7  0.318517
8  0.317633
9  0.308524
10  0.312154
11  0.313444
12  0.285588
13  0.284032
14  0.315377
15  0.307103
16  0.289994
17  0.276368
18  0.286827
19  0.283548
20  0.295156
21  0.313968
22  0.314803
23  0.319892
24  0.313262
25  0.311740
26  0.328692
27  0.286281
28  0.317519
29  0.309916
30  0.288585
1 2  0.552833
1 3  0.562305
1 4  0.565021
1 5  0.576379
1 6  0.585013
1 7  0.603151
1 8  0.602412
1 9  0.592016
1 10  0.590828
1 11  0.598091
1 12  0.570496
1 13  0.568937
1 14  0.578240
1 15  0.588745
1 16  0.285663
1 17  0.559437
1 18  0.566231
1 19  0.568243
1 20  0.579606
1 21  0.598569
1 22  0.572495
1 23  0.604600
1 24  0.595416
1 25  0.596450
1 26  0.584777
1 27  0.570948
1 28  0.601992
1 29  0.591964
1 30  0.573413
2 3  0.550770
2 4  0.549241
2 5  0.560612
2 6  0.593046
2 7  0.567922
2 8  0.586778
2 9  0.577662
2 10  0.565254
2 11  0.582590
2 12  0.551803
2 13  0.548164
2 14  0.579520
2 15  0.571868
2 16  0.557108
2 17  0.257126
2 18  0.555622
2 19  0.552694
2 20  0.564295
2 21  0.583065
2 22  0.577192
2 23  0.564685
2 24  0.571606
2 25  0.580758
2 26  0.597616
2 27  0.551507
2 28  0.586643
2 29  0.573029
2 30  0.556521
3 4  0.560647
3 5  0.571512
3 6  0.579158
3 7  0.600164
3 8  0.580683
3 9  0.585838
3 10  0.593286
3 11  0.590154
3 12  0.567232
3 13  0.565676
3 14  0.596540
3 15  0.588481
3 16  0.566126
3 17  0.557535
3 18  0.278914
3 19  0.565028
3 20  0.575371
3 21  0.589124
3 22  0.595895
3 23  0.601461
3 24  0.594252
3 25  0.587751
3 26  0.580927
3 27  0.567921
3 28  0.587025
3 29  0.591458
3 30  0.570242
4 5  0.528273
4 6  0.603508
4 7  0.598608
4 8  0.586288
4 9  0.581487
4 10  0.592191
4 11  0.580320
4 12  0.565683
4 13  0.564128
4 14  0.595374
4 15  0.587132
4 16  0.569932
4 17  0.556463
4 18  0.566745
4 19  0.277107
4 20  0.527574
4 21  0.572877
4 22  0.594633
4 23  0.599940
4 24  0.593256
4 25  0.587578
4 26  0.608245
4 27  0.566365
4 28  0.594554
4 29  0.589808
4 30  0.568650
5 6  0.615422
5 7  0.609983
5 8  0.600976
5 9  0.595873
5 10  0.603608
5 11  0.580886
5 12  0.577056
5 13  0.575500
5 14  0.606830
5 15  0.598552
5 16  0.581130
5 17  0.567829
5 18  0.576756
5 19  0.527117
5 20  0.286469
5 21  0.573977
5 22  0.606174
5 23  0.611356
5 24  0.604724
5 25  0.600032
5 26  0.619918
5 27  0.577745
5 28  0.606001
5 29  0.601357
5 30  0.580045
6 7  0.642524
6 8  0.638062
6 9  0.620906
6 10  0.628418
6 11  0.636662
6 12  0.610064
6 13  0.608566
6 14  0.632420
6 15  0.626592
6 16  0.586286
6 17  0.600761
6 18  0.581752
6 19  0.607626
6 20  0.619511
6 21  0.634215
6 22  0.626301
6 23  0.644201
6 24  0.635746
6 25  0.623165
6 26  0.407669
6 27  0.610604
6 28  0.639501
6 29  0.631402
6 30  0.612718
7 8  0.636145
7 9  0.627002
7 10  0.627866
7 11  0.631959
7 12  0.567711
7 13  0.568916
7 14  0.632911
7 15  0.616054
7 16  0.608267
7 17  0.570329
7 18  0.605285
7 19  0.602016
7 20  0.613667
7 21  0.632423
7 22  0.629679
7 23  0.397131
7 24  0.630090
7 25  0.629914
7 26  0.646948
7 27  0.561188
7 28  0.636035
7 29  0.616007
7 30  0.561852
8 9  0.590518
8 10  0.629710
8 11  0.603300
8 12  0.603218
8 13  0.601662
8 14  0.632911
8 15  0.624658
8 16  0.607145
8 17  0.593953
8 18  0.591970
8 19  0.597817
8 20  0.609530
8 21  0.598532
8 22  0.632255
8 23  0.637524
8 24  0.630868
8 25  0.589225
8 26  0.643301
8 27  0.603905
8 28  0.387078
8 29  0.627505
8 30  0.606212
9 10  0.620316
9 11  0.595044
9 12  0.594098
9 13  0.592548
9 14  0.622583
9 15  0.615155
9 16  0.598254
9 17  0.584726
9 18  0.589201
9 19  0.588207
9 20  0.600208
9 21  0.589231
9 22  0.622699
9 23  0.628061
9 24  0.621046
9 25  0.393978
9 26  0.623112
9 27  0.594779
9 28  0.585803
9 29  0.617495
9 30  0.596981
10 11  0.625567
10 12  0.597522
10 13  0.596005
10 14  0.598738
10 15  0.584440
10 16  0.598966
10 17  0.577496
10 18  0.598279
10 19  0.595629
10 20  0.607306
10 21  0.625919
10 22  0.591827
10 23  0.629914
10 24  0.380145
10 25  0.623206
10 26  0.638810
10 27  0.597949
10 28  0.629649
10 29  0.582163
10 30  0.600319
11 12  0.599031
11 13  0.597475
11 14  0.628690
11 15  0.620521
11 16  0.603092
11 17  0.589721
11 18  0.594175
11 19  0.576644
11 20  0.576370
11 21  0.415203
11 22  0.628185
11 23  0.633259
11 24  0.626492
11 25  0.590481
11 26  0.637586
11 27  0.599723
11 28  0.599162
11 29  0.623184
11 30  0.602015
12 13  0.521710
12 14  0.600447
12 15  0.589963
12 16  0.575386
12 17  0.560499
12 18  0.572407
12 19  0.569098
12 20  0.580730
12 21  0.599545
12 22  0.600180
12 23  0.560496
12 24  0.598396
12 25  0.597209
12 26  0.613751
12 27  0.518910
12 28  0.603099
12 29  0.593521
12 30  0.293571
13 14  0.598912
13 15  0.589185
13 16  0.573593
13 17  0.556091
13 18  0.570829
13 19  0.567564
13 20  0.579179
13 21  0.598000
13 22  0.598630
13 23  0.561769
13 24  0.596746
13 25  0.595754
13 26  0.612419
13 27  0.291173
13 28  0.601542
13 29  0.593563
13 30  0.518913
14 15  0.592650
14 16  0.576902
14 17  0.585575
14 18  0.601585
14 19  0.598591
14 20  0.610361
14 21  0.629284
14 22  0.420341
14 23  0.631654
14 24  0.594233
14 25  0.626511
14 26  0.630912
14 27  0.601501
14 28  0.632716
14 29  0.588499
14 30  0.603690
15 16  0.593956
15 17  0.576952
15 18  0.593817
15 19  0.590454
15 20  0.602225
15 21  0.620906
15 22  0.586006
15 23  0.614976
15 24  0.579752
15 25  0.617960
15 26  0.633038
15 27  0.592877
15 28  0.624583
15 29  0.391858
15 30  0.593527
16 17  0.564782
16 18  0.572498
16 19  0.573519
16 20  0.585119
16 21  0.603670
16 22  0.582057
16 23  0.609492
16 24  0.596791
16 25  0.599578
16 26  0.593061
16 27  0.576241
16 28  0.607393
16 29  0.595646
16 30  0.578538
17 18  0.563159
17 19  0.559910
17 20  0.571519
17 21  0.590335
17 22  0.585692
17 23  0.574442
17 24  0.571289
17 25  0.588093
17 26  0.604129
17 27  0.557481
17 28  0.593883
17 29  0.581472
17 30  0.560995
18 19  0.568958
18 20  0.580032
18 21  0.595298
18 22  0.600954
18 23  0.606705
18 24  0.599642
18 25  0.593993
18 26  0.587506
18 27  0.573094
18 28  0.583355
18 29  0.596420
18 30  0.575398
19 20  0.534128
19 21  0.583262
19 22  0.598237
19 23  0.603431
19 24  0.596737
19 25  0.587528
19 26  0.610891
19 27  0.569827
19 28  0.588213
19 29  0.593380
19 30  0.572130
20 21  0.585037
20 22  0.609935
20 23  0.615044
20 24  0.608397
20 25  0.601670
20 26  0.623075
20 27  0.581436
20 28  0.604313
20 29  0.605042
20 30  0.583740
21 22  0.628638
21 23  0.633858
21 24  0.627184
21 25  0.600331
21 26  0.641084
21 27  0.600248
21 28  0.604333
21 29  0.623856
21 30  0.602553
22 23  0.633529
22 24  0.599824
22 25  0.624922
22 26  0.635937
22 27  0.600616
22 28  0.632215
22 29  0.596688
22 30  0.602861
23 24  0.630306
23 25  0.631576
23 26  0.647897
23 27  0.572974
23 28  0.637406
23 29  0.619766
23 30  0.572163
24 25  0.624515
24 26  0.632640
24 27  0.599394
24 28  0.630723
24 29  0.587160
24 30  0.601588
25 26  0.627635
25 27  0.598010
25 28  0.591758
25 29  0.621092
25 30  0.600308
26 27  0.614922
26 28  0.642225
26 29  0.632974
26 30  0.617162
27 28  0.603796
27 29  0.593246
27 30  0.526283
28 29  0.627360
28 30  0.606101
29 30  0.595205
