  -1146.54373552
  -1146.91178048
0.00000002285991
2 2 2 2 2 2 2 2 2 2 2 2 2 2 2 0 0 0 0 0 0 0 0 0 0 0 0 0 0 0 
1  0.285455
2  0.269517
3  0.282129
4  0.280355
5  0.291717
6  0.325216
7  0.318815
8  0.317994
9  0.308970
10  0.312637
11  0.313769
12  0.285804
13  0.284203
14  0.315882
15  0.307612
16  0.290522
17  0.276765
18  0.287315
19  0.283816
20  0.295416
21  0.314287
22  0.315287
23  0.320186
24  0.313744
25  0.312191
26  0.329323
27  0.286452
28  0.317863
29  0.310417
30  0.288805
1 2  0.553693
1 3  0.563268
1 4  0.565790
1 5  0.577137
1 6  0.586168
1 7  0.603951
1 8  0.603283
1 9  0.592948
1 10  0.591812
1 11  0.598922
1 12  0.571222
1 13  0.569617
1 14  0.579199
1 15  0.589737
1 16  0.286660
1 17  0.560340
1 18  0.567235
1 19  0.569017
1 20  0.580359
1 21  0.599390
1 22  0.573471
1 23  0.605400
1 24  0.596407
1 25  0.597404
1 26  0.585944
1 27  0.571609
1 28  0.602849
1 29  0.592963
1 30  0.574142
2 3  0.551606
2 4  0.549869
2 5  0.561231
2 6  0.594042
2 7  0.568582
2 8  0.587508
2 9  0.578477
2 10  0.566013
2 11  0.583285
2 12  0.552387
2 13  0.548701
2 14  0.580373
2 15  0.572739
2 16  0.557998
2 17  0.257848
2 18  0.556462
2 19  0.553332
2 20  0.564925
2 21  0.583750
2 22  0.578045
2 23  0.565358
2 24  0.572421
2 25  0.581578
2 26  0.598615
2 27  0.552052
2 28  0.587353
2 29  0.573902
2 30  0.557107
3 4  0.561355
3 5  0.572214
3 6  0.580249
3 7  0.600931
3 8  0.581408
3 9  0.586747
3 10  0.594233
3 11  0.590928
3 12  0.567916
3 13  0.566316
3 14  0.597509
3 15  0.589456
3 16  0.567128
3 17  0.558387
3 18  0.279821
3 19  0.565763
3 20  0.576095
3 21  0.589911
3 22  0.596842
3 23  0.602221
3 24  0.595183
3 25  0.588672
3 26  0.582030
3 27  0.568560
3 28  0.587798
3 29  0.592425
3 30  0.570929
4 5  0.528808
4 6  0.604396
4 7  0.599164
4 8  0.586872
4 9  0.582170
4 10  0.592924
4 11  0.580902
4 12  0.566156
4 13  0.564556
4 14  0.596138
4 15  0.587891
4 16  0.570715
4 17  0.557117
4 18  0.567489
4 19  0.277639
4 20  0.528130
4 21  0.573463
4 22  0.595374
4 23  0.600486
4 24  0.593990
4 25  0.588287
4 26  0.609130
4 27  0.566790
4 28  0.595146
4 29  0.590556
4 30  0.569115
5 6  0.616302
5 7  0.610530
5 8  0.601579
5 9  0.596548
5 10  0.604339
5 11  0.581435
5 12  0.577520
5 13  0.575920
5 14  0.607586
5 15  0.599307
5 16  0.581881
5 17  0.568473
5 18  0.577491
5 19  0.527672
5 20  0.286990
5 21  0.574553
5 22  0.606901
5 23  0.611901
5 24  0.605455
5 25  0.600726
5 26  0.620794
5 27  0.578161
5 28  0.606591
5 29  0.602105
5 30  0.580511
6 7  0.643461
6 8  0.639059
6 9  0.621936
6 10  0.629458
6 11  0.637620
6 12  0.610926
6 13  0.609382
6 14  0.633547
6 15  0.627702
6 16  0.587476
6 17  0.601801
6 18  0.582884
6 19  0.608537
6 20  0.620415
6 21  0.635173
6 22  0.627420
6 23  0.645142
6 24  0.636848
6 25  0.624238
6 26  0.408984
6 27  0.611418
6 28  0.640483
6 29  0.632551
6 30  0.613572
7 8  0.636804
7 9  0.627747
7 10  0.628637
7 11  0.632583
7 12  0.568227
7 13  0.569412
7 14  0.633703
7 15  0.616807
7 16  0.609086
7 17  0.571028
7 18  0.606068
7 19  0.602575
7 20  0.614227
7 21  0.633033
7 22  0.630456
7 23  0.397786
7 24  0.630864
7 25  0.630657
7 26  0.647879
7 27  0.561677
7 28  0.636677
7 29  0.616797
7 30  0.562381
8 9  0.591342
8 10  0.630553
8 11  0.603990
8 12  0.603795
8 13  0.602194
8 14  0.633778
8 15  0.625525
8 16  0.608037
8 17  0.594703
8 18  0.592775
8 19  0.598429
8 20  0.610149
8 21  0.599212
8 22  0.633095
8 23  0.638179
8 24  0.631707
8 25  0.590058
8 26  0.644280
8 27  0.604437
8 28  0.387750
8 29  0.628367
8 30  0.606789
9 10  0.621239
9 11  0.595767
9 12  0.594758
9 13  0.593161
9 14  0.623519
9 15  0.616103
9 16  0.599219
9 17  0.585570
9 18  0.590133
9 19  0.588922
9 20  0.600906
9 21  0.589955
9 22  0.623630
9 23  0.628799
9 24  0.621981
9 25  0.394863
9 26  0.624172
9 27  0.595397
9 28  0.586600
9 29  0.618441
9 30  0.597638
10 11  0.626372
10 12  0.598217
10 13  0.596659
10 14  0.599741
10 15  0.585453
10 16  0.599974
10 17  0.578334
10 18  0.599229
10 19  0.596376
10 20  0.608049
10 21  0.626720
10 22  0.592800
10 23  0.630683
10 24  0.381062
10 25  0.624149
10 26  0.639892
10 27  0.598608
10 28  0.630472
10 29  0.583169
10 30  0.601015
11 12  0.599572
11 13  0.597971
11 14  0.629517
11 15  0.621354
11 16  0.603937
11 17  0.590439
11 18  0.594985
11 19  0.577242
11 20  0.576956
11 21  0.415893
11 22  0.628994
11 23  0.633865
11 24  0.627296
11 25  0.591228
11 26  0.638535
11 27  0.600220
11 28  0.599835
11 29  0.624012
11 30  0.602557
12 13  0.522121
12 14  0.601159
12 15  0.590671
12 16  0.576128
12 17  0.561108
12 18  0.573108
12 19  0.569569
12 20  0.581202
12 21  0.600079
12 22  0.600879
12 23  0.561019
12 24  0.599089
12 25  0.597868
12 26  0.614585
12 27  0.519333
12 28  0.603656
12 29  0.594240
12 30  0.294039
13 14  0.599580
13 15  0.589841
13 16  0.574273
13 17  0.556659
13 18  0.571489
13 19  0.568000
13 20  0.579607
13 21  0.598490
13 22  0.599282
13 23  0.562257
13 24  0.597401
13 25  0.596379
13 26  0.613216
13 27  0.291543
13 28  0.602058
13 29  0.594228
13 30  0.519338
14 15  0.593591
14 16  0.577922
14 17  0.586476
14 18  0.602574
14 19  0.599358
14 20  0.611117
14 21  0.630108
14 22  0.421379
14 23  0.632446
14 24  0.595218
14 25  0.627470
14 26  0.632040
14 27  0.602175
14 28  0.633561
14 29  0.589435
14 30  0.604415
15 16  0.594975
15 17  0.577856
15 18  0.594811
15 19  0.591222
15 20  0.602994
15 21  0.621733
15 22  0.586951
15 23  0.615762
15 24  0.580761
15 25  0.618918
15 26  0.634176
15 27  0.593548
15 28  0.625436
15 29  0.392873
15 30  0.594258
16 17  0.565682
16 18  0.573497
16 19  0.574313
16 20  0.585906
16 21  0.604513
16 22  0.583011
16 23  0.610309
16 24  0.597784
16 25  0.600521
16 26  0.594221
16 27  0.576939
16 28  0.608264
16 29  0.596642
16 30  0.579283
17 18  0.564039
17 19  0.560573
17 20  0.572175
17 21  0.591050
17 22  0.586554
17 23  0.575120
17 24  0.572064
17 25  0.588940
17 26  0.605137
17 27  0.558045
17 28  0.594622
17 29  0.582365
17 30  0.561606
18 19  0.569701
18 20  0.580760
18 21  0.596082
18 22  0.601919
18 23  0.607487
18 24  0.600607
18 25  0.594928
18 26  0.588597
18 27  0.573753
18 28  0.584083
18 29  0.597407
18 30  0.576104
19 20  0.534684
19 21  0.583848
19 22  0.598989
19 23  0.603992
19 24  0.597479
19 25  0.588225
19 26  0.611762
19 27  0.570265
19 28  0.588798
19 29  0.594140
19 30  0.572616
20 21  0.585596
20 22  0.610681
20 23  0.615598
20 24  0.609137
20 25  0.602360
20 26  0.623957
20 27  0.581867
20 28  0.604907
20 29  0.605798
20 30  0.584219
21 22  0.629439
21 23  0.634471
21 24  0.627980
21 25  0.601067
21 26  0.642016
21 27  0.600738
21 28  0.605002
21 29  0.624675
21 30  0.603091
22 23  0.634290
22 24  0.600812
22 25  0.625838
22 26  0.637027
22 27  0.601263
22 28  0.633043
22 29  0.597607
22 30  0.603555
23 24  0.631073
23 25  0.632323
23 26  0.648808
23 27  0.573468
23 28  0.638044
23 29  0.620514
23 30  0.572677
24 25  0.625440
24 26  0.633675
24 27  0.600047
24 28  0.631547
24 29  0.588154
24 30  0.602285
25 26  0.628650
25 27  0.598629
25 28  0.592572
25 29  0.622034
25 30  0.600975
26 27  0.615719
26 28  0.643188
26 29  0.634059
26 30  0.618012
27 28  0.604311
27 29  0.593892
27 30  0.526699
28 29  0.628204
28 30  0.606664
29 30  0.595908
