   -993.89086427
   -994.20059047
0.00018045168600
2 2 2 2 2 2 2 2 2 2 2 2 2 0 0 0 0 0 0 0 0 0 0 0 0 0 
1  0.255014
2  0.270779
3  0.280423
4  0.265059
5  0.255927
6  0.273414
7  0.275741
8  0.292326
9  0.293734
10  0.298490
11  0.293116
12  0.288981
13  0.299830
14  0.263717
15  0.274323
16  0.280321
17  0.269344
18  0.260725
19  0.276132
20  0.277753
21  0.300798
22  0.299161
23  0.294596
24  0.293081
25  0.295040
26  0.290534
1 2  0.525216
1 3  0.534514
1 4  0.518222
1 5  0.510873
1 6  0.528376
1 7  0.530733
1 8  0.532277
1 9  0.548525
1 10  0.549936
1 11  0.545402
1 12  0.541167
1 13  0.534134
1 14  0.234411
1 15  0.529261
1 16  0.534289
1 17  0.523812
1 18  0.515622
1 19  0.530780
1 20  0.532681
1 21  0.531995
1 22  0.547790
1 23  0.548571
1 24  0.533465
1 25  0.547127
1 26  0.542091
2 3  0.506790
2 4  0.535801
2 5  0.526699
2 6  0.544193
2 7  0.546520
2 8  0.555746
2 9  0.564511
2 10  0.553667
2 11  0.563890
2 12  0.553816
2 13  0.570101
2 14  0.534371
2 15  0.257636
2 16  0.502541
2 17  0.539826
2 18  0.531459
2 19  0.546900
2 20  0.548521
2 21  0.571328
2 22  0.542284
2 23  0.565374
2 24  0.562782
2 25  0.565647
2 26  0.558675
3 4  0.545471
3 5  0.536342
3 6  0.553837
3 7  0.556165
3 8  0.565616
3 9  0.574155
3 10  0.556379
3 11  0.573527
3 12  0.565913
3 13  0.580018
3 14  0.542633
3 15  0.503107
3 16  0.265193
3 17  0.549714
3 18  0.541145
3 19  0.556543
3 20  0.558170
3 21  0.581032
3 22  0.549303
3 23  0.575004
3 24  0.570563
3 25  0.575347
3 26  0.569275
4 5  0.516492
4 6  0.538395
4 7  0.540634
4 8  0.557204
4 9  0.557498
4 10  0.563291
4 11  0.531463
4 12  0.552490
4 13  0.534834
4 14  0.528057
4 15  0.539118
4 16  0.545248
4 17  0.264184
4 18  0.521817
4 19  0.540828
4 20  0.542335
4 21  0.529910
4 22  0.563889
4 23  0.559250
4 24  0.558011
4 25  0.526803
4 26  0.553275
5 6  0.526034
5 7  0.526292
5 8  0.548244
5 9  0.531088
5 10  0.554406
5 11  0.529226
5 12  0.544820
5 13  0.554093
5 14  0.519561
5 15  0.530212
5 16  0.536243
5 17  0.521025
5 18  0.237322
5 19  0.531306
5 20  0.530164
5 21  0.556141
5 22  0.554908
5 23  0.524452
5 24  0.548995
5 25  0.523197
5 26  0.545877
6 7  0.501536
6 8  0.565736
6 9  0.537062
6 10  0.571901
6 11  0.563329
6 12  0.562384
6 13  0.572914
6 14  0.536779
6 15  0.547732
6 16  0.553723
6 17  0.542424
6 18  0.533262
6 19  0.269832
6 20  0.498200
6 21  0.573252
6 22  0.572562
6 23  0.528469
6 24  0.566464
6 25  0.567222
6 26  0.563947
7 8  0.568065
7 9  0.538191
7 10  0.574229
7 11  0.567218
7 12  0.564712
7 13  0.575516
7 14  0.539372
7 15  0.550059
7 16  0.556056
7 17  0.544401
7 18  0.532680
7 19  0.498117
7 20  0.270986
7 21  0.576187
7 22  0.574902
7 23  0.530583
7 24  0.568816
7 25  0.570187
7 26  0.566258
8 9  0.586045
8 10  0.565526
8 11  0.585284
8 12  0.545245
8 13  0.589639
8 14  0.542812
8 15  0.565075
8 16  0.570339
8 17  0.561532
8 18  0.553040
8 19  0.568404
8 20  0.570065
8 21  0.590946
8 22  0.558275
8 23  0.586768
8 24  0.347810
8 25  0.586763
8 26  0.543439
9 10  0.592222
9 11  0.577379
9 12  0.582707
9 13  0.591441
9 14  0.556644
9 15  0.568056
9 16  0.574043
9 17  0.562642
9 18  0.528981
9 19  0.530748
9 20  0.529999
9 21  0.593630
9 22  0.592753
9 23  0.357843
9 24  0.586726
9 25  0.570922
9 26  0.584093
10 11  0.591481
10 12  0.562753
10 13  0.597638
10 14  0.555796
10 15  0.549085
10 16  0.546532
10 17  0.567530
10 18  0.559094
10 19  0.574614
10 20  0.576242
10 21  0.595234
10 22  0.389903
10 23  0.592994
10 24  0.562971
10 25  0.593504
10 26  0.555329
11 12  0.581661
11 13  0.575214
11 14  0.553553
11 15  0.567315
11 16  0.573258
11 17  0.528822
11 18  0.525239
11 19  0.567747
11 20  0.570373
11 21  0.567972
11 22  0.592239
11 23  0.570770
11 24  0.585801
11 25  0.355528
11 26  0.583385
12 13  0.579799
12 14  0.547543
12 15  0.560129
12 16  0.567566
12 17  0.555585
12 18  0.549012
12 19  0.565107
12 20  0.566688
12 21  0.578411
12 22  0.558640
12 23  0.583459
12 24  0.539135
12 25  0.583662
12 26  0.345737
13 14  0.539422
13 15  0.573805
13 16  0.580109
13 17  0.532964
13 18  0.559937
13 19  0.575107
13 20  0.577241
13 21  0.361026
13 22  0.594881
13 23  0.593473
13 24  0.590473
13 25  0.568225
13 26  0.580220
14 15  0.537402
14 16  0.542833
14 17  0.530277
14 18  0.524303
14 19  0.539796
14 20  0.541441
14 21  0.541790
14 22  0.559389
14 23  0.558007
14 24  0.537828
14 25  0.555750
14 26  0.551381
15 16  0.508995
15 17  0.543603
15 18  0.535043
15 19  0.550454
15 20  0.552075
15 21  0.574551
15 22  0.555387
15 23  0.568919
15 24  0.560098
15 25  0.569350
15 26  0.558250
16 17  0.549647
16 18  0.541038
16 19  0.556452
16 20  0.558073
16 21  0.580743
16 22  0.558563
16 23  0.574916
16 24  0.566245
16 25  0.575348
16 26  0.565635
17 18  0.525009
17 19  0.545326
17 20  0.546983
17 21  0.539545
17 22  0.568154
17 23  0.562090
17 24  0.562160
17 25  0.536810
17 26  0.557953
18 19  0.532526
18 20  0.532944
18 21  0.559005
18 22  0.559872
18 23  0.535423
18 24  0.553800
18 25  0.534905
18 26  0.551162
19 20  0.505240
19 21  0.576566
19 22  0.575290
19 23  0.540425
19 24  0.569209
19 25  0.567659
19 26  0.566656
20 21  0.578469
20 22  0.576911
20 23  0.541714
20 24  0.570831
20 25  0.570545
20 26  0.568277
21 22  0.599097
21 23  0.592991
21 24  0.591743
21 25  0.578790
21 26  0.582360
22 23  0.593754
22 24  0.568239
22 25  0.594017
22 26  0.566323
23 24  0.587665
23 25  0.580124
23 26  0.585120
24 25  0.587899
24 26  0.545032
25 26  0.584931
