   -993.89086427
   -994.20383253
0.00006408011620
2 2 2 2 2 2 2 2 2 2 2 2 2 0 0 0 0 0 0 0 0 0 0 0 0 0 
1  0.263219
2  0.275705
3  0.285179
4  0.271458
5  0.262295
6  0.276794
7  0.278930
8  0.301496
9  0.299319
10  0.305674
11  0.300935
12  0.298517
13  0.308605
14  0.272492
15  0.279547
16  0.285106
17  0.275890
18  0.267333
19  0.279701
20  0.281242
21  0.309077
22  0.306489
23  0.300137
24  0.302145
25  0.302480
26  0.300397
1 2  0.538204
1 3  0.547180
1 4  0.532589
1 5  0.525426
1 6  0.539941
1 7  0.542111
1 8  0.547377
1 9  0.562308
1 10  0.565168
1 11  0.561132
1 12  0.558555
1 13  0.550565
1 14  0.249371
1 15  0.542664
1 16  0.547173
1 17  0.538472
1 18  0.530376
1 19  0.542408
1 20  0.544369
1 21  0.548369
1 22  0.563280
1 23  0.562262
1 24  0.549808
1 25  0.562792
1 26  0.560029
2 3  0.516799
2 4  0.547105
2 5  0.537991
2 6  0.552499
2 7  0.554634
2 8  0.568557
2 9  0.575022
2 10  0.565636
2 11  0.576634
2 12  0.567540
2 13  0.583667
2 14  0.548042
2 15  0.267189
2 16  0.512896
2 17  0.551214
2 18  0.542969
2 19  0.555389
2 20  0.556936
2 21  0.584486
2 22  0.554694
2 23  0.575838
2 24  0.576407
2 25  0.577961
2 26  0.573271
3 4  0.556626
3 5  0.547463
3 6  0.561973
3 7  0.564109
3 8  0.579250
3 9  0.584496
3 10  0.567595
3 11  0.586096
3 12  0.579569
3 13  0.593429
3 14  0.556057
3 15  0.513668
3 16  0.274449
3 17  0.560977
3 18  0.552508
3 19  0.564854
3 20  0.566412
3 21  0.594080
3 22  0.560894
3 23  0.585281
3 24  0.584323
3 25  0.587444
3 26  0.583703
4 5  0.528958
4 6  0.548134
4 7  0.550198
4 8  0.572740
4 9  0.569112
4 10  0.576783
4 11  0.545276
4 12  0.568246
4 13  0.549616
4 14  0.543126
4 15  0.550504
4 16  0.556362
4 17  0.275631
4 18  0.534817
4 19  0.550819
4 20  0.552023
4 21  0.544574
4 22  0.577592
4 23  0.571146
4 24  0.573454
4 25  0.540484
4 26  0.569548
5 6  0.535272
5 7  0.535551
5 8  0.563779
5 9  0.542480
5 10  0.567950
5 11  0.542885
5 12  0.560678
5 13  0.568793
5 14  0.534683
5 15  0.541747
5 16  0.547385
5 17  0.533877
5 18  0.248525
5 19  0.541100
5 20  0.539909
5 21  0.570722
5 22  0.568590
5 23  0.536044
5 24  0.564429
5 25  0.536729
5 26  0.561985
6 7  0.508194
6 8  0.578286
6 9  0.545698
6 10  0.582465
6 11  0.574228
6 12  0.575299
6 13  0.585046
6 14  0.548827
6 15  0.556334
6 16  0.561881
6 17  0.552311
6 18  0.543100
6 19  0.276882
6 20  0.505319
6 21  0.584826
6 22  0.583267
6 23  0.537159
6 24  0.578899
6 25  0.577986
6 26  0.577189
7 8  0.580423
7 9  0.546705
7 10  0.584602
7 11  0.577872
7 12  0.577437
7 13  0.587447
7 14  0.551341
7 15  0.558468
7 16  0.564027
7 17  0.554095
7 18  0.542346
7 19  0.505165
7 20  0.277728
7 21  0.587624
7 22  0.585419
7 23  0.539053
7 24  0.581068
7 25  0.580778
7 26  0.579287
8 9  0.600804
8 10  0.581236
8 11  0.602248
8 12  0.563788
8 13  0.607443
8 14  0.559644
8 15  0.579143
8 16  0.584248
8 17  0.577220
8 18  0.568826
8 19  0.581125
8 20  0.582724
8 21  0.608182
8 22  0.574313
8 23  0.601505
8 24  0.363970
8 25  0.603466
8 26  0.561879
9 10  0.604989
9 11  0.590111
9 12  0.597819
9 13  0.605660
9 14  0.570762
9 15  0.578865
9 16  0.584410
9 17  0.574691
9 18  0.540871
9 19  0.539665
9 20  0.538812
9 21  0.607525
9 22  0.605643
9 23  0.369110
9 24  0.601368
9 25  0.583513
9 26  0.599557
10 11  0.606409
10 12  0.577830
10 13  0.613460
10 14  0.571737
10 15  0.561429
10 16  0.558155
10 17  0.581191
10 18  0.572841
10 19  0.585358
10 20  0.586916
10 21  0.610821
10 22  0.405411
10 23  0.605680
10 24  0.578480
10 25  0.608109
10 26  0.570716
11 12  0.598860
11 13  0.591038
11 14  0.570197
11 15  0.580309
11 16  0.585778
11 17  0.542986
11 18  0.539412
11 19  0.579121
11 20  0.581610
11 21  0.583435
11 22  0.607356
11 23  0.583523
11 24  0.602587
11 25  0.371471
11 26  0.600990
12 13  0.597253
12 14  0.565825
12 15  0.574745
12 16  0.581573
12 17  0.571911
12 18  0.565023
12 19  0.578213
12 20  0.579715
12 21  0.596129
12 22  0.573613
12 23  0.598543
12 24  0.557462
12 25  0.600558
12 26  0.364422
13 14  0.556701
13 15  0.587644
13 16  0.593637
13 17  0.548068
13 18  0.575219
13 19  0.587233
13 20  0.589483
13 21  0.378786
13 22  0.610965
13 23  0.607838
13 24  0.608207
13 25  0.583999
13 26  0.598444
14 15  0.551173
14 16  0.556204
14 17  0.545357
14 18  0.539681
14 19  0.552093
14 20  0.553678
14 21  0.558072
14 22  0.575202
14 23  0.572306
14 24  0.553689
14 25  0.571679
14 26  0.569689
15 16  0.519432
15 17  0.555327
15 18  0.546870
15 19  0.559248
15 20  0.560788
15 21  0.587857
15 22  0.567637
15 23  0.579683
15 24  0.573386
15 25  0.582009
15 26  0.572634
16 17  0.560973
16 18  0.552427
16 19  0.564808
16 20  0.566348
16 21  0.593661
16 22  0.569899
16 23  0.585241
16 24  0.579460
16 25  0.587573
16 26  0.579609
17 18  0.537858
17 19  0.555434
17 20  0.557015
17 21  0.554009
17 22  0.581878
17 23  0.573762
17 24  0.577708
17 25  0.550474
17 26  0.574143
18 19  0.542140
18 20  0.542500
18 21  0.573445
18 22  0.573801
18 23  0.546983
18 24  0.569467
18 25  0.548487
18 26  0.567638
19 20  0.512612
19 21  0.588357
19 22  0.586187
19 23  0.549164
19 24  0.581842
19 25  0.578223
19 26  0.580085
20 21  0.590189
20 22  0.587729
20 23  0.550373
20 24  0.583384
20 25  0.581036
20 26  0.581627
21 22  0.614539
21 23  0.606564
21 24  0.608947
21 25  0.593898
21 26  0.599494
22 23  0.606621
22 24  0.584053
22 25  0.608715
22 26  0.582182
23 24  0.602274
23 25  0.592482
23 26  0.600515
24 25  0.604425
24 26  0.563508
25 26  0.601948
