   -993.89086427
   -994.20516192
0.00002127775030
2 2 2 2 2 2 2 2 2 2 2 2 2 0 0 0 0 0 0 0 0 0 0 0 0 0 
1  0.267607
2  0.278180
3  0.287566
4  0.275167
5  0.265294
6  0.278614
7  0.280580
8  0.305673
9  0.302090
10  0.309332
11  0.305250
12  0.303375
13  0.313655
14  0.277084
15  0.282227
16  0.287639
17  0.279715
18  0.270338
19  0.281618
20  0.282953
21  0.314095
22  0.310182
23  0.302824
24  0.306119
25  0.306617
26  0.305090
1 2  0.544935
1 3  0.553798
1 4  0.540604
1 5  0.532798
1 6  0.546107
1 7  0.548125
1 8  0.554859
1 9  0.569420
1 10  0.572961
1 11  0.569575
1 12  0.567720
1 13  0.559690
1 14  0.257455
1 15  0.549714
1 16  0.553945
1 17  0.546628
1 18  0.537730
1 19  0.548677
1 20  0.550472
1 21  0.557774
1 22  0.571331
1 23  0.569277
1 24  0.557784
1 25  0.571275
1 26  0.569118
2 3  0.521906
2 4  0.553267
2 5  0.543458
2 6  0.556793
2 7  0.558759
2 8  0.574721
2 9  0.580265
2 10  0.571656
2 11  0.583418
2 12  0.574435
2 13  0.591082
2 14  0.555079
2 15  0.272039
2 16  0.518223
2 17  0.557416
2 18  0.548437
2 19  0.559772
2 20  0.561120
2 21  0.591950
2 22  0.560857
2 23  0.581001
2 24  0.582742
2 25  0.584522
2 26  0.580355
3 4  0.562716
3 5  0.552843
3 6  0.566179
3 7  0.568145
3 8  0.585488
3 9  0.589650
3 10  0.573338
3 11  0.592792
3 12  0.586567
3 13  0.600796
3 14  0.562956
3 15  0.519072
3 16  0.279179
3 17  0.567155
3 18  0.557899
3 19  0.569141
3 20  0.570504
3 21  0.601469
3 22  0.566939
3 23  0.590345
3 24  0.590601
3 25  0.593920
3 26  0.590693
4 5  0.535319
4 6  0.553639
4 7  0.555536
4 8  0.580587
4 9  0.575389
4 10  0.584078
4 11  0.553176
4 12  0.576605
4 13  0.558190
4 14  0.551371
4 15  0.556801
4 16  0.562553
4 17  0.282600
4 18  0.541430
4 19  0.556406
4 20  0.557360
4 21  0.553344
4 22  0.584993
4 23  0.577482
4 24  0.581096
4 25  0.548397
4 26  0.577888
5 6  0.539939
5 7  0.539961
5 8  0.570951
5 9  0.548035
5 10  0.574606
5 11  0.549974
5 12  0.568509
5 13  0.576628
5 14  0.542244
5 15  0.547391
5 16  0.552913
5 17  0.540614
5 18  0.253948
5 19  0.545955
5 20  0.544521
5 21  0.578667
5 22  0.575249
5 23  0.541751
5 24  0.571405
5 25  0.543843
5 26  0.569539
6 7  0.511865
6 8  0.584279
6 9  0.550188
6 10  0.587941
6 11  0.580113
6 12  0.581972
6 13  0.591859
6 14  0.555148
6 15  0.560820
6 16  0.566216
6 17  0.557938
6 18  0.547866
6 19  0.280459
6 20  0.509078
6 21  0.591611
6 22  0.588780
6 23  0.541607
6 24  0.584660
6 25  0.583906
6 26  0.583700
7 8  0.586248
7 9  0.551113
7 10  0.589909
7 11  0.583693
7 12  0.583943
7 13  0.594128
7 14  0.557574
7 15  0.562787
7 16  0.568203
7 17  0.559471
7 18  0.546907
7 19  0.508956
7 20  0.280948
7 21  0.594271
7 22  0.590760
7 23  0.543359
7 24  0.586687
7 25  0.586525
7 26  0.585634
8 9  0.607749
8 10  0.588954
8 11  0.610700
8 12  0.572793
8 13  0.616567
8 14  0.567958
8 15  0.585836
8 16  0.590842
8 17  0.585180
8 18  0.576007
8 19  0.587173
8 20  0.588600
8 21  0.617324
8 22  0.582086
8 23  0.608341
8 24  0.371464
8 25  0.611767
8 26  0.570717
9 10  0.611417
9 11  0.596786
9 12  0.605440
9 13  0.613191
9 14  0.578091
9 15  0.584315
9 16  0.589705
9 17  0.581235
9 18  0.546609
9 19  0.544315
9 20  0.543276
9 21  0.615310
9 22  0.612049
9 23  0.374420
9 24  0.608082
9 25  0.590229
9 26  0.607009
10 11  0.614339
10 12  0.585662
10 13  0.622073
10 14  0.579933
10 15  0.567755
10 16  0.564286
10 17  0.588653
10 18  0.579487
10 19  0.590923
10 20  0.592284
10 21  0.619441
10 22  0.412552
10 23  0.611998
10 24  0.585907
10 25  0.615901
10 26  0.578596
11 12  0.607893
11 13  0.599984
11 14  0.579036
11 15  0.587249
11 16  0.592586
11 17  0.551119
11 18  0.546685
11 19  0.585295
11 20  0.587589
11 21  0.592487
11 22  0.615367
11 23  0.590319
11 24  0.610902
11 25  0.379441
11 26  0.609957
12 13  0.606618
12 14  0.575267
12 15  0.582117
12 16  0.588857
12 17  0.580566
12 18  0.572809
12 19  0.584979
12 20  0.586285
12 21  0.605882
12 22  0.581680
12 23  0.606066
12 24  0.566161
12 25  0.609508
12 26  0.373377
13 14  0.566291
13 15  0.595401
13 16  0.601210
13 17  0.556935
13 18  0.583204
13 19  0.594156
13 20  0.596202
13 21  0.388414
13 22  0.619632
13 23  0.615560
13 24  0.617208
13 25  0.592902
13 26  0.608053
14 15  0.558307
14 16  0.563155
14 17  0.553614
14 18  0.547246
14 19  0.558561
14 20  0.559956
14 21  0.567263
14 22  0.583280
14 23  0.579531
14 24  0.561344
14 25  0.580168
14 26  0.578911
15 16  0.524911
15 17  0.561810
15 18  0.552551
15 19  0.563844
15 20  0.565178
15 21  0.595447
15 22  0.573799
15 23  0.585048
15 24  0.579601
15 25  0.588821
15 26  0.579574
16 17  0.567322
16 18  0.557961
16 19  0.569256
16 20  0.570590
16 21  0.601127
16 22  0.575848
16 23  0.590458
16 24  0.585632
16 25  0.594239
16 26  0.586435
17 18  0.544423
17 19  0.561145
17 20  0.562533
17 21  0.562676
17 22  0.589310
17 23  0.580096
17 24  0.585465
17 25  0.558374
17 26  0.582415
18 19  0.546839
18 20  0.546955
18 21  0.581280
18 22  0.580488
18 23  0.552503
18 24  0.576439
18 25  0.555401
18 26  0.575332
19 20  0.516460
19 21  0.595233
19 22  0.591791
19 23  0.553607
19 24  0.587726
19 25  0.584012
19 26  0.586686
20 21  0.596897
20 22  0.593130
20 23  0.554726
20 24  0.589062
20 25  0.586677
20 26  0.588028
21 22  0.623137
21 23  0.614026
21 24  0.617830
21 25  0.602770
21 26  0.608548
22 23  0.613002
22 24  0.591511
22 25  0.616490
22 26  0.590068
23 24  0.608933
23 25  0.598957
23 26  0.607890
24 25  0.612511
24 26  0.572235
25 26  0.610603
