   -993.89086427
   -994.20561163
0.00000006042410
2 2 2 2 2 2 2 2 2 2 2 2 2 0 0 0 0 0 0 0 0 0 0 0 0 0 
1  0.269391
2  0.279128
3  0.288535
4  0.276658
5  0.266379
6  0.279229
7  0.281090
8  0.307094
9  0.302998
10  0.310643
11  0.306752
12  0.305021
13  0.315617
14  0.278984
15  0.283230
16  0.288615
17  0.281258
18  0.271413
19  0.282267
20  0.283483
21  0.315979
22  0.311519
23  0.303686
24  0.307500
25  0.308080
26  0.306726
1 2  0.547605
1 3  0.556483
1 4  0.543833
1 5  0.535663
1 6  0.548479
1 7  0.550404
1 8  0.557605
1 9  0.572098
1 10  0.575976
1 11  0.572770
1 12  0.571131
1 13  0.563308
1 14  0.260806
1 15  0.552492
1 16  0.556682
1 17  0.549921
1 18  0.540585
1 19  0.551083
1 20  0.552788
1 21  0.561434
1 22  0.574437
1 23  0.571874
1 24  0.560812
1 25  0.574537
1 26  0.572530
2 3  0.523932
2 4  0.555688
2 5  0.545484
2 6  0.558356
2 7  0.560217
2 8  0.576961
2 9  0.582117
2 10  0.573899
2 11  0.585863
2 12  0.576906
2 13  0.593928
2 14  0.557918
2 15  0.274020
2 16  0.520285
2 17  0.559813
2 18  0.550445
2 19  0.561354
2 20  0.562586
2 21  0.594759
2 22  0.563162
2 23  0.582813
2 24  0.585030
2 25  0.586899
2 26  0.582942
3 4  0.565172
3 5  0.554889
3 6  0.567761
3 7  0.569623
3 8  0.587836
3 9  0.591523
3 10  0.575536
3 11  0.595257
3 12  0.589080
3 13  0.603676
3 14  0.565774
3 15  0.521193
3 16  0.281172
3 17  0.569661
3 18  0.559939
3 19  0.570725
3 20  0.571990
3 21  0.604305
3 22  0.569236
3 23  0.592171
3 24  0.592942
3 25  0.596282
3 26  0.593258
4 5  0.537806
4 6  0.555738
4 7  0.557525
4 8  0.583468
4 9  0.577703
4 10  0.586842
4 11  0.556122
4 12  0.579673
4 13  0.561565
4 14  0.554729
4 15  0.559207
4 16  0.564998
4 17  0.285509
4 18  0.543997
4 19  0.558546
4 20  0.559311
4 21  0.556708
4 22  0.587817
4 23  0.579810
4 24  0.583955
4 25  0.551338
4 26  0.581025
5 6  0.541598
5 7  0.541532
5 8  0.573451
5 9  0.549999
5 10  0.576996
5 11  0.552501
5 12  0.571214
5 13  0.579582
5 14  0.545221
5 15  0.549431
5 16  0.554975
5 17  0.543240
5 18  0.256060
5 19  0.547671
5 20  0.546145
5 21  0.581600
5 22  0.577676
5 23  0.543719
5 24  0.573869
5 25  0.546361
5 26  0.572142
6 7  0.513067
6 8  0.586308
6 9  0.551706
6 10  0.589865
6 11  0.582166
6 12  0.584229
6 13  0.594418
6 14  0.557626
6 15  0.562426
6 16  0.567779
6 17  0.560100
6 18  0.549532
6 19  0.281775
6 20  0.510308
6 21  0.594083
6 22  0.590727
6 23  0.543095
6 24  0.586640
6 25  0.585982
6 26  0.585949
7 8  0.588173
7 9  0.552570
7 10  0.591729
7 11  0.585651
7 12  0.586100
7 13  0.596591
7 14  0.559985
7 15  0.564284
7 16  0.569679
7 17  0.561452
7 18  0.548496
7 19  0.510209
7 20  0.282051
7 21  0.596662
7 22  0.592608
7 23  0.544751
7 24  0.588570
7 25  0.588480
7 26  0.587779
8 9  0.610075
8 10  0.591667
8 11  0.613607
8 12  0.575899
8 13  0.619918
8 14  0.571069
8 15  0.588209
8 16  0.593225
8 17  0.588122
8 18  0.578502
8 19  0.589222
8 20  0.590544
8 21  0.620599
8 22  0.584799
8 23  0.610615
8 24  0.374123
8 25  0.614674
8 26  0.573805
9 10  0.613634
9 11  0.599091
9 12  0.607989
9 13  0.615972
9 14  0.580854
9 15  0.586222
9 16  0.591584
9 17  0.583659
9 18  0.548578
9 19  0.545888
9 20  0.544743
9 21  0.618106
9 22  0.614282
9 23  0.376343
9 24  0.610356
9 25  0.592550
9 26  0.609554
10 11  0.617120
10 12  0.588388
10 13  0.625301
10 14  0.583153
10 15  0.570074
10 16  0.566573
10 17  0.591493
10 18  0.581839
10 19  0.592874
10 20  0.594124
10 21  0.622607
10 22  0.415391
10 23  0.614155
10 24  0.588544
10 25  0.618668
10 26  0.581359
11 12  0.610983
11 13  0.603287
11 14  0.582445
11 15  0.589735
11 16  0.594976
11 17  0.554150
11 18  0.549260
11 19  0.587442
11 20  0.589600
11 21  0.595763
11 22  0.618200
11 23  0.592639
11 24  0.613800
11 25  0.382568
11 26  0.613071
12 13  0.610000
12 14  0.578812
12 15  0.584748
12 16  0.591433
12 17  0.583790
12 18  0.575467
12 19  0.587271
12 20  0.588463
12 21  0.609358
12 22  0.584498
12 23  0.608577
12 24  0.569210
12 25  0.612590
12 26  0.376617
13 14  0.570125
13 15  0.598344
13 16  0.604136
13 17  0.560384
13 18  0.586212
13 19  0.596743
13 20  0.598690
13 21  0.392366
13 22  0.622899
13 23  0.618384
13 24  0.620524
13 25  0.596215
13 26  0.611574
14 15  0.561169
14 16  0.565946
14 17  0.556978
14 18  0.550211
14 19  0.561086
14 20  0.562368
14 21  0.570891
14 22  0.586448
14 23  0.582276
14 24  0.564186
14 25  0.583446
14 26  0.582426
15 16  0.527005
15 17  0.564331
15 18  0.554622
15 19  0.565496
15 20  0.566711
15 21  0.598262
15 22  0.576094
15 23  0.586909
15 24  0.581850
15 25  0.591279
15 26  0.582118
16 17  0.569836
16 18  0.560007
16 19  0.570881
16 20  0.572096
16 21  0.603940
16 22  0.578099
16 23  0.592292
16 24  0.587940
16 25  0.596677
16 26  0.588910
17 18  0.546969
17 19  0.563328
17 20  0.564598
17 21  0.566024
17 22  0.592141
17 23  0.582416
17 24  0.588357
17 25  0.561351
17 26  0.585517
18 19  0.548512
18 20  0.548535
18 21  0.584137
18 22  0.582897
18 23  0.554411
18 24  0.578885
18 25  0.557878
18 26  0.578037
19 20  0.517722
19 21  0.597748
19 22  0.593774
19 23  0.555099
19 24  0.589749
19 25  0.586058
19 26  0.588967
20 21  0.599301
20 22  0.594995
20 23  0.556148
20 24  0.590968
20 25  0.588601
20 26  0.590194
21 22  0.626297
21 23  0.616688
21 24  0.621063
21 25  0.606000
21 26  0.611848
22 23  0.615200
22 24  0.594185
22 25  0.619259
22 26  0.592864
23 24  0.611173
23 25  0.601181
23 26  0.610382
24 25  0.615345
24 26  0.575322
25 26  0.613619
