   -841.26688502
   -841.52940330
0.00018630820900
2 2 2 2 2 2 2 2 2 2 2 0 0 0 0 0 0 0 0 0 0 0 
1  0.282096
2  0.282392
3  0.298670
4  0.274207
5  0.298012
6  0.274019
7  0.295756
8  0.296168
9  0.293456
10  0.264268
11  0.264490
12  0.270182
13  0.270276
14  0.299554
15  0.298338
16  0.297638
17  0.299657
18  0.284041
19  0.283914
20  0.295167
21  0.276221
22  0.276310
1 2  0.564484
1 3  0.580581
1 4  0.556299
1 5  0.579533
1 6  0.507964
1 7  0.577841
1 8  0.542215
1 9  0.575202
1 10  0.540956
1 11  0.546578
1 12  0.552174
1 13  0.547635
1 14  0.581495
1 15  0.536295
1 16  0.579606
1 17  0.580987
1 18  0.566137
1 19  0.282592
1 20  0.576840
1 21  0.558299
1 22  0.505069
2 3  0.580479
2 4  0.508296
2 5  0.580225
2 6  0.556407
2 7  0.542018
2 8  0.578550
2 9  0.575489
2 10  0.546652
2 11  0.541516
2 12  0.547692
2 13  0.552575
2 14  0.581135
2 15  0.580577
2 16  0.535870
2 17  0.581885
2 18  0.283412
2 19  0.566306
2 20  0.577116
2 21  0.504964
2 22  0.558687
3 4  0.571292
3 5  0.566947
3 6  0.571965
3 7  0.591500
3 8  0.592481
3 9  0.559451
3 10  0.560857
3 11  0.543762
3 12  0.542220
3 13  0.564858
3 14  0.381513
3 15  0.593731
3 16  0.588323
3 17  0.562113
3 18  0.582084
3 19  0.582445
3 20  0.555232
3 21  0.574554
3 22  0.574381
4 5  0.571522
4 6  0.548224
4 7  0.538734
4 8  0.570359
4 9  0.567049
4 10  0.538412
4 11  0.534939
4 12  0.543303
4 13  0.544049
4 14  0.573459
4 15  0.572284
4 16  0.531594
4 17  0.573196
4 18  0.504772
4 19  0.558116
4 20  0.568311
4 21  0.277020
4 22  0.550514
5 6  0.570424
5 7  0.591504
5 8  0.591247
5 9  0.558926
5 10  0.542838
5 11  0.560374
5 12  0.564163
5 13  0.541747
5 14  0.561809
5 15  0.588400
5 16  0.592578
5 17  0.381026
5 18  0.581925
5 19  0.581315
5 20  0.554564
5 21  0.573561
5 22  0.573929
6 7  0.569759
6 8  0.538959
6 9  0.566879
6 10  0.534590
6 11  0.538445
6 12  0.543734
6 13  0.543276
6 14  0.572847
6 15  0.532200
6 16  0.571437
6 17  0.573363
6 18  0.558047
6 19  0.504543
6 20  0.568101
6 21  0.550237
6 22  0.276852
7 8  0.591773
7 9  0.584004
7 10  0.559743
7 11  0.543938
7 12  0.545618
7 13  0.565351
7 14  0.587613
7 15  0.594084
7 16  0.364613
7 17  0.592005
7 18  0.533929
7 19  0.579573
7 20  0.588266
7 21  0.531928
7 22  0.571929
8 9  0.584623
8 10  0.543977
8 11  0.560378
8 12  0.565583
8 13  0.546047
8 14  0.592230
8 15  0.365272
8 16  0.593794
8 17  0.588082
8 18  0.580089
8 19  0.534392
8 20  0.588578
8 21  0.572287
8 22  0.532271
9 10  0.553578
9 11  0.553682
9 12  0.561162
9 13  0.561194
9 14  0.553750
9 15  0.589379
9 16  0.588773
9 17  0.554002
9 18  0.576962
9 19  0.576927
9 20  0.343000
9 21  0.568522
9 22  0.568609
10 11  0.528476
10 12  0.534310
10 13  0.243317
10 14  0.559942
10 15  0.541684
10 16  0.561163
10 17  0.538035
10 18  0.548216
10 19  0.543589
10 20  0.557114
10 21  0.540138
10 22  0.539616
11 12  0.243682
11 13  0.534615
11 14  0.537885
11 15  0.562021
11 16  0.541207
11 17  0.560310
11 18  0.543878
11 19  0.548317
11 20  0.557260
11 21  0.539764
11 22  0.540447
12 13  0.539951
12 14  0.549638
12 15  0.568127
12 16  0.548931
12 17  0.567115
12 18  0.548612
12 19  0.554073
12 20  0.561353
12 21  0.541325
12 22  0.546414
13 14  0.567110
13 15  0.549639
13 16  0.567509
13 17  0.549690
13 18  0.554294
13 19  0.548546
13 20  0.561463
13 21  0.546426
13 22  0.541482
14 15  0.595086
14 16  0.594437
14 17  0.570775
14 18  0.582950
14 19  0.583194
14 20  0.561580
14 21  0.574072
14 22  0.575110
15 16  0.595794
15 17  0.595157
15 18  0.582367
15 19  0.547184
15 20  0.587132
15 21  0.574542
15 22  0.543307
16 17  0.594509
16 18  0.546582
16 19  0.581539
16 20  0.586601
16 21  0.542575
16 22  0.573931
17 18  0.583413
17 19  0.582908
17 20  0.561779
17 21  0.575139
17 22  0.574265
18 19  0.567954
18 20  0.578819
18 21  0.511217
18 22  0.560349
19 20  0.578692
19 21  0.560133
19 22  0.511246
20 21  0.570507
20 22  0.570549
21 22  0.552531
