   -841.26688502
   -841.53185795
0.00006128783960
2 2 2 2 2 2 2 2 2 2 2 0 0 0 0 0 0 0 0 0 0 0 
1  0.285700
2  0.285980
3  0.307036
4  0.278122
5  0.306597
6  0.277907
7  0.302442
8  0.302600
9  0.302680
10  0.271197
11  0.271579
12  0.277591
13  0.277368
14  0.307556
15  0.304737
16  0.304530
17  0.307370
18  0.287895
19  0.287802
20  0.304396
21  0.280379
22  0.280414
1 2  0.571677
1 3  0.592493
1 4  0.563817
1 5  0.591653
1 6  0.515683
1 7  0.588134
1 8  0.551979
1 9  0.587959
1 10  0.551130
1 11  0.557253
1 12  0.563164
1 13  0.558270
1 14  0.593081
1 15  0.545938
1 16  0.590031
1 17  0.592321
1 18  0.573595
1 19  0.289704
1 20  0.589561
1 21  0.566046
1 22  0.513072
2 3  0.592376
2 4  0.516082
2 5  0.592337
2 6  0.563881
2 7  0.552051
2 8  0.588570
2 9  0.588231
2 10  0.557152
2 11  0.551767
2 12  0.558644
2 13  0.563216
2 14  0.592761
2 15  0.590506
2 16  0.546014
2 17  0.593174
2 18  0.290406
2 19  0.573781
2 20  0.589828
2 21  0.513018
2 22  0.566360
3 4  0.583408
3 5  0.582817
3 6  0.584188
3 7  0.606273
3 8  0.607007
3 9  0.576889
3 10  0.575853
3 11  0.557923
3 12  0.557306
3 13  0.580150
3 14  0.396958
3 15  0.608520
3 16  0.603506
3 17  0.577162
3 18  0.594274
3 19  0.594671
3 20  0.572575
3 21  0.587011
3 22  0.586658
4 5  0.583969
4 6  0.556026
4 7  0.549047
4 8  0.580705
4 9  0.580016
4 10  0.549228
4 11  0.545414
4 12  0.554449
4 13  0.554974
4 14  0.585322
4 15  0.582594
4 16  0.542184
4 17  0.584768
4 18  0.512872
4 19  0.565908
4 20  0.581312
4 21  0.284680
4 22  0.558531
5 6  0.582749
5 7  0.606421
5 8  0.605975
5 9  0.576566
5 10  0.557148
5 11  0.575795
5 12  0.579933
5 13  0.556917
5 14  0.576937
5 15  0.603217
5 16  0.607976
5 17  0.396383
5 18  0.594327
5 19  0.593751
5 20  0.572275
5 21  0.586210
5 22  0.586601
6 7  0.580331
6 8  0.548951
6 9  0.579798
6 10  0.544870
6 11  0.549390
6 12  0.554975
6 13  0.554066
6 14  0.584722
6 15  0.542238
6 16  0.582175
6 17  0.584916
6 18  0.565785
6 19  0.512617
6 20  0.581092
6 21  0.558281
6 22  0.284479
7 8  0.604855
7 9  0.598841
7 10  0.573251
7 11  0.557115
7 12  0.559663
7 13  0.579042
7 14  0.602301
7 15  0.607161
7 16  0.378028
7 17  0.606264
7 18  0.544271
7 19  0.590103
7 20  0.603697
7 21  0.542614
7 22  0.582696
8 9  0.599050
8 10  0.556838
8 11  0.573781
8 12  0.579400
8 13  0.559508
8 14  0.606595
8 15  0.378164
8 16  0.607110
8 17  0.602223
8 18  0.590349
8 19  0.544491
8 20  0.603851
8 21  0.582819
8 22  0.542621
9 10  0.569490
9 11  0.569875
9 12  0.577516
9 13  0.577273
9 14  0.571031
9 15  0.604516
9 16  0.604362
9 17  0.570965
9 18  0.589990
9 19  0.589908
9 20  0.359250
9 21  0.581859
9 22  0.581865
10 11  0.542371
10 12  0.548606
10 13  0.255419
10 14  0.574737
10 15  0.554932
10 16  0.575003
10 17  0.552385
10 18  0.558960
10 19  0.554285
10 20  0.573122
10 21  0.551081
10 22  0.550501
11 12  0.256398
11 13  0.548771
11 14  0.552649
11 15  0.575558
11 16  0.555002
11 17  0.574866
11 18  0.554686
11 19  0.559248
11 20  0.573466
11 21  0.550835
11 22  0.551474
12 13  0.554407
12 14  0.563508
12 15  0.581812
12 16  0.562688
12 17  0.582022
12 18  0.559343
12 19  0.565352
12 20  0.577574
12 21  0.552374
12 22  0.557901
13 14  0.581998
13 15  0.562686
13 16  0.581370
13 17  0.563118
13 18  0.565227
13 19  0.559019
13 20  0.577351
13 21  0.557641
13 22  0.552177
14 15  0.609258
14 16  0.609020
14 17  0.585772
14 18  0.594725
14 19  0.595032
14 20  0.578702
14 21  0.585987
14 22  0.587086
15 16  0.608932
15 17  0.608996
15 18  0.592625
15 19  0.557001
15 20  0.601781
15 21  0.585099
15 22  0.553385
16 17  0.608895
16 18  0.556855
16 19  0.592325
16 20  0.601604
16 21  0.553186
16 22  0.584929
17 18  0.594936
17 19  0.594439
17 20  0.578538
17 21  0.586875
17 22  0.585816
18 19  0.575695
18 20  0.591807
18 21  0.519576
18 22  0.568306
19 20  0.591711
19 21  0.568177
19 22  0.519566
20 21  0.583741
20 22  0.583777
21 22  0.560790
