   -841.26688502
   -841.53278388
0.00001820001550
2 2 2 2 2 2 2 2 2 2 2 0 0 0 0 0 0 0 0 0 0 0 
1  0.287397
2  0.287666
3  0.311250
4  0.280072
5  0.310842
6  0.279875
7  0.305363
8  0.305601
9  0.307288
10  0.274411
11  0.274870
12  0.281065
13  0.280688
14  0.311841
15  0.307597
16  0.307486
17  0.311438
18  0.289641
19  0.289518
20  0.308934
21  0.282385
22  0.282359
1 2  0.575056
1 3  0.598364
1 4  0.567460
1 5  0.597547
1 6  0.519571
1 7  0.592752
1 8  0.556726
1 9  0.594216
1 10  0.555818
1 11  0.562228
1 12  0.568319
1 13  0.563240
1 14  0.599044
1 15  0.550491
1 16  0.594647
1 17  0.598042
1 18  0.577038
1 19  0.292983
1 20  0.595718
1 21  0.569731
1 22  0.516960
2 3  0.598231
2 4  0.519942
2 5  0.598230
2 6  0.567531
2 7  0.556697
2 8  0.593259
2 9  0.594479
2 10  0.562040
2 11  0.556510
2 12  0.563762
2 13  0.568214
2 14  0.598688
2 15  0.595021
2 16  0.550654
2 17  0.598910
2 18  0.293698
2 19  0.577183
2 20  0.595973
2 21  0.516957
2 22  0.569971
3 4  0.589431
3 5  0.590641
3 6  0.590239
3 7  0.613304
3 8  0.613990
3 9  0.585707
3 10  0.583192
3 11  0.564871
3 12  0.564787
3 13  0.587556
3 14  0.404699
3 15  0.615612
3 16  0.610650
3 17  0.584966
3 18  0.600211
3 19  0.600582
3 20  0.581317
3 21  0.593201
3 22  0.592760
4 5  0.590042
4 6  0.559940
4 7  0.553896
4 8  0.585657
4 9  0.586472
4 10  0.554370
4 11  0.550414
4 12  0.559812
4 13  0.560156
4 14  0.591535
4 15  0.587345
4 16  0.547094
4 17  0.590743
4 18  0.516808
4 19  0.569566
4 20  0.587779
4 21  0.288459
4 22  0.562426
5 6  0.588821
5 7  0.613362
5 8  0.613121
5 9  0.585375
5 10  0.564070
5 11  0.583227
5 12  0.587508
5 13  0.564284
5 14  0.584952
5 15  0.610302
5 16  0.615166
5 17  0.403953
5 18  0.600299
5 19  0.599694
5 20  0.581057
5 21  0.592400
5 22  0.592764
6 7  0.585221
6 8  0.553885
6 9  0.586272
6 10  0.549824
6 11  0.554630
6 12  0.560317
6 13  0.559295
6 14  0.590917
6 15  0.547078
6 16  0.587037
6 17  0.590930
6 18  0.569490
6 19  0.516540
6 20  0.587574
6 21  0.562256
6 22  0.288231
7 8  0.610704
7 9  0.605743
7 10  0.579312
7 11  0.563078
7 12  0.566049
7 13  0.585232
7 14  0.609459
7 15  0.612937
7 16  0.383647
7 17  0.613284
7 18  0.548957
7 19  0.594702
7 20  0.610953
7 21  0.547562
7 22  0.587508
8 9  0.606015
8 10  0.562790
8 11  0.580007
8 12  0.585811
8 13  0.565813
8 14  0.613883
8 15  0.383759
8 16  0.613065
8 17  0.609244
8 18  0.595060
8 19  0.549224
8 20  0.611177
8 21  0.587772
8 22  0.547585
9 10  0.577130
9 11  0.577589
9 12  0.585508
9 13  0.585147
9 14  0.579873
9 15  0.611804
9 16  0.611708
9 17  0.579604
9 18  0.596261
9 19  0.596157
9 20  0.367305
9 21  0.588440
9 22  0.588408
10 11  0.548819
10 12  0.555248
10 13  0.261327
10 14  0.582155
10 15  0.561043
10 16  0.581110
10 17  0.559498
10 18  0.563914
10 19  0.559140
10 20  0.580815
10 21  0.556213
10 22  0.555595
11 12  0.262491
11 13  0.555329
11 14  0.560043
11 15  0.581646
11 16  0.561291
11 17  0.582163
11 18  0.559650
11 19  0.564250
11 20  0.581236
11 21  0.556064
11 22  0.556628
12 13  0.561144
12 14  0.570543
12 15  0.588053
12 16  0.568979
12 17  0.589401
12 18  0.564371
12 19  0.570528
12 20  0.585388
12 21  0.557641
12 22  0.563282
13 14  0.589432
13 15  0.568738
13 16  0.587563
13 17  0.569835
13 18  0.570275
13 19  0.563873
13 20  0.585017
13 21  0.562931
13 22  0.557237
14 15  0.616180
14 16  0.616183
14 17  0.593701
14 18  0.600673
14 19  0.600992
14 20  0.587461
14 21  0.592166
14 22  0.593202
15 16  0.614659
15 17  0.615859
15 18  0.597232
15 19  0.561555
15 20  0.608568
15 21  0.589962
15 22  0.558110
16 17  0.615690
16 18  0.561538
16 19  0.596997
16 20  0.608469
16 21  0.558058
16 22  0.589825
17 18  0.600715
17 19  0.600141
17 20  0.587167
17 21  0.592828
17 22  0.591726
18 19  0.579153
18 20  0.598026
18 21  0.523552
18 22  0.571994
19 20  0.597905
19 21  0.571896
19 22  0.523455
20 21  0.590171
20 22  0.590147
21 22  0.564739
