   -841.26688502
   -841.53306966
0.00000005866031
2 2 2 2 2 2 2 2 2 2 2 0 0 0 0 0 0 0 0 0 0 0 
1  0.288009
2  0.288280
3  0.312635
4  0.280762
5  0.312224
6  0.280570
7  0.306353
8  0.306600
9  0.308776
10  0.275582
11  0.276041
12  0.282294
13  0.281903
14  0.313178
15  0.308582
16  0.308480
17  0.312778
18  0.290268
19  0.290136
20  0.310427
21  0.283083
22  0.283056
1 2  0.576276
1 3  0.600340
1 4  0.568756
1 5  0.599530
1 6  0.520959
1 7  0.594355
1 8  0.558381
1 9  0.596289
1 10  0.557570
1 11  0.563997
1 12  0.570153
1 13  0.565076
1 14  0.600983
1 15  0.552124
1 16  0.596218
1 17  0.599985
1 18  0.578277
1 19  0.294236
1 20  0.597769
1 21  0.571029
1 22  0.518368
2 3  0.600219
2 4  0.521328
2 5  0.600206
2 6  0.568835
2 7  0.558343
2 8  0.594872
2 9  0.596554
2 10  0.563811
2 11  0.558263
2 12  0.565613
2 13  0.570035
2 14  0.600630
2 15  0.596584
2 16  0.552297
2 17  0.600855
2 18  0.294961
2 19  0.578416
2 20  0.598026
2 21  0.518367
2 22  0.571268
3 4  0.591459
3 5  0.593142
3 6  0.592268
3 7  0.615638
3 8  0.616296
3 9  0.588616
3 10  0.585693
3 11  0.567217
3 12  0.567307
3 13  0.590105
3 14  0.407378
3 15  0.617998
3 16  0.613015
3 17  0.587491
3 18  0.602215
3 19  0.602577
3 20  0.584209
3 21  0.595272
3 22  0.594826
4 5  0.592064
4 6  0.561320
4 7  0.555582
4 8  0.587341
4 9  0.588628
4 10  0.556210
4 11  0.552227
4 12  0.561711
4 13  0.561998
4 14  0.593548
4 15  0.589004
4 16  0.548805
4 17  0.592752
4 18  0.518223
4 19  0.570868
4 20  0.589964
4 21  0.289845
4 22  0.563813
5 6  0.590852
5 7  0.615656
5 8  0.615462
5 9  0.588274
5 10  0.566415
5 11  0.585725
5 12  0.590067
5 13  0.566787
5 14  0.587472
5 15  0.612658
5 16  0.617553
5 17  0.406634
5 18  0.602299
5 19  0.601687
5 20  0.583956
5 21  0.594464
5 22  0.594831
6 7  0.586903
6 8  0.555582
6 9  0.588431
6 10  0.551643
6 11  0.556475
6 12  0.562177
6 13  0.561184
6 14  0.592927
6 15  0.548785
6 16  0.588710
6 17  0.592952
6 18  0.570806
6 19  0.517952
6 20  0.589765
6 21  0.563650
6 22  0.289618
7 8  0.612662
7 9  0.608004
7 10  0.581439
7 11  0.565189
7 12  0.568270
7 13  0.587406
7 14  0.611776
7 15  0.614911
7 16  0.385720
7 17  0.615637
7 18  0.550608
7 19  0.596272
7 20  0.613339
7 21  0.549273
7 22  0.589171
8 9  0.608272
8 10  0.564909
8 11  0.582142
8 12  0.588010
8 13  0.568028
8 14  0.616234
8 15  0.385827
8 16  0.615054
8 17  0.611570
8 18  0.596643
8 19  0.550875
8 20  0.613578
8 21  0.589446
8 22  0.549303
9 10  0.579758
9 11  0.580218
9 12  0.588203
9 13  0.587835
9 14  0.582732
9 15  0.614175
9 16  0.614091
9 17  0.582452
9 18  0.598319
9 19  0.598208
9 20  0.369991
9 21  0.590632
9 22  0.590598
10 11  0.551107
10 12  0.557625
10 13  0.263517
10 14  0.584613
10 15  0.563206
10 16  0.583256
10 17  0.561933
10 18  0.565704
10 19  0.560939
10 20  0.583470
10 21  0.558013
10 22  0.557448
11 12  0.264691
11 13  0.557692
11 14  0.562475
11 15  0.583780
11 16  0.563461
11 17  0.584633
11 18  0.561457
11 19  0.566032
11 20  0.583895
11 21  0.557919
11 22  0.558427
12 13  0.563542
12 14  0.572865
12 15  0.590230
12 16  0.571174
12 17  0.591893
12 18  0.566202
12 19  0.572356
12 20  0.588069
12 21  0.559526
12 22  0.565186
13 14  0.591908
13 15  0.570912
13 16  0.589738
13 17  0.572147
13 18  0.572098
13 19  0.565683
13 20  0.587680
13 21  0.564822
13 22  0.559108
14 15  0.618433
14 16  0.618480
14 17  0.596194
14 18  0.602621
14 19  0.602927
14 20  0.590329
14 21  0.594152
14 22  0.595187
15 16  0.616607
15 17  0.618151
15 18  0.598844
15 19  0.563193
15 20  0.610820
15 21  0.591643
15 22  0.559784
16 17  0.617955
16 18  0.563194
16 19  0.598610
16 20  0.610717
16 21  0.559741
16 22  0.591513
17 18  0.602662
17 19  0.602085
17 20  0.590040
17 21  0.594820
17 22  0.593713
18 19  0.580392
18 20  0.600109
18 21  0.524966
18 22  0.573314
19 20  0.599982
19 21  0.573209
19 22  0.524859
20 21  0.592330
20 22  0.592308
21 22  0.566129
