   -993.88247477
   -994.18692034
0.00059049947400
2 2 2 2 2 2 2 2 2 2 2 2 2 0 0 0 0 0 0 0 0 0 0 0 0 0 
1  0.253409
2  0.260742
3  0.252463
4  0.271209
5  0.269180
6  0.268843
7  0.270642
8  0.275843
9  0.285560
10  0.260579
11  0.275644
12  0.278015
13  0.285813
14  0.259819
15  0.259556
16  0.270726
17  0.272080
18  0.271857
19  0.270172
20  0.289089
21  0.276100
22  0.278812
23  0.262813
24  0.275694
25  0.263582
26  0.289661
1 2  0.514041
1 3  0.505697
1 4  0.519189
1 5  0.518958
1 6  0.522239
1 7  0.524042
1 8  0.502298
1 9  0.538927
1 10  0.513912
1 11  0.527574
1 12  0.530830
1 13  0.519049
1 14  0.239189
1 15  0.511770
1 16  0.521277
1 17  0.524655
1 18  0.525264
1 19  0.523473
1 20  0.542176
1 21  0.527212
1 22  0.532116
1 23  0.516126
1 24  0.495688
1 25  0.516810
1 26  0.515218
2 3  0.513120
2 4  0.531924
2 5  0.529848
2 6  0.529564
2 7  0.531372
2 8  0.533638
2 9  0.546274
2 10  0.480079
2 11  0.535021
2 12  0.506130
2 13  0.546385
2 14  0.520469
2 15  0.520082
2 16  0.531430
2 17  0.532475
2 18  0.532555
2 19  0.530899
2 20  0.549539
2 21  0.536623
2 22  0.498197
2 23  0.253699
2 24  0.534596
2 25  0.476703
2 26  0.549626
3 4  0.523664
3 5  0.521630
3 6  0.517701
3 7  0.517714
3 8  0.526850
3 9  0.518104
3 10  0.512941
3 11  0.501188
3 12  0.529887
3 13  0.538238
3 14  0.511101
3 15  0.238667
3 16  0.523091
3 17  0.524542
3 18  0.523470
3 19  0.519826
3 20  0.513754
3 21  0.495201
3 22  0.531189
3 23  0.515120
3 24  0.526142
3 25  0.515958
3 26  0.541847
4 5  0.493516
4 6  0.540052
4 7  0.541851
4 8  0.544596
4 9  0.556761
4 10  0.531777
4 11  0.546801
4 12  0.549199
4 13  0.529900
4 14  0.526900
4 15  0.530636
4 16  0.261767
4 17  0.489055
4 18  0.543065
4 19  0.541371
4 20  0.560280
4 21  0.546934
4 22  0.549827
4 23  0.533991
4 24  0.546094
4 25  0.534787
4 26  0.524366
5 6  0.538022
5 7  0.539821
5 8  0.540806
5 9  0.554733
5 10  0.529736
5 11  0.544791
5 12  0.547028
5 13  0.527662
5 14  0.527916
5 15  0.528702
5 16  0.489661
5 17  0.261981
5 18  0.541032
5 19  0.539348
5 20  0.558268
5 21  0.545036
5 22  0.547375
5 23  0.531766
5 24  0.543476
5 25  0.532739
5 26  0.520219
6 7  0.492937
6 8  0.544654
6 9  0.526791
6 10  0.529371
6 11  0.540293
6 12  0.546700
6 13  0.554650
6 14  0.528636
6 15  0.527359
6 16  0.539564
6 17  0.540918
6 18  0.261289
6 19  0.488788
6 20  0.519575
6 21  0.543543
6 22  0.546944
6 23  0.531634
6 24  0.544263
6 25  0.532141
6 26  0.558504
7 8  0.546444
7 9  0.528845
7 10  0.531205
7 11  0.543820
7 12  0.548631
7 13  0.556448
7 14  0.530369
7 15  0.526073
7 16  0.541359
7 17  0.542721
7 18  0.488417
7 19  0.260738
7 20  0.523370
7 21  0.545927
7 22  0.549291
7 23  0.533453
7 24  0.546040
7 25  0.534186
7 26  0.560291
8 9  0.561028
8 10  0.535029
8 11  0.545249
8 12  0.545849
8 13  0.548562
8 14  0.501112
8 15  0.532610
8 16  0.545950
8 17  0.545821
8 18  0.547603
8 19  0.545638
8 20  0.564834
8 21  0.539319
8 22  0.541175
8 23  0.536640
8 24  0.314477
8 25  0.539214
8 26  0.544549
9 10  0.545940
9 11  0.548124
9 12  0.562658
9 13  0.571320
9 14  0.545170
9 15  0.518060
9 16  0.556274
9 17  0.557631
9 18  0.521289
9 19  0.518254
9 20  0.346729
9 21  0.540384
9 22  0.563275
9 23  0.548208
9 24  0.561172
9 25  0.548361
9 26  0.575107
10 11  0.533377
10 12  0.505867
10 13  0.546369
10 14  0.520178
10 15  0.520026
10 16  0.531294
10 17  0.532618
10 18  0.532123
10 19  0.530723
10 20  0.548908
10 21  0.534930
10 22  0.498369
10 23  0.476350
10 24  0.536033
10 25  0.253934
10 26  0.550014
11 12  0.545341
11 13  0.561073
11 14  0.533142
11 15  0.500623
11 16  0.545961
11 17  0.547610
11 18  0.545471
11 19  0.545230
11 20  0.543432
11 21  0.314316
11 22  0.541074
11 23  0.538221
11 24  0.539187
11 25  0.537091
11 26  0.565209
12 13  0.562925
12 14  0.537698
12 15  0.537443
12 16  0.548546
12 17  0.549411
12 18  0.549185
12 19  0.547969
12 20  0.566252
12 21  0.540337
12 22  0.336274
12 23  0.499063
12 24  0.540251
12 25  0.499525
12 26  0.566641
13 14  0.518542
13 15  0.545183
13 16  0.519135
13 17  0.522212
13 18  0.557660
13 19  0.555970
13 20  0.574742
13 21  0.561817
13 22  0.563644
13 23  0.547896
13 24  0.540039
13 25  0.549185
13 26  0.347074
14 15  0.519147
14 16  0.524536
14 17  0.527301
14 18  0.531667
14 19  0.529983
14 20  0.548857
14 21  0.534164
14 22  0.537620
14 23  0.522500
14 24  0.508072
14 25  0.523350
14 26  0.526876
15 16  0.530277
15 17  0.531624
15 18  0.526741
15 19  0.523976
15 20  0.526097
15 21  0.508182
15 22  0.537425
15 23  0.522312
15 24  0.533460
15 25  0.522999
15 26  0.549164
16 17  0.495792
16 18  0.542581
16 19  0.540897
16 20  0.559810
16 21  0.546779
16 22  0.549416
16 23  0.533491
16 24  0.542637
16 25  0.534284
16 26  0.533542
17 18  0.543936
17 19  0.542251
17 20  0.561162
17 21  0.548149
17 22  0.550637
17 23  0.534822
17 24  0.543302
17 25  0.535635
17 26  0.533341
18 19  0.494968
18 20  0.532722
18 21  0.543723
18 22  0.550402
18 23  0.534641
18 24  0.547514
18 25  0.535348
18 26  0.561512
19 20  0.532584
19 21  0.542480
19 22  0.548891
19 23  0.532961
19 24  0.545815
19 25  0.533697
19 26  0.559828
20 21  0.553278
20 22  0.566588
20 23  0.551859
20 24  0.564165
20 25  0.552430
20 26  0.578705
21 22  0.546336
21 23  0.536961
21 24  0.545452
21 25  0.536307
21 26  0.565195
22 23  0.509159
22 24  0.545650
22 25  0.509961
22 26  0.567169
23 24  0.535287
23 25  0.484365
23 26  0.552190
24 25  0.537283
24 26  0.553484
25 26  0.553186
