   -993.88247477
   -994.19031795
0.00020813278500
2 2 2 2 2 2 2 2 2 2 2 2 2 0 0 0 0 0 0 0 0 0 0 0 0 0 
1  0.259401
2  0.270567
3  0.258663
4  0.274902
5  0.272279
6  0.272276
7  0.274713
8  0.285991
9  0.290869
10  0.270558
11  0.286047
12  0.290909
13  0.291021
14  0.266155
15  0.265970
16  0.274669
17  0.275458
18  0.275442
19  0.274412
20  0.294281
21  0.286188
22  0.291355
23  0.273062
24  0.285849
25  0.273272
26  0.294578
1 2  0.529853
1 3  0.517835
1 4  0.528490
1 5  0.527530
1 6  0.531660
1 7  0.534093
1 8  0.518012
1 9  0.550236
1 10  0.529869
1 11  0.543744
1 12  0.549559
1 13  0.529863
1 14  0.249947
1 15  0.524035
1 16  0.531176
1 17  0.533869
1 18  0.534841
1 19  0.533615
1 20  0.553337
1 21  0.543363
1 22  0.550589
1 23  0.532372
1 24  0.511932
1 25  0.532411
1 26  0.525850
2 3  0.529137
2 4  0.545433
2 5  0.542764
2 6  0.542808
2 7  0.545264
2 8  0.553390
2 9  0.561380
2 10  0.496707
2 11  0.554986
2 12  0.527661
2 13  0.561379
2 14  0.536604
2 15  0.536233
2 16  0.545156
2 17  0.545671
2 18  0.545962
2 19  0.544973
2 20  0.564642
2 21  0.556418
2 22  0.519698
2 23  0.268441
2 24  0.554575
2 25  0.493719
2 26  0.564407
3 4  0.533545
3 5  0.530926
3 6  0.526823
3 7  0.527576
3 8  0.542955
3 9  0.529131
3 10  0.529110
3 11  0.517328
3 12  0.548800
3 13  0.549649
3 14  0.523583
3 15  0.249618
3 16  0.533136
3 17  0.534119
3 18  0.533109
3 19  0.530188
3 20  0.524993
3 21  0.511522
3 22  0.549854
3 23  0.531475
3 24  0.542383
3 25  0.531838
3 26  0.552900
4 5  0.500692
4 6  0.547168
4 7  0.549580
4 8  0.558140
4 9  0.565744
4 10  0.545443
4 11  0.560884
4 12  0.565779
4 13  0.538375
4 14  0.536851
4 15  0.540640
4 16  0.269551
4 17  0.496500
4 18  0.550291
4 19  0.549034
4 20  0.569154
4 21  0.560640
4 22  0.566102
4 23  0.547930
4 24  0.559853
4 25  0.548171
4 26  0.532892
5 6  0.544547
5 7  0.546982
5 8  0.553832
5 9  0.563129
5 10  0.542798
5 11  0.558293
5 12  0.563020
5 13  0.535620
5 14  0.537227
5 15  0.538224
5 16  0.497099
5 17  0.268482
5 18  0.547716
5 19  0.546584
5 20  0.566554
5 21  0.558201
5 22  0.562878
5 23  0.545050
5 24  0.556772
5 25  0.545512
5 26  0.528167
6 7  0.500573
6 8  0.558233
6 9  0.535332
6 10  0.542755
6 11  0.553851
6 12  0.563010
6 13  0.563276
6 14  0.538406
6 15  0.537057
6 16  0.546826
6 17  0.547729
6 18  0.268303
6 19  0.496769
6 20  0.527971
6 21  0.557061
6 22  0.562876
6 23  0.545290
6 24  0.557837
6 25  0.545240
6 26  0.566843
7 8  0.560639
7 9  0.538059
7 10  0.545236
7 11  0.557965
7 12  0.565589
7 13  0.565705
7 14  0.540668
7 15  0.536447
7 16  0.549085
7 17  0.550118
7 18  0.496379
7 19  0.269039
7 20  0.532416
7 21  0.560025
7 22  0.565907
7 23  0.547770
7 24  0.560120
7 25  0.547948
7 26  0.569265
8 9  0.576350
8 10  0.554862
8 11  0.564722
8 12  0.567934
8 13  0.563278
8 14  0.517422
8 15  0.549346
8 16  0.559961
8 17  0.559310
8 18  0.561300
8 19  0.559963
8 20  0.580129
8 21  0.558307
8 22  0.563191
8 23  0.557039
8 24  0.334134
8 25  0.558926
8 26  0.559049
9 10  0.561220
9 11  0.563207
9 12  0.580761
9 13  0.581832
9 14  0.556816
9 15  0.529591
9 16  0.565392
9 17  0.566326
9 18  0.530009
9 19  0.527658
9 20  0.357571
9 21  0.555353
9 22  0.581227
9 23  0.563767
9 24  0.576632
9 25  0.563392
9 26  0.585253
10 11  0.553455
10 12  0.527665
10 13  0.561522
10 14  0.536412
10 15  0.536416
10 16  0.545219
10 17  0.545959
10 18  0.545665
10 19  0.544894
10 20  0.564124
10 21  0.554946
10 22  0.519459
10 23  0.493878
10 24  0.556074
10 25  0.268520
10 26  0.564938
11 12  0.567945
11 13  0.576537
11 14  0.549632
11 15  0.517354
11 16  0.560280
11 17  0.561365
11 18  0.559383
11 19  0.559759
11 20  0.558674
11 21  0.334191
11 22  0.563486
11 23  0.558772
11 24  0.558053
11 25  0.557212
11 26  0.580498
12 13  0.580945
12 14  0.556865
12 15  0.556666
12 16  0.565312
12 17  0.565542
12 18  0.565516
12 19  0.565053
12 20  0.584263
12 21  0.562688
12 22  0.354483
12 23  0.520625
12 24  0.562642
12 25  0.521172
12 26  0.584541
13 14  0.529916
13 15  0.556741
13 16  0.528015
13 17  0.530524
13 18  0.566462
13 19  0.565294
13 20  0.585138
13 21  0.577114
13 22  0.581375
13 23  0.563390
13 24  0.554982
13 25  0.564130
13 26  0.358025
14 15  0.531757
14 16  0.534521
14 17  0.536538
14 18  0.541587
14 19  0.540552
14 20  0.560362
14 21  0.550458
14 22  0.556203
14 23  0.539086
14 24  0.524034
14 25  0.539382
14 26  0.537753
15 16  0.540625
15 17  0.541418
15 18  0.536343
15 19  0.534179
15 20  0.537356
15 21  0.524059
15 22  0.556060
15 23  0.538986
15 24  0.549884
15 25  0.539098
15 26  0.560476
16 17  0.503415
16 18  0.550098
16 19  0.549009
16 20  0.568922
16 21  0.560785
16 22  0.565919
16 23  0.547660
16 24  0.556203
16 25  0.547918
16 26  0.542262
17 18  0.550893
17 19  0.549857
17 20  0.569726
17 21  0.561598
17 22  0.566526
17 23  0.548418
17 24  0.556547
17 25  0.548695
17 26  0.541339
18 19  0.503118
18 20  0.541099
18 21  0.556914
18 22  0.566515
18 23  0.548464
18 24  0.561242
18 25  0.548609
18 26  0.570007
19 20  0.541769
19 21  0.556320
19 22  0.565661
19 23  0.547450
19 24  0.560190
19 25  0.547612
19 26  0.568960
20 21  0.568005
20 22  0.584283
20 23  0.567255
20 24  0.579361
20 25  0.567282
20 26  0.588800
21 22  0.568104
21 23  0.556852
21 24  0.564642
21 25  0.555850
21 26  0.580031
22 23  0.530852
22 24  0.567610
22 25  0.531098
22 26  0.584581
23 24  0.555402
23 25  0.501208
23 26  0.567386
24 25  0.556818
24 26  0.567974
25 26  0.567771
