   -993.88247477
   -994.19209800
0.00010446495200
2 2 2 2 2 2 2 2 2 2 2 2 2 0 0 0 0 0 0 0 0 0 0 0 0 0 
1  0.263048
2  0.276005
3  0.262329
4  0.277304
5  0.274446
6  0.274336
7  0.277074
8  0.293287
9  0.294040
10  0.276164
11  0.293637
12  0.297796
13  0.294169
14  0.270122
15  0.269782
16  0.277010
17  0.277583
18  0.277573
19  0.276786
20  0.297313
21  0.293422
22  0.298296
23  0.278486
24  0.293310
25  0.279018
26  0.297683
1 2  0.538929
1 3  0.525055
1 4  0.534215
1 5  0.533125
1 6  0.537356
1 7  0.540084
1 8  0.528850
1 9  0.557037
1 10  0.539106
1 11  0.554724
1 12  0.559970
1 13  0.536523
1 14  0.256878
1 15  0.531347
1 16  0.537090
1 17  0.539576
1 18  0.540618
1 19  0.539611
1 20  0.559989
1 21  0.554113
1 22  0.561142
1 23  0.541423
1 24  0.523151
1 25  0.541771
1 26  0.532656
2 3  0.538227
2 4  0.553270
2 5  0.550343
2 6  0.550292
2 7  0.553063
2 8  0.565916
2 9  0.569980
2 10  0.506412
2 11  0.567782
2 12  0.539557
2 13  0.569947
2 14  0.545999
2 15  0.545439
2 16  0.552938
2 17  0.553200
2 18  0.553530
2 19  0.552784
2 20  0.573100
2 21  0.569005
2 22  0.531370
2 23  0.277961
2 24  0.567415
2 25  0.503404
2 26  0.572954
3 4  0.539596
3 5  0.536747
3 6  0.532340
3 7  0.533311
3 8  0.553675
3 9  0.535760
3 10  0.538372
3 11  0.528546
3 12  0.559230
3 13  0.556446
3 14  0.530951
3 15  0.256441
3 16  0.539115
3 17  0.539910
3 18  0.538839
3 19  0.536130
3 20  0.531757
3 21  0.522536
3 22  0.560421
3 23  0.540525
3 24  0.553314
3 25  0.541235
3 26  0.559676
4 5  0.505425
4 6  0.551596
4 7  0.554235
4 8  0.567623
4 9  0.571267
4 10  0.553453
4 11  0.570870
4 12  0.575061
4 13  0.543857
4 14  0.543103
4 15  0.546810
4 16  0.273983
4 17  0.501249
4 18  0.554819
4 19  0.553905
4 20  0.574588
4 21  0.570199
4 22  0.575427
4 23  0.555749
4 24  0.569670
4 25  0.556315
4 26  0.538432
5 6  0.548760
5 7  0.551474
5 8  0.562972
5 9  0.568434
5 10  0.550559
5 11  0.568040
5 12  0.572047
5 13  0.540782
5 14  0.543297
5 15  0.544183
5 16  0.501819
5 17  0.272546
5 18  0.552015
5 19  0.551163
5 20  0.571747
5 21  0.567564
5 22  0.571901
5 23  0.552605
5 24  0.566342
5 25  0.553427
5 26  0.533444
6 7  0.505130
6 8  0.567580
6 9  0.540477
6 10  0.550396
6 11  0.563221
6 12  0.571938
6 13  0.568452
6 14  0.544414
6 15  0.542864
6 16  0.551277
6 17  0.551917
6 18  0.272278
6 19  0.501410
6 20  0.533060
6 21  0.566324
6 22  0.571796
6 23  0.552781
6 24  0.567342
6 25  0.553009
6 26  0.572005
7 8  0.570288
7 9  0.543550
7 10  0.553199
7 11  0.567694
7 12  0.574830
7 13  0.571163
7 14  0.546929
7 15  0.542550
7 16  0.553890
7 17  0.554599
7 18  0.501090
7 19  0.273478
7 20  0.537809
7 21  0.569562
7 22  0.575191
7 23  0.555552
7 24  0.569850
7 25  0.556047
7 26  0.574731
8 9  0.586719
8 10  0.567551
8 11  0.578437
8 12  0.581601
8 13  0.573513
8 14  0.528810
8 15  0.560322
8 16  0.569540
8 17  0.568714
8 18  0.570696
8 19  0.569579
8 20  0.590436
8 21  0.571945
8 22  0.577060
8 23  0.569691
8 24  0.347663
8 25  0.571878
8 26  0.569392
9 10  0.569977
9 11  0.573768
9 12  0.590682
9 13  0.588145
9 14  0.563945
9 15  0.536544
9 16  0.570950
9 17  0.571615
9 18  0.535303
9 19  0.533225
9 20  0.363656
9 21  0.565704
9 22  0.591341
9 23  0.572347
9 24  0.587227
9 25  0.572295
9 26  0.591465
10 11  0.566416
10 12  0.539683
10 13  0.570267
10 14  0.545948
10 15  0.545812
10 16  0.553168
10 17  0.553700
10 18  0.553353
10 19  0.552875
10 20  0.572748
10 21  0.567710
10 22  0.531271
10 23  0.503488
10 24  0.569051
10 25  0.278240
10 26  0.573627
11 12  0.581817
11 13  0.587178
11 14  0.561060
11 15  0.528911
11 16  0.570128
11 17  0.571047
11 18  0.569070
11 19  0.569665
11 20  0.569284
11 21  0.347749
11 22  0.577507
11 23  0.571679
11 24  0.571985
11 25  0.570480
11 26  0.591163
12 13  0.590828
12 14  0.567654
12 15  0.567315
12 16  0.574520
12 17  0.574533
12 18  0.574508
12 19  0.574298
12 20  0.594176
12 21  0.576478
12 22  0.366945
12 23  0.532337
12 24  0.576619
12 25  0.532904
12 26  0.594568
13 14  0.537112
13 15  0.563704
13 16  0.533482
13 17  0.535721
13 18  0.571735
13 19  0.570852
13 20  0.591224
13 21  0.587472
13 22  0.591447
13 23  0.571921
13 24  0.565590
13 25  0.573015
13 26  0.364213
14 15  0.539472
14 16  0.540596
14 17  0.542441
14 18  0.547679
14 19  0.546891
14 20  0.567340
14 21  0.561302
14 22  0.566972
14 23  0.548455
14 24  0.535273
14 25  0.549079
14 26  0.544620
15 16  0.546776
15 17  0.547350
15 18  0.542084
15 19  0.540105
15 20  0.544057
15 21  0.534961
15 22  0.566662
15 23  0.548208
15 24  0.560830
15 25  0.548641
15 26  0.567372
16 17  0.508039
16 18  0.554554
16 19  0.553583
16 20  0.574267
16 21  0.570351
16 22  0.575189
16 23  0.555417
16 24  0.565730
16 25  0.556003
16 26  0.547725
17 18  0.555145
17 19  0.554340
17 20  0.574870
17 21  0.570949
17 22  0.575562
17 23  0.555939
17 24  0.565853
17 25  0.556542
17 26  0.546470
18 19  0.507782
18 20  0.546123
18 21  0.566000
18 22  0.575555
18 23  0.555998
18 24  0.570825
18 25  0.556456
18 26  0.575230
19 20  0.547115
19 21  0.565641
19 22  0.574965
19 23  0.555246
19 24  0.570015
19 25  0.555722
19 26  0.574413
20 21  0.578117
20 22  0.594074
20 23  0.575704
20 24  0.589698
20 25  0.576043
20 26  0.594932
21 22  0.581716
21 23  0.569309
21 24  0.578365
21 25  0.568634
21 26  0.590195
22 23  0.542864
22 24  0.581522
22 25  0.543254
22 26  0.594416
23 24  0.568050
23 25  0.511075
23 26  0.575888
24 25  0.569804
24 26  0.578316
25 26  0.576611
