   -993.88247477
   -994.19325373
0.00000230502761
2 2 2 2 2 2 2 2 2 2 2 2 2 0 0 0 0 0 0 0 0 0 0 0 0 0 
1  0.266078
2  0.280816
3  0.265376
4  0.278912
5  0.275762
6  0.275664
7  0.278686
8  0.298817
9  0.296450
10  0.281181
11  0.299180
12  0.302888
13  0.296557
14  0.273320
15  0.273043
16  0.278723
17  0.278973
18  0.278942
19  0.278499
20  0.299697
21  0.298797
22  0.303150
23  0.283557
24  0.298669
25  0.283946
26  0.300062
1 2  0.546758
1 3  0.531038
1 4  0.538793
1 5  0.537399
1 6  0.541691
1 7  0.544712
1 8  0.537277
1 9  0.562450
1 10  0.547132
1 11  0.562920
1 12  0.567976
1 13  0.541969
1 14  0.262772
1 15  0.537316
1 16  0.541846
1 17  0.543967
1 18  0.545015
1 19  0.544322
1 20  0.565365
1 21  0.562492
1 22  0.568985
1 23  0.549511
1 24  0.531601
1 25  0.549682
1 26  0.538189
2 3  0.546066
2 4  0.559684
2 5  0.556451
2 6  0.556411
2 7  0.559486
2 8  0.576100
2 9  0.577180
2 10  0.514277
2 11  0.577949
2 12  0.549345
2 13  0.577126
2 14  0.553994
2 15  0.553457
2 16  0.559460
2 17  0.559389
2 18  0.559700
2 19  0.559307
2 20  0.580283
2 21  0.579132
2 22  0.540763
2 23  0.286771
2 24  0.577549
2 25  0.511520
2 26  0.580160
3 4  0.544235
3 5  0.541088
3 6  0.536645
3 7  0.537912
3 8  0.561859
3 9  0.541229
3 10  0.546422
3 11  0.536984
3 12  0.567263
3 13  0.561855
3 14  0.536946
3 15  0.262376
3 16  0.543841
3 17  0.544343
3 18  0.543237
3 19  0.540897
3 20  0.537308
3 21  0.531006
3 22  0.568284
3 23  0.548589
3 24  0.561711
3 25  0.549196
3 26  0.565040
4 5  0.508500
4 6  0.554508
4 7  0.557326
4 8  0.574668
4 9  0.575226
4 10  0.560076
4 11  0.577999
4 12  0.581755
4 13  0.547993
4 14  0.547921
4 15  0.551645
4 16  0.277420
4 17  0.504452
4 18  0.557761
4 19  0.557150
4 20  0.578562
4 21  0.577141
4 22  0.581880
4 23  0.562426
4 24  0.576605
4 25  0.562847
4 26  0.542547
5 6  0.551385
5 7  0.554380
5 8  0.569686
5 9  0.572125
5 10  0.556873
5 11  0.574896
5 12  0.578431
5 13  0.544520
5 14  0.547789
5 15  0.548745
5 16  0.505046
5 17  0.275297
5 18  0.554700
5 19  0.554162
5 20  0.575439
5 21  0.574242
5 22  0.578061
5 23  0.558971
5 24  0.573012
5 25  0.559663
5 26  0.537262
6 7  0.508215
6 8  0.574433
6 9  0.544251
6 10  0.556718
6 11  0.569953
6 12  0.578334
6 13  0.572132
6 14  0.548927
6 15  0.547424
6 16  0.554290
6 17  0.554633
6 18  0.275030
6 19  0.504651
6 20  0.536891
6 21  0.573020
6 22  0.577953
6 23  0.559171
6 24  0.574016
6 25  0.559246
6 26  0.575702
7 8  0.577411
7 9  0.547721
7 10  0.559821
7 11  0.574757
7 12  0.581529
7 13  0.575107
7 14  0.551702
7 15  0.547441
7 16  0.557148
7 17  0.557569
7 18  0.504267
7 19  0.276920
7 20  0.541925
7 21  0.576514
7 22  0.581649
7 23  0.562231
7 24  0.576790
7 25  0.562586
7 26  0.578706
8 9  0.594470
8 10  0.577925
8 11  0.588493
8 12  0.591746
8 13  0.581367
8 14  0.537561
8 15  0.569081
8 16  0.576739
8 17  0.575628
8 18  0.577582
8 19  0.576779
8 20  0.598309
8 21  0.582163
8 22  0.587270
8 23  0.580252
8 24  0.358352
8 25  0.582266
8 26  0.577306
9 10  0.577383
9 11  0.581640
9 12  0.598036
9 13  0.592928
9 14  0.569500
9 15  0.542346
9 16  0.575054
9 17  0.575408
9 18  0.539164
9 19  0.537469
9 20  0.368907
9 21  0.573528
9 22  0.598603
9 23  0.579811
9 24  0.594959
9 25  0.579651
9 26  0.596149
10 11  0.576808
10 12  0.549641
10 13  0.577650
10 14  0.554112
10 15  0.554076
10 16  0.559894
10 17  0.560093
10 18  0.559722
10 19  0.559602
10 20  0.580154
10 21  0.578062
10 22  0.540721
10 23  0.511807
10 24  0.579365
10 25  0.287073
10 26  0.581008
11 12  0.592039
11 13  0.594920
11 14  0.569773
11 15  0.537716
11 16  0.577343
11 17  0.577967
11 18  0.575975
11 19  0.576883
11 20  0.577220
11 21  0.358434
11 22  0.587693
11 23  0.582227
11 24  0.582283
11 25  0.580916
11 26  0.599046
12 13  0.598144
12 14  0.575895
12 15  0.575618
12 16  0.581318
12 17  0.580984
12 18  0.580949
12 19  0.581102
12 20  0.601660
12 21  0.586762
12 22  0.376209
12 23  0.542029
12 24  0.586843
12 25  0.542586
12 26  0.602025
13 14  0.542829
13 15  0.569320
13 16  0.537697
13 17  0.539574
13 18  0.575486
13 19  0.574933
13 20  0.595885
13 21  0.595192
13 22  0.598712
13 23  0.579388
13 24  0.573393
13 25  0.580316
13 26  0.369440
14 15  0.545787
14 16  0.545466
14 17  0.546981
14 18  0.552233
14 19  0.551798
14 20  0.572893
14 21  0.569483
14 22  0.574881
14 23  0.556709
14 24  0.543669
14 25  0.557189
14 26  0.550205
15 16  0.551745
15 17  0.551986
15 18  0.546668
15 19  0.545038
15 20  0.549722
15 21  0.543415
15 22  0.574620
15 23  0.556522
15 24  0.569060
15 25  0.556816
15 26  0.572983
16 17  0.511321
16 18  0.557618
16 19  0.556837
16 20  0.578320
16 21  0.577420
16 22  0.581748
16 23  0.562189
16 24  0.572675
16 25  0.562642
16 26  0.551975
17 18  0.557889
17 19  0.557424
17 20  0.578626
17 21  0.577702
17 22  0.581770
17 23  0.562375
17 24  0.572458
17 25  0.562839
17 26  0.550261
18 19  0.511046
18 20  0.549896
18 21  0.572604
18 22  0.581742
18 23  0.562417
18 24  0.577542
18 25  0.562733
18 26  0.578960
19 20  0.551364
19 21  0.572598
19 22  0.581525
19 23  0.562028
19 24  0.577067
19 25  0.562354
19 26  0.578461
20 21  0.585819
20 22  0.601127
20 23  0.583131
20 24  0.597209
20 25  0.583335
20 26  0.599675
21 22  0.591516
21 23  0.579565
21 24  0.588184
21 25  0.578792
21 26  0.597706
22 23  0.552678
22 24  0.591352
22 25  0.552922
22 26  0.601484
23 24  0.578311
23 25  0.519106
23 26  0.583319
24 25  0.579877
24 26  0.585996
25 26  0.583891
