   -993.89640347
   -994.20549824
0.00017889226000
2 2 2 2 2 2 2 2 2 2 2 2 2 0 0 0 0 0 0 0 0 0 0 0 0 0 
1  0.264106
2  0.255579
3  0.256061
4  0.271406
5  0.272753
6  0.288262
7  0.277858
8  0.280163
9  0.295556
10  0.287743
11  0.296784
12  0.291154
13  0.307381
14  0.270850
15  0.261043
16  0.261463
17  0.273876
18  0.275734
19  0.295832
20  0.297193
21  0.308498
22  0.290793
23  0.292094
24  0.279929
25  0.289784
26  0.283221
1 2  0.518962
1 3  0.518192
1 4  0.535425
1 5  0.536512
1 6  0.530450
1 7  0.541942
1 8  0.544242
1 9  0.539708
1 10  0.549450
1 11  0.558473
1 12  0.550143
1 13  0.571346
1 14  0.250547
1 15  0.523406
1 16  0.525276
1 17  0.537480
1 18  0.538231
1 19  0.534373
1 20  0.559040
1 21  0.572440
1 22  0.528336
1 23  0.553582
1 24  0.543934
1 25  0.550824
1 26  0.547296
2 3  0.511631
2 4  0.526978
2 5  0.528326
2 6  0.543495
2 7  0.529114
2 8  0.533174
2 9  0.546350
2 10  0.538627
2 11  0.552345
2 12  0.534754
2 13  0.544297
2 14  0.524688
2 15  0.233260
2 16  0.516898
2 17  0.529453
2 18  0.531259
2 19  0.544829
2 20  0.552533
2 21  0.539396
2 22  0.546173
2 23  0.540302
2 24  0.531937
2 25  0.537400
2 26  0.537718
3 4  0.522359
3 5  0.525724
3 6  0.520604
3 7  0.533911
3 8  0.536214
3 9  0.549852
3 10  0.543093
3 11  0.532298
3 12  0.546794
3 13  0.563399
3 14  0.526548
3 15  0.516908
3 16  0.244839
3 17  0.526785
3 18  0.530782
3 19  0.551217
3 20  0.525914
3 21  0.564145
3 22  0.516708
3 23  0.546761
3 24  0.535960
3 25  0.544622
3 26  0.539173
4 5  0.497464
4 6  0.557076
4 7  0.549264
4 8  0.551568
4 9  0.566867
4 10  0.559088
4 11  0.540966
4 12  0.562491
4 13  0.578784
4 14  0.541865
4 15  0.532449
4 16  0.529182
4 17  0.264582
4 18  0.494853
4 19  0.566905
4 20  0.531931
4 21  0.579875
4 22  0.561669
4 23  0.563423
4 24  0.551326
4 25  0.560977
4 26  0.554612
5 6  0.557213
5 7  0.550610
5 8  0.552916
5 9  0.568255
5 10  0.560435
5 11  0.540131
5 12  0.563813
5 13  0.580132
5 14  0.542358
5 15  0.533780
5 16  0.533033
5 17  0.494768
5 18  0.268016
5 19  0.568280
5 20  0.530955
5 21  0.581249
5 22  0.562039
5 23  0.564842
5 24  0.552678
5 25  0.562454
5 26  0.555970
6 7  0.566105
6 8  0.568390
6 9  0.578786
6 10  0.572703
6 11  0.572515
6 12  0.574056
6 13  0.595375
6 14  0.533523
6 15  0.549218
6 16  0.520320
6 17  0.561685
6 18  0.562021
6 19  0.574042
6 20  0.564825
6 21  0.596532
6 22  0.346587
6 23  0.578353
6 24  0.568068
6 25  0.574945
6 26  0.571306
7 8  0.509384
7 9  0.573076
7 10  0.564179
7 11  0.574637
7 12  0.568885
7 13  0.552084
7 14  0.548440
7 15  0.534851
7 16  0.539294
7 17  0.551725
7 18  0.553587
7 19  0.573468
7 20  0.575051
7 21  0.544853
7 22  0.568423
7 23  0.569503
7 24  0.279479
7 25  0.567413
7 26  0.506331
8 9  0.575408
8 10  0.565822
8 11  0.576942
8 12  0.571168
8 13  0.551834
8 14  0.550928
8 15  0.539823
8 16  0.541520
8 17  0.554028
8 18  0.555896
8 19  0.575831
8 20  0.577342
8 21  0.543563
8 22  0.570691
8 23  0.571858
8 24  0.506555
8 25  0.568135
8 26  0.281655
9 10  0.554617
9 11  0.592088
9 12  0.557466
9 13  0.602149
9 14  0.538401
9 15  0.550723
9 16  0.556005
9 17  0.569067
9 18  0.571048
9 19  0.380755
9 20  0.592620
9 21  0.600763
9 22  0.575630
9 23  0.551959
9 24  0.575394
9 25  0.550955
9 26  0.578523
10 11  0.584458
10 12  0.545993
10 13  0.587462
10 14  0.555387
10 15  0.541327
10 16  0.548158
10 17  0.561494
10 18  0.563471
10 19  0.547424
10 20  0.584728
10 21  0.584443
10 22  0.575994
10 23  0.541857
10 24  0.567353
10 25  0.360147
10 26  0.568829
11 12  0.587734
11 13  0.604160
11 14  0.565101
11 15  0.557637
11 16  0.529972
11 17  0.533122
11 18  0.533799
11 19  0.592491
11 20  0.360101
11 21  0.605166
11 22  0.566841
11 23  0.588309
11 24  0.576712
11 25  0.586441
11 26  0.579991
12 13  0.596133
12 14  0.559011
12 15  0.543878
12 16  0.551431
12 17  0.564973
12 18  0.566852
12 19  0.551073
12 20  0.587741
12 21  0.597937
12 22  0.580394
12 23  0.342003
12 24  0.570621
12 25  0.542355
12 26  0.574041
13 14  0.578071
13 15  0.543887
13 16  0.568508
13 17  0.581245
13 18  0.583110
13 19  0.600082
13 20  0.604426
13 21  0.375259
13 22  0.598011
13 23  0.598261
13 24  0.544129
13 25  0.584048
13 26  0.545843
14 15  0.530928
14 16  0.529498
14 17  0.544540
14 18  0.546065
14 19  0.545570
14 20  0.565384
14 21  0.579096
14 22  0.537904
14 23  0.558040
14 24  0.550763
14 25  0.557387
14 26  0.554040
15 16  0.522488
15 17  0.534913
15 18  0.536773
15 19  0.551724
15 20  0.558229
15 21  0.549105
15 22  0.551390
15 23  0.540020
15 24  0.536324
15 25  0.545042
15 26  0.540706
16 17  0.529634
16 18  0.532675
16 19  0.555488
16 20  0.536938
16 21  0.569911
16 22  0.527266
16 23  0.552758
16 24  0.541386
16 25  0.550554
16 26  0.544676
17 18  0.502481
17 19  0.569632
17 20  0.543661
17 21  0.582372
17 22  0.561049
17 23  0.565869
17 24  0.553804
17 25  0.563603
17 26  0.557097
18 19  0.571530
18 20  0.543067
18 21  0.584231
18 22  0.562352
18 23  0.567753
18 24  0.555661
18 25  0.565478
18 26  0.558954
19 20  0.592630
19 21  0.603431
19 22  0.582243
19 23  0.557736
19 24  0.575522
19 25  0.558318
19 26  0.578784
20 21  0.605685
20 22  0.576108
20 23  0.589131
20 24  0.577116
20 25  0.586900
20 26  0.580408
21 22  0.598961
21 23  0.597921
21 24  0.555680
21 25  0.590187
21 26  0.555885
22 23  0.576349
22 24  0.570703
22 25  0.577244
22 26  0.573965
23 24  0.571942
23 25  0.549444
23 26  0.575116
24 25  0.567340
24 26  0.513958
25 26  0.570352
