   -993.89640347
   -994.20860482
0.00006747176480
2 2 2 2 2 2 2 2 2 2 2 2 2 0 0 0 0 0 0 0 0 0 0 0 0 0 
1  0.271722
2  0.263758
3  0.263173
4  0.274796
5  0.276039
6  0.297721
7  0.280908
8  0.283097
9  0.304922
10  0.296972
11  0.302793
12  0.300749
13  0.313092
14  0.278844
15  0.269659
16  0.268626
17  0.277399
18  0.279229
19  0.304232
20  0.302697
21  0.314427
22  0.300050
23  0.301712
24  0.283333
25  0.299070
26  0.286570
1 2  0.534496
1 3  0.532600
1 4  0.546387
1 5  0.547351
1 6  0.547108
1 7  0.552602
1 8  0.554795
1 9  0.555449
1 10  0.565835
1 11  0.571917
1 12  0.567232
1 13  0.584592
1 14  0.264283
1 15  0.539642
1 16  0.539958
1 17  0.548515
1 18  0.549197
1 19  0.549467
1 20  0.572233
1 21  0.585983
1 22  0.545129
1 23  0.570815
1 24  0.554860
1 25  0.567442
1 26  0.558188
2 3  0.526920
2 4  0.538545
2 5  0.539789
2 6  0.561064
2 7  0.539857
2 8  0.544035
2 9  0.563635
2 10  0.555682
2 11  0.566537
2 12  0.550759
2 13  0.557483
2 14  0.540661
2 15  0.247052
2 16  0.532273
2 17  0.541155
2 18  0.542930
2 19  0.561416
2 20  0.566214
2 21  0.553064
2 22  0.563582
2 23  0.557436
2 24  0.543346
2 25  0.554884
2 26  0.549134
3 4  0.532338
3 5  0.535558
3 6  0.536616
3 7  0.544068
3 8  0.546256
3 9  0.566234
3 10  0.559421
3 11  0.544884
3 12  0.563284
3 13  0.576211
3 14  0.541568
3 15  0.532600
3 16  0.256763
3 17  0.537366
3 18  0.541210
3 19  0.566724
3 20  0.538006
3 21  0.577167
3 22  0.532870
3 23  0.563287
3 24  0.546475
3 25  0.560929
3 26  0.549603
4 5  0.504548
4 6  0.569512
4 7  0.555703
4 8  0.557893
4 9  0.579602
4 10  0.571670
4 11  0.549983
4 12  0.575405
4 13  0.587883
4 14  0.553298
4 15  0.544453
4 16  0.539604
4 17  0.271711
4 18  0.502134
4 19  0.578654
4 20  0.540709
4 21  0.589175
4 22  0.574238
4 23  0.576337
4 24  0.558113
4 25  0.573547
4 26  0.561333
5 6  0.569539
5 7  0.556944
5 8  0.559134
5 9  0.580904
5 10  0.572919
5 11  0.548970
5 12  0.576649
5 13  0.589127
5 14  0.553323
5 15  0.545660
5 16  0.543357
5 17  0.501959
5 18  0.275056
5 19  0.579966
5 20  0.539672
5 21  0.590465
5 22  0.574534
5 23  0.577744
5 24  0.559360
5 25  0.575013
5 26  0.562596
6 7  0.578608
6 8  0.580765
6 9  0.597252
6 10  0.591098
6 11  0.587150
6 12  0.592022
6 13  0.610477
6 14  0.550854
6 15  0.567261
6 16  0.536718
6 17  0.574533
6 18  0.574907
6 19  0.591832
6 20  0.579172
6 21  0.611871
6 22  0.365002
6 23  0.597029
6 24  0.580874
6 25  0.593525
6 26  0.583950
7 8  0.515797
7 9  0.585413
7 10  0.576195
7 11  0.583695
7 12  0.581511
7 13  0.560666
7 14  0.559413
7 15  0.546405
7 16  0.549514
7 17  0.558294
7 18  0.560127
7 19  0.584886
7 20  0.583600
7 21  0.553888
7 22  0.580725
7 23  0.582097
7 24  0.286086
7 25  0.579686
7 26  0.513144
8 9  0.587643
8 10  0.577660
8 11  0.585884
8 12  0.583681
8 13  0.560136
8 14  0.561737
8 15  0.551298
8 16  0.551582
8 17  0.560472
8 18  0.562319
8 19  0.587172
8 20  0.585785
8 21  0.552526
8 22  0.582745
8 23  0.584363
8 24  0.513323
8 25  0.580381
8 26  0.288207
9 10  0.571947
9 11  0.607397
9 12  0.576100
9 13  0.617112
9 14  0.555323
9 15  0.568495
9 16  0.572516
9 17  0.581914
9 18  0.583835
9 19  0.398256
9 20  0.607481
9 21  0.615978
9 22  0.593975
9 23  0.570573
9 24  0.588082
9 25  0.567659
9 26  0.591254
10 11  0.599686
10 12  0.564566
10 13  0.601494
10 14  0.572379
10 15  0.559189
10 16  0.564323
10 17  0.574173
10 18  0.576184
10 19  0.564034
10 20  0.599435
10 21  0.599227
10 22  0.594368
10 23  0.560338
10 24  0.579871
10 25  0.378134
10 26  0.581376
11 12  0.603349
11 13  0.615882
11 14  0.579066
11 15  0.572106
11 16  0.542743
11 17  0.542374
11 18  0.542976
11 19  0.606859
11 20  0.371964
11 21  0.617069
11 22  0.581396
11 23  0.603849
11 24  0.586125
11 25  0.601724
11 26  0.589353
12 13  0.611251
12 14  0.576521
12 15  0.561119
12 16  0.568198
12 17  0.578089
12 18  0.579912
12 19  0.569037
12 20  0.602701
12 21  0.613258
12 22  0.598908
12 23  0.359194
12 24  0.583576
12 25  0.561163
12 26  0.586922
13 14  0.591742
13 15  0.558034
13 16  0.581313
13 17  0.590468
13 18  0.592317
13 19  0.614230
13 20  0.615611
13 21  0.387199
13 22  0.612966
13 23  0.613455
13 24  0.553171
13 25  0.598856
13 26  0.554627
14 15  0.547210
14 16  0.544286
14 17  0.555996
14 18  0.557451
14 19  0.560723
14 20  0.578640
14 21  0.592961
14 22  0.554561
14 23  0.575254
14 24  0.562150
14 25  0.574422
14 26  0.565380
15 16  0.538269
15 17  0.547048
15 18  0.548881
15 19  0.568279
15 20  0.572343
15 21  0.562862
15 22  0.569080
15 23  0.556359
15 24  0.547980
15 25  0.562633
15 26  0.552411
16 17  0.539799
16 18  0.543009
16 19  0.570890
16 20  0.548996
16 21  0.582972
16 22  0.543089
16 23  0.569383
16 24  0.551948
16 25  0.566810
16 26  0.555177
17 18  0.509733
17 19  0.581550
17 20  0.552491
17 21  0.591822
17 22  0.573360
17 23  0.578983
17 24  0.560731
17 25  0.576392
17 26  0.563968
18 19  0.583423
18 20  0.551700
18 21  0.593654
18 22  0.574573
18 23  0.580836
18 24  0.562559
18 25  0.578237
18 26  0.565797
19 20  0.606483
19 21  0.617592
19 22  0.599578
19 23  0.575677
19 24  0.587205
19 25  0.575021
19 26  0.590443
20 21  0.617117
20 22  0.590178
20 23  0.604221
20 24  0.586024
20 25  0.601654
20 26  0.589262
21 22  0.614065
21 23  0.613232
21 24  0.564963
21 25  0.604495
21 26  0.564913
22 23  0.594141
22 24  0.583359
22 25  0.595463
22 26  0.586560
23 24  0.584928
23 25  0.567839
23 26  0.588064
24 25  0.579579
24 26  0.521074
25 26  0.582600
