   -993.89640347
   -994.20986997
0.00001556490450
2 2 2 2 2 2 2 2 2 2 2 2 2 0 0 0 0 0 0 0 0 0 0 0 0 0 
1  0.275710
2  0.267383
3  0.266440
4  0.276561
5  0.277959
6  0.302471
7  0.282640
8  0.285027
9  0.309666
10  0.301921
11  0.305556
12  0.305475
13  0.316132
14  0.283203
15  0.273522
16  0.272066
17  0.279145
18  0.281117
19  0.308891
20  0.305390
21  0.317181
22  0.304816
23  0.306365
24  0.284970
25  0.304069
26  0.288471
1 2  0.541942
1 3  0.539724
1 4  0.552116
1 5  0.553192
1 6  0.555678
1 7  0.558312
1 8  0.560702
1 9  0.563608
1 10  0.574634
1 11  0.578444
1 12  0.575697
1 13  0.591575
1 14  0.271911
1 15  0.547386
1 16  0.547328
1 17  0.554214
1 18  0.554975
1 19  0.557934
1 20  0.578888
1 21  0.592685
1 22  0.553931
1 23  0.579420
1 24  0.560436
1 25  0.576344
1 26  0.564067
2 3  0.533811
2 4  0.543930
2 5  0.545328
2 6  0.569325
2 7  0.545018
2 8  0.549472
2 9  0.571688
2 10  0.564194
2 11  0.572915
2 12  0.558319
2 13  0.563880
2 14  0.548503
2 15  0.253721
2 16  0.539309
2 17  0.546524
2 18  0.548410
2 19  0.569602
2 20  0.572461
2 21  0.559484
2 22  0.571947
2 23  0.565455
2 24  0.548599
2 25  0.563521
2 26  0.554607
3 4  0.537062
3 5  0.540571
3 6  0.544474
3 7  0.549064
3 8  0.551442
3 9  0.574092
3 10  0.567511
3 11  0.550732
3 12  0.571180
3 13  0.582498
3 14  0.549133
3 15  0.539690
3 16  0.262838
3 17  0.542311
3 18  0.546299
3 19  0.574630
3 20  0.543952
3 21  0.583058
3 22  0.540937
3 23  0.571228
3 24  0.551376
3 25  0.569119
3 26  0.554721
4 5  0.508458
4 6  0.575773
4 7  0.559200
4 8  0.561586
4 9  0.586104
4 10  0.578357
4 11  0.554452
4 12  0.581857
4 13  0.592683
4 14  0.559377
4 15  0.550082
4 16  0.544711
4 17  0.275160
4 18  0.506038
4 19  0.585072
4 20  0.545188
4 21  0.593670
4 22  0.580710
4 23  0.582723
4 24  0.561505
4 25  0.580312
4 26  0.564975
5 6  0.575906
5 7  0.560596
5 8  0.562983
5 9  0.587563
5 10  0.579754
5 11  0.553441
5 12  0.583267
5 13  0.594082
5 14  0.559531
5 15  0.551424
5 16  0.548650
5 17  0.505857
5 18  0.278756
5 19  0.586507
5 20  0.544246
5 21  0.595134
5 22  0.581148
5 23  0.584311
5 24  0.562905
5 25  0.581922
5 26  0.566399
6 7  0.585087
6 8  0.587435
6 9  0.606558
6 10  0.600505
6 11  0.594285
6 12  0.600860
6 13  0.618187
6 14  0.559980
6 15  0.575848
6 16  0.544879
6 17  0.580965
6 18  0.581511
6 19  0.601176
6 20  0.586381
6 21  0.619392
6 22  0.373985
6 23  0.606212
6 24  0.587207
6 25  0.603223
6 26  0.590550
7 8  0.519666
7 9  0.591835
7 10  0.582586
7 11  0.588189
7 12  0.587954
7 13  0.565532
7 14  0.565417
7 15  0.551927
7 16  0.554677
7 17  0.561765
7 18  0.563739
7 19  0.591263
7 20  0.588024
7 21  0.558484
7 22  0.587170
7 23  0.588468
7 24  0.289412
7 25  0.586350
7 26  0.517049
8 9  0.594245
8 10  0.584302
8 11  0.590575
8 12  0.590304
8 13  0.564942
8 14  0.568021
8 15  0.557023
8 16  0.556912
8 17  0.564135
8 18  0.566131
8 19  0.593761
8 20  0.590407
8 21  0.557227
8 22  0.589410
8 23  0.590857
8 24  0.517147
8 25  0.587231
8 26  0.292059
9 10  0.581042
9 11  0.614859
9 12  0.585554
9 13  0.624806
9 14  0.564260
9 15  0.577051
9 16  0.580694
9 17  0.588386
9 18  0.590437
9 19  0.407033
9 20  0.614904
9 21  0.623436
9 22  0.603366
9 23  0.579960
9 24  0.594457
9 25  0.576863
9 26  0.597883
10 11  0.607385
10 12  0.574267
10 13  0.608901
10 14  0.581563
10 15  0.568041
10 16  0.572597
10 17  0.580848
10 18  0.583018
10 19  0.573226
10 20  0.607070
10 21  0.606777
10 22  0.604019
10 23  0.569918
10 24  0.586381
10 25  0.387393
10 26  0.588186
11 12  0.610814
11 13  0.621683
11 14  0.586143
11 15  0.578705
11 16  0.548967
11 17  0.546820
11 18  0.547541
11 19  0.614262
11 20  0.377335
11 21  0.622561
11 22  0.588767
11 23  0.611200
11 24  0.590521
11 25  0.609469
11 26  0.594018
12 13  0.618826
12 14  0.585513
12 15  0.569373
12 16  0.576333
12 17  0.584558
12 18  0.586509
12 19  0.578406
12 20  0.610046
12 21  0.620682
12 22  0.608186
12 23  0.367649
12 24  0.589942
12 25  0.570870
12 26  0.593485
13 14  0.599106
13 15  0.564955
13 16  0.587703
13 17  0.595243
13 18  0.597245
13 19  0.621795
13 20  0.621318
13 21  0.393022
13 22  0.620752
13 23  0.621097
13 24  0.557912
13 25  0.606788
13 26  0.559544
14 15  0.555285
14 16  0.551858
14 17  0.562062
14 18  0.563618
14 19  0.569106
14 20  0.585457
14 21  0.600047
14 22  0.563432
14 23  0.584044
14 24  0.568137
14 25  0.583552
14 26  0.571629
15 16  0.545566
15 17  0.552655
15 18  0.554627
15 19  0.576413
15 20  0.578897
15 21  0.569227
15 22  0.577574
15 23  0.563983
15 24  0.553327
15 25  0.571413
15 26  0.558042
16 17  0.544761
16 18  0.548132
16 19  0.578807
16 20  0.554916
16 21  0.589139
16 22  0.551145
16 23  0.577367
16 24  0.557017
16 25  0.575091
16 26  0.560503
17 18  0.513591
17 19  0.587942
17 20  0.556921
17 21  0.596320
17 22  0.579608
17 23  0.585375
17 24  0.564114
17 25  0.583112
17 26  0.567615
18 19  0.589966
18 20  0.556141
18 21  0.598293
18 22  0.580937
18 23  0.587363
18 24  0.566083
18 25  0.585098
18 26  0.569585
19 20  0.613766
19 21  0.624894
19 22  0.608856
19 23  0.585089
19 24  0.593462
19 25  0.584160
19 26  0.596943
20 21  0.622563
20 22  0.597320
20 23  0.611526
20 24  0.590353
20 25  0.609332
20 26  0.593853
21 22  0.621519
21 23  0.620468
21 24  0.569494
21 25  0.611806
21 26  0.569452
22 23  0.602875
22 24  0.589752
22 25  0.604920
22 26  0.593212
23 24  0.591216
23 25  0.577407
23 26  0.594588
24 25  0.585910
24 26  0.524808
25 26  0.589279
