   -993.89640347
   -994.21028726
0.00000005935974
2 2 2 2 2 2 2 2 2 2 2 2 2 0 0 0 0 0 0 0 0 0 0 0 0 0 
1  0.277317
2  0.268717
3  0.267612
4  0.277148
5  0.278584
6  0.304127
7  0.283240
8  0.285764
9  0.311304
10  0.303645
11  0.306475
12  0.307077
13  0.317214
14  0.284890
15  0.274931
16  0.273288
17  0.279727
18  0.281753
19  0.310464
20  0.306279
21  0.318233
22  0.306438
23  0.307998
24  0.285580
25  0.305750
26  0.289216
1 2  0.544798
1 3  0.542442
1 4  0.554304
1 5  0.555386
1 6  0.558876
1 7  0.560513
1 8  0.563042
1 9  0.566637
1 10  0.577884
1 11  0.580905
1 12  0.578870
1 13  0.594228
1 14  0.274981
1 15  0.550361
1 16  0.550126
1 17  0.556394
1 18  0.557176
1 19  0.561013
1 20  0.581406
1 21  0.595319
1 22  0.557176
1 23  0.582668
1 24  0.562581
1 25  0.579569
1 26  0.566412
2 3  0.536314
2 4  0.545844
2 5  0.547280
2 6  0.572266
2 7  0.546917
2 8  0.551512
2 9  0.574572
2 10  0.567228
2 11  0.575168
2 12  0.560931
2 13  0.566227
2 14  0.551467
2 15  0.256251
2 16  0.541842
2 17  0.548438
2 18  0.550353
2 19  0.572540
2 20  0.574642
2 21  0.561863
2 22  0.574887
2 23  0.568311
2 24  0.550550
2 25  0.566545
2 26  0.556667
3 4  0.538784
3 5  0.542313
3 6  0.547226
3 7  0.550824
3 8  0.553334
3 9  0.576832
3 10  0.570351
3 11  0.552784
3 12  0.573930
3 13  0.584747
3 14  0.551961
3 15  0.542240
3 16  0.265055
3 17  0.544069
3 18  0.548079
3 19  0.577368
3 20  0.545995
3 21  0.585267
3 22  0.543736
3 23  0.574040
3 24  0.553153
3 25  0.571935
3 26  0.556607
4 5  0.509768
4 6  0.577938
4 7  0.560385
4 8  0.562909
4 9  0.588326
4 10  0.580652
4 11  0.555991
4 12  0.584014
4 13  0.594350
4 14  0.561649
4 15  0.552078
4 16  0.546518
4 17  0.276439
4 18  0.507361
4 19  0.587241
4 20  0.546711
4 21  0.595287
4 22  0.582896
4 23  0.584899
4 24  0.562690
4 25  0.582570
4 26  0.566276
5 6  0.578116
5 7  0.561821
5 8  0.564345
5 9  0.589827
5 10  0.582080
5 11  0.554969
5 12  0.585482
5 13  0.595786
5 14  0.561789
5 15  0.553442
5 16  0.550479
5 17  0.507157
5 18  0.280087
5 19  0.588688
5 20  0.545787
5 21  0.596813
5 22  0.583393
5 23  0.586568
5 24  0.564133
5 25  0.584224
5 26  0.567757
6 7  0.587338
6 8  0.589823
6 9  0.609776
6 10  0.603768
6 11  0.596743
6 12  0.603886
6 13  0.620903
6 14  0.563317
6 15  0.578900
6 16  0.547725
6 17  0.583176
6 18  0.583807
6 19  0.604373
6 20  0.588852
6 21  0.622099
6 22  0.377317
6 23  0.609406
6 24  0.589457
6 25  0.606565
6 26  0.592903
7 8  0.521091
7 9  0.594045
7 10  0.584826
7 11  0.589707
7 12  0.590155
7 13  0.567285
7 14  0.567641
7 15  0.553937
7 16  0.556490
7 17  0.562937
7 18  0.564963
7 19  0.593415
7 20  0.589516
7 21  0.560204
7 22  0.589378
7 23  0.590712
7 24  0.290675
7 25  0.588604
7 26  0.518515
8 9  0.596591
8 10  0.586695
8 11  0.592229
8 12  0.592632
8 13  0.566747
8 14  0.570439
8 15  0.559155
8 16  0.558829
8 17  0.565431
8 18  0.567495
8 19  0.596066
8 20  0.592030
8 21  0.559055
8 22  0.591723
8 23  0.593215
8 24  0.518607
8 25  0.589652
8 26  0.293599
9 10  0.584160
9 11  0.617398
9 12  0.588837
9 13  0.627482
9 14  0.567524
9 15  0.580096
9 16  0.583546
9 17  0.590584
9 18  0.592697
9 19  0.410299
9 20  0.617423
9 21  0.626080
9 22  0.606594
9 23  0.583233
9 24  0.596687
9 25  0.579957
9 26  0.600259
10 11  0.610023
10 12  0.577647
10 13  0.611522
10 14  0.584917
10 15  0.571167
10 16  0.575508
10 17  0.583145
10 18  0.585377
10 19  0.576334
10 20  0.609680
10 21  0.609493
10 22  0.607377
10 23  0.573306
10 24  0.588681
10 25  0.390749
10 26  0.590660
11 12  0.613327
11 13  0.623684
11 14  0.588761
11 15  0.580973
11 16  0.551122
11 17  0.548344
11 18  0.549102
11 19  0.616749
11 20  0.379299
11 21  0.624533
11 22  0.591250
11 23  0.613708
11 24  0.592053
11 25  0.612062
11 26  0.595681
12 13  0.621477
12 14  0.588796
12 15  0.572261
12 16  0.579183
12 17  0.586738
12 18  0.588742
12 19  0.581603
12 20  0.612489
12 21  0.623307
12 22  0.611302
12 23  0.370723
12 24  0.592160
12 25  0.574199
12 26  0.595812
13 14  0.601850
13 15  0.567457
13 16  0.589980
13 17  0.596904
13 18  0.598962
13 19  0.624419
13 20  0.623281
13 21  0.395292
13 22  0.623451
13 23  0.623784
13 24  0.559653
13 25  0.609524
13 26  0.561391
14 15  0.558290
14 16  0.554680
14 17  0.564318
14 18  0.565895
14 19  0.572136
14 20  0.587971
14 21  0.602756
14 22  0.566650
14 23  0.587317
14 24  0.570433
14 25  0.586817
14 26  0.574057
15 16  0.548192
15 17  0.554640
15 18  0.556661
15 19  0.579304
15 20  0.581194
15 21  0.571627
15 22  0.580551
15 23  0.566659
15 24  0.555325
15 25  0.574487
15 26  0.560171
16 17  0.546532
16 18  0.549942
16 19  0.581538
16 20  0.556991
16 21  0.591407
16 22  0.553917
16 23  0.580179
16 24  0.558834
16 25  0.577919
16 26  0.562453
17 18  0.514901
17 19  0.590091
17 20  0.558433
17 21  0.597950
17 22  0.581725
17 23  0.587575
17 24  0.565304
17 25  0.585366
17 26  0.568941
18 19  0.592176
18 20  0.557655
18 21  0.599977
18 22  0.583124
18 23  0.589624
18 24  0.567329
18 25  0.587400
18 26  0.570967
19 20  0.616213
19 21  0.627468
19 22  0.611982
19 23  0.588364
19 24  0.595623
19 25  0.587203
19 26  0.599238
20 21  0.624501
20 22  0.599742
20 23  0.614023
20 24  0.591851
20 25  0.611891
20 26  0.595482
21 22  0.624165
21 23  0.623125
21 24  0.571241
21 25  0.614382
21 26  0.571237
22 23  0.605882
22 24  0.591976
22 25  0.608110
22 26  0.595577
23 24  0.593456
23 25  0.580744
23 26  0.596956
24 25  0.588101
24 26  0.526253
25 26  0.591634
