  -1146.51172999
  -1146.86985368
0.00007781949670
2 2 2 2 2 2 2 2 2 2 2 2 2 2 2 0 0 0 0 0 0 0 0 0 0 0 0 0 0 0 
1  0.261642
2  0.275955
3  0.286371
4  0.263896
5  0.260559
6  0.258687
7  0.275633
8  0.275251
9  0.303116
10  0.305273
11  0.294043
12  0.290463
13  0.303474
14  0.295796
15  0.298948
16  0.275977
17  0.286156
18  0.279405
19  0.267570
20  0.268107
21  0.265802
22  0.274464
23  0.277222
24  0.304492
25  0.304975
26  0.294054
27  0.293048
28  0.303018
29  0.297483
30  0.297096
1 2  0.536860
1 3  0.546771
1 4  0.523565
1 5  0.521698
1 6  0.520319
1 7  0.537262
1 8  0.536875
1 9  0.548696
1 10  0.544579
1 11  0.555610
1 12  0.549548
1 13  0.561171
1 14  0.557406
1 15  0.556992
1 16  0.252275
1 17  0.547701
1 18  0.540394
1 19  0.528590
1 20  0.527757
1 21  0.527437
1 22  0.536100
1 23  0.538817
1 24  0.561228
1 25  0.543684
1 26  0.555135
1 27  0.551878
1 28  0.544877
1 29  0.557435
1 30  0.558642
2 3  0.518125
2 4  0.539793
2 5  0.536509
2 6  0.534639
2 7  0.551581
2 8  0.551202
2 9  0.569263
2 10  0.580566
2 11  0.569991
2 12  0.566408
2 13  0.565060
2 14  0.571746
2 15  0.568217
2 16  0.551663
2 17  0.277316
2 18  0.512259
2 19  0.543184
2 20  0.544039
2 21  0.541753
2 22  0.550396
2 23  0.553172
2 24  0.548464
2 25  0.580761
2 26  0.570003
2 27  0.568775
2 28  0.577456
2 29  0.571990
2 30  0.573050
3 4  0.550254
3 5  0.546924
3 6  0.545055
3 7  0.562001
3 8  0.561620
3 9  0.582016
3 10  0.591276
3 11  0.580404
3 12  0.576813
3 13  0.566654
3 14  0.582163
3 15  0.581418
3 16  0.560336
3 17  0.517623
3 18  0.281189
3 19  0.553854
3 20  0.554352
3 21  0.552170
3 22  0.560801
3 23  0.563585
3 24  0.566522
3 25  0.591064
3 26  0.580410
3 27  0.579171
3 28  0.584934
3 29  0.581763
3 30  0.583466
4 5  0.521494
4 6  0.522234
4 7  0.539495
4 8  0.539115
4 9  0.566848
4 10  0.539713
4 11  0.554738
4 12  0.530057
4 13  0.567079
4 14  0.559649
4 15  0.561230
4 16  0.539232
4 17  0.549462
4 18  0.543062
4 19  0.263971
4 20  0.531168
4 21  0.528388
4 22  0.538283
4 23  0.541113
4 24  0.567759
4 25  0.535491
4 26  0.556502
4 27  0.525694
4 28  0.566825
4 29  0.559573
4 30  0.560646
5 6  0.517025
5 7  0.536078
5 8  0.535433
5 9  0.563642
5 10  0.561742
5 11  0.529416
5 12  0.528612
5 13  0.564023
5 14  0.553979
5 15  0.559443
5 16  0.534932
5 17  0.546710
5 18  0.539954
5 19  0.527341
5 20  0.256684
5 21  0.525711
5 22  0.534533
5 23  0.536493
5 24  0.564916
5 25  0.563524
5 26  0.524543
5 27  0.524913
5 28  0.563407
5 29  0.558010
5 30  0.556084
6 7  0.528856
6 8  0.530126
6 9  0.561800
6 10  0.563899
6 11  0.529220
6 12  0.546734
6 13  0.562161
6 14  0.535265
6 15  0.557588
6 16  0.534635
6 17  0.544798
6 18  0.538077
6 19  0.524647
6 20  0.526178
6 21  0.246829
6 22  0.530295
6 23  0.534991
6 24  0.563102
6 25  0.563024
6 26  0.522655
6 27  0.549945
6 28  0.561653
6 29  0.556141
6 30  0.529530
7 8  0.503875
7 9  0.578734
7 10  0.580861
7 11  0.567547
7 12  0.565980
7 13  0.579101
7 14  0.542999
7 15  0.574404
7 16  0.551570
7 17  0.561786
7 18  0.555021
7 19  0.542717
7 20  0.543442
7 21  0.536938
7 22  0.273874
7 23  0.498953
7 24  0.580113
7 25  0.580461
7 26  0.568938
7 27  0.567875
7 28  0.578519
7 29  0.572789
7 30  0.534514
8 9  0.578354
8 10  0.580495
8 11  0.565643
8 12  0.565647
8 13  0.578725
8 14  0.541187
8 15  0.574101
8 16  0.551227
8 17  0.561407
8 18  0.554650
8 19  0.542707
8 20  0.541908
8 21  0.539904
8 22  0.499502
8 23  0.274001
8 24  0.579735
8 25  0.580225
8 26  0.568017
8 27  0.567533
8 28  0.578187
8 29  0.572518
8 30  0.531835
9 10  0.605418
9 11  0.597144
9 12  0.593462
9 13  0.580195
9 14  0.598890
9 15  0.565772
9 16  0.566078
9 17  0.586670
9 18  0.581189
9 19  0.570496
9 20  0.570910
9 21  0.568911
9 22  0.577471
9 23  0.580308
9 24  0.567592
9 25  0.606301
9 26  0.597108
9 27  0.595675
9 28  0.408568
9 29  0.560953
9 30  0.600211
10 11  0.597669
10 12  0.579871
10 13  0.607916
10 14  0.601015
10 15  0.594424
10 16  0.554617
10 17  0.590707
10 18  0.584639
10 19  0.537581
10 20  0.570561
10 21  0.570864
10 22  0.579726
10 23  0.582349
10 24  0.606012
10 25  0.373761
10 26  0.598995
10 27  0.574210
10 28  0.604193
10 29  0.596481
10 30  0.601999
11 12  0.572993
11 13  0.597503
11 14  0.578553
11 15  0.592914
11 16  0.569826
11 17  0.580103
11 18  0.573427
11 19  0.559460
11 20  0.531227
11 21  0.529579
11 22  0.568005
11 23  0.569510
11 24  0.598320
11 25  0.598715
11 26  0.352499
11 27  0.567321
11 28  0.596966
11 29  0.591343
11 30  0.572639
12 13  0.593772
12 14  0.585380
12 15  0.588733
12 16  0.563639
12 17  0.576449
12 18  0.569675
12 19  0.527974
12 20  0.530433
12 21  0.554234
12 22  0.564409
12 23  0.567367
12 24  0.594936
12 25  0.570439
12 26  0.564929
12 27  0.358016
12 28  0.593301
12 29  0.587551
12 30  0.587419
13 14  0.599269
13 15  0.575848
13 16  0.572720
13 17  0.567525
13 18  0.551423
13 19  0.570776
13 20  0.571269
13 21  0.569215
13 22  0.577893
13 23  0.580686
13 24  0.454493
13 25  0.604649
13 26  0.597333
13 27  0.596463
13 28  0.578801
13 29  0.561484
13 30  0.600561
14 15  0.594575
14 16  0.571693
14 17  0.581945
14 18  0.575201
14 19  0.563183
14 20  0.561642
14 21  0.534606
14 22  0.531862
14 23  0.535093
14 24  0.600257
14 25  0.600428
14 26  0.570258
14 27  0.588626
14 28  0.598691
14 29  0.593040
14 30  0.362325
15 16  0.568531
15 17  0.580679
15 18  0.576436
15 19  0.564181
15 20  0.567025
15 21  0.564691
15 22  0.572730
15 23  0.576090
15 24  0.575247
15 25  0.591213
15 26  0.592725
15 27  0.591539
15 28  0.555972
15 29  0.406727
15 30  0.596031
16 17  0.561337
16 18  0.554066
16 19  0.540533
16 20  0.543447
16 21  0.541773
16 22  0.550421
16 23  0.553181
16 24  0.577803
16 25  0.556251
16 26  0.569850
16 27  0.566254
16 28  0.556934
16 29  0.569926
16 30  0.573055
17 18  0.520499
17 19  0.553586
17 20  0.554258
17 21  0.551954
17 22  0.560619
17 23  0.563378
17 24  0.568360
17 25  0.590323
17 26  0.580200
17 27  0.579184
17 28  0.583679
17 29  0.576091
17 30  0.583249
18 19  0.546939
18 20  0.547507
18 21  0.545204
18 22  0.553869
18 23  0.556627
18 24  0.567035
18 25  0.583686
18 26  0.573451
18 27  0.572448
18 28  0.574785
18 29  0.567276
18 30  0.576500
19 20  0.531425
19 21  0.532766
19 22  0.541988
19 23  0.544763
19 24  0.571320
19 25  0.543925
19 26  0.557917
19 27  0.535238
19 28  0.569896
19 29  0.563311
19 30  0.564588
20 21  0.530528
20 22  0.542328
20 23  0.544738
20 24  0.572577
20 25  0.568581
20 26  0.536244
20 27  0.536710
20 28  0.571100
20 29  0.565518
20 30  0.562369
21 22  0.534387
21 23  0.538243
21 24  0.570284
21 25  0.570596
21 26  0.535569
21 27  0.556074
21 28  0.568815
21 29  0.563249
21 30  0.541504
22 23  0.504457
22 24  0.578955
22 25  0.579378
22 26  0.565218
22 27  0.567428
22 28  0.577480
22 29  0.571925
22 30  0.543150
23 24  0.581712
23 25  0.582151
23 26  0.567242
23 27  0.570180
23 28  0.580236
23 29  0.574688
23 30  0.543887
24 25  0.607626
24 26  0.598506
24 27  0.597309
24 28  0.582637
24 29  0.577414
24 30  0.601581
25 26  0.596291
25 27  0.583378
25 28  0.606050
25 29  0.592331
25 30  0.602010
26 27  0.577007
26 28  0.597052
26 29  0.591471
26 30  0.580868
27 28  0.595746
27 29  0.589946
27 30  0.588778
28 29  0.561940
28 30  0.600106
29 30  0.594541
