  -1146.51172999
  -1146.87178239
0.00002275375440
2 2 2 2 2 2 2 2 2 2 2 2 2 2 2 0 0 0 0 0 0 0 0 0 0 0 0 0 0 0 
1  0.266112
2  0.278436
3  0.288876
4  0.267776
5  0.264103
6  0.261770
7  0.278140
8  0.277467
9  0.307636
10  0.310491
11  0.298331
12  0.294968
13  0.307263
14  0.299098
15  0.304555
16  0.280792
17  0.288990
18  0.281874
19  0.271595
20  0.271852
21  0.269002
22  0.276834
23  0.279386
24  0.308450
25  0.310167
26  0.298319
27  0.297526
28  0.307153
29  0.302850
30  0.300221
1 2  0.543677
1 3  0.553617
1 4  0.531842
1 5  0.529634
1 6  0.527862
1 7  0.544235
1 8  0.543558
1 9  0.556623
1 10  0.553905
1 11  0.564351
1 12  0.558309
1 13  0.569212
1 14  0.565172
1 15  0.566982
1 16  0.260571
1 17  0.554995
1 18  0.547234
1 19  0.537035
1 20  0.535806
1 21  0.535107
1 22  0.542932
1 23  0.545438
1 24  0.569613
1 25  0.553328
1 26  0.563852
1 27  0.560814
1 28  0.553084
1 29  0.567247
1 30  0.566229
2 3  0.523427
2 4  0.546133
2 5  0.542528
2 6  0.540201
2 7  0.556565
2 8  0.555897
2 9  0.575776
2 10  0.588134
2 11  0.576753
2 12  0.573392
2 13  0.571240
2 14  0.577525
2 15  0.575816
2 16  0.558924
2 17  0.282377
2 18  0.517522
2 19  0.549601
2 20  0.550258
2 21  0.547424
2 22  0.555232
2 23  0.557809
2 24  0.554881
2 25  0.588392
2 26  0.576745
2 27  0.575685
2 28  0.583973
2 29  0.579751
2 30  0.578650
3 4  0.556634
3 5  0.552968
3 6  0.550642
3 7  0.567006
3 8  0.566336
3 9  0.588750
3 10  0.598918
3 11  0.587193
3 12  0.583823
3 13  0.572570
3 14  0.587966
3 15  0.589275
3 16  0.567525
3 17  0.523360
3 18  0.286033
3 19  0.560353
3 20  0.560586
3 21  0.557878
3 22  0.565680
3 23  0.568249
3 24  0.572995
3 25  0.598742
3 26  0.587177
3 27  0.586113
3 28  0.591434
3 29  0.589534
3 30  0.589094
4 5  0.528702
4 6  0.529127
4 7  0.545872
4 8  0.545198
4 9  0.575204
4 10  0.548661
4 11  0.562578
4 12  0.538262
4 13  0.574695
4 14  0.566824
4 15  0.570524
4 16  0.547876
4 17  0.556121
4 18  0.549348
4 19  0.271345
4 20  0.538719
4 21  0.535383
4 22  0.544527
4 23  0.547154
4 24  0.575580
4 25  0.544582
4 26  0.564609
4 27  0.534047
4 28  0.574826
4 29  0.568794
4 30  0.567622
5 6  0.523524
5 7  0.542104
5 8  0.541139
5 9  0.571699
5 10  0.570184
5 11  0.537076
5 12  0.536413
5 13  0.571353
5 14  0.560622
5 15  0.568580
5 16  0.543226
5 17  0.553089
5 18  0.545955
5 19  0.534827
5 20  0.263406
5 21  0.532400
5 22  0.540417
5 23  0.542112
5 24  0.572397
5 25  0.572237
5 26  0.532369
5 27  0.532927
5 28  0.571085
5 29  0.566913
5 30  0.562743
6 7  0.534157
6 8  0.535238
6 9  0.569402
6 10  0.572185
6 11  0.536400
6 12  0.554083
6 13  0.569031
6 14  0.541441
6 15  0.566270
6 16  0.542527
6 17  0.550677
6 18  0.543606
6 19  0.531629
6 20  0.532953
6 21  0.252504
6 22  0.535675
6 23  0.540175
6 24  0.570134
6 25  0.571277
6 26  0.529935
6 27  0.557494
6 28  0.568885
6 29  0.564573
6 30  0.535699
7 8  0.508761
7 9  0.585740
7 10  0.588569
7 11  0.574171
7 12  0.572975
7 13  0.585384
7 14  0.548714
7 15  0.582342
7 16  0.558894
7 17  0.567105
7 18  0.559962
7 19  0.549229
7 20  0.549653
7 21  0.542549
7 22  0.278601
7 23  0.503824
7 24  0.586585
7 25  0.588130
7 26  0.575661
7 27  0.574806
7 28  0.585208
7 29  0.580713
7 30  0.540149
8 9  0.585074
8 10  0.587917
8 11  0.571882
8 12  0.572352
8 13  0.584723
8 14  0.546537
8 15  0.581849
8 16  0.558256
8 17  0.566451
8 18  0.559326
8 19  0.548937
8 20  0.547800
8 21  0.545248
8 22  0.504287
8 23  0.278193
8 24  0.585916
8 25  0.587632
8 26  0.574444
8 27  0.574204
8 28  0.584571
8 29  0.580131
8 30  0.537140
9 10  0.615034
9 11  0.605940
9 12  0.602463
9 13  0.588476
9 14  0.606687
9 15  0.575825
9 16  0.574875
9 17  0.593859
9 18  0.588116
9 19  0.578996
9 20  0.579121
9 21  0.576621
9 22  0.584380
9 23  0.587004
9 24  0.575909
9 25  0.615982
9 26  0.605868
9 27  0.604660
9 28  0.416601
9 29  0.570753
9 30  0.607855
10 11  0.606928
10 12  0.589360
10 13  0.616832
10 14  0.609536
10 15  0.604687
10 16  0.564635
10 17  0.598774
10 18  0.592316
10 19  0.546894
10 20  0.579479
10 21  0.579241
10 22  0.587313
10 23  0.589717
10 24  0.615137
10 25  0.383864
10 26  0.608428
10 27  0.583757
10 28  0.613531
10 29  0.606894
10 30  0.610302
11 12  0.581472
11 13  0.605572
11 14  0.585832
11 15  0.602793
11 16  0.578898
11 17  0.587221
11 18  0.580191
11 19  0.567728
11 20  0.539285
11 21  0.537025
11 22  0.574612
11 23  0.575944
11 24  0.606557
11 25  0.608146
11 26  0.360725
11 27  0.575941
11 28  0.605399
11 29  0.600946
11 30  0.579883
12 13  0.602037
12 14  0.593046
12 15  0.598702
12 16  0.572925
12 17  0.583751
12 18  0.576596
12 19  0.536509
12 20  0.538629
12 21  0.561891
12 22  0.571229
12 23  0.574017
12 24  0.603391
12 25  0.580021
12 26  0.573532
12 27  0.366720
12 28  0.601938
12 29  0.597375
12 30  0.595025
13 14  0.606342
13 15  0.584670
13 16  0.581288
13 17  0.574116
13 18  0.557594
13 19  0.578560
13 20  0.578808
13 21  0.576211
13 22  0.584081
13 23  0.586644
13 24  0.462343
13 25  0.613486
13 26  0.605335
13 27  0.604727
13 28  0.586625
13 29  0.570090
13 30  0.607484
14 15  0.603404
14 16  0.579794
14 17  0.588075
14 18  0.580971
14 19  0.570483
14 20  0.568675
14 21  0.541088
14 22  0.537503
14 23  0.540422
14 24  0.607533
14 25  0.608883
14 26  0.577696
14 27  0.596383
14 28  0.606156
14 29  0.601804
14 30  0.368603
15 16  0.578946
15 17  0.588920
15 18  0.584403
15 19  0.573804
15 20  0.576371
15 21  0.573491
15 22  0.580938
15 23  0.583857
15 24  0.584199
15 25  0.601919
15 26  0.602611
15 27  0.601597
15 28  0.565769
15 29  0.416920
15 30  0.604768
16 17  0.568887
16 18  0.561200
16 19  0.549195
16 20  0.551883
16 21  0.549786
16 22  0.557600
16 23  0.560157
16 24  0.586426
16 25  0.565923
16 26  0.578900
16 27  0.575311
16 28  0.564900
16 29  0.580020
16 30  0.580993
17 18  0.526079
17 19  0.560420
17 20  0.560832
17 21  0.557990
17 22  0.565819
17 23  0.568376
17 24  0.574771
17 25  0.598241
17 26  0.587293
17 27  0.586486
17 28  0.590376
17 29  0.583889
17 30  0.589210
18 19  0.553424
18 20  0.553714
18 21  0.550874
18 22  0.558705
18 23  0.561260
18 24  0.573468
18 25  0.591232
18 26  0.580179
18 27  0.579393
18 28  0.581120
18 29  0.574492
18 30  0.582095
19 20  0.539011
19 21  0.539889
19 22  0.548375
19 23  0.550936
19 24  0.579188
19 25  0.552970
19 26  0.565951
19 27  0.543529
19 28  0.577963
19 29  0.572498
19 30  0.571729
20 21  0.537302
20 22  0.548405
20 23  0.550565
20 24  0.580275
20 25  0.577239
20 26  0.544073
20 27  0.544751
20 28  0.578972
20 29  0.574623
20 30  0.568994
21 22  0.539745
21 23  0.543418
21 24  0.577444
21 25  0.578952
21 26  0.542764
21 27  0.563529
21 28  0.576153
21 29  0.571796
21 30  0.547594
22 23  0.509195
22 24  0.585259
22 25  0.586912
22 26  0.571603
22 27  0.574254
22 28  0.583952
22 29  0.579653
22 30  0.548652
23 24  0.587832
23 25  0.589491
23 26  0.573434
23 27  0.576801
23 28  0.586534
23 29  0.582211
23 30  0.549071
24 25  0.616659
24 26  0.606715
24 27  0.605680
24 28  0.590527
24 29  0.586205
24 30  0.608664
25 26  0.605473
25 27  0.592808
25 28  0.615277
25 29  0.602238
25 30  0.610322
26 27  0.585555
26 28  0.605449
26 29  0.601097
26 30  0.587929
27 28  0.604304
27 29  0.599664
27 30  0.596193
28 29  0.571553
28 30  0.607348
29 30  0.602973
