  -1146.51172999
  -1146.87246155
0.00001294139220
2 2 2 2 2 2 2 2 2 2 2 2 2 2 2 0 0 0 0 0 0 0 0 0 0 0 0 0 0 0 
1  0.267697
2  0.279270
3  0.289746
4  0.269433
5  0.265584
6  0.262794
7  0.279165
8  0.278339
9  0.309100
10  0.312482
11  0.299852
12  0.296776
13  0.308494
14  0.300299
15  0.306691
16  0.282493
17  0.289943
18  0.282731
19  0.273272
20  0.273365
21  0.270053
22  0.277850
23  0.280200
24  0.309799
25  0.312151
26  0.299786
27  0.299316
28  0.308617
29  0.304879
30  0.301262
1 2  0.546043
1 3  0.556002
1 4  0.535045
1 5  0.532656
1 6  0.530462
1 7  0.546841
1 8  0.546008
1 9  0.559314
1 10  0.557339
1 11  0.567450
1 12  0.561632
1 13  0.571958
1 14  0.567952
1 15  0.570690
1 16  0.263594
1 17  0.557526
1 18  0.549656
1 19  0.540271
1 20  0.538878
1 21  0.537741
1 22  0.545530
1 23  0.547817
1 24  0.572511
1 25  0.556880
1 26  0.566886
1 27  0.564200
1 28  0.556038
1 29  0.570845
1 30  0.568851
2 3  0.525221
2 4  0.548609
2 5  0.544839
2 6  0.542057
2 7  0.558421
2 8  0.557590
2 9  0.577961
2 10  0.590903
2 11  0.579102
2 12  0.576029
2 13  0.573311
2 14  0.579559
2 15  0.578681
2 16  0.561452
2 17  0.284178
2 18  0.519323
2 19  0.552025
2 20  0.552601
2 21  0.549301
2 22  0.557069
2 23  0.559453
2 24  0.557109
2 25  0.591189
2 26  0.579041
2 27  0.578267
2 28  0.586241
2 29  0.582616
2 30  0.580524
3 4  0.559157
3 5  0.555313
3 6  0.552535
3 7  0.568893
3 8  0.568064
3 9  0.591040
3 10  0.601748
3 11  0.589578
3 12  0.586496
3 13  0.574581
3 14  0.590037
3 15  0.592203
3 16  0.570050
3 17  0.525342
3 18  0.287818
3 19  0.562895
3 20  0.562938
3 21  0.559799
3 22  0.567542
3 23  0.569926
3 24  0.575232
3 25  0.601583
3 26  0.589504
3 27  0.588717
3 28  0.593766
3 29  0.592402
3 30  0.591002
4 5  0.531761
4 6  0.531778
4 7  0.548551
4 8  0.547712
4 9  0.578310
4 10  0.552194
4 11  0.565661
4 12  0.541643
4 13  0.577558
4 14  0.569678
4 15  0.574246
4 16  0.551205
4 17  0.558654
4 18  0.551849
4 19  0.274448
4 20  0.541855
4 21  0.538042
4 22  0.547196
4 23  0.549623
4 24  0.578584
4 25  0.548182
4 26  0.567733
4 27  0.537449
4 28  0.577941
4 29  0.572473
4 30  0.570306
5 6  0.525976
5 7  0.544603
5 8  0.543473
5 9  0.574640
5 10  0.573533
5 11  0.539973
5 12  0.539585
5 13  0.574066
5 14  0.563233
5 15  0.572190
5 16  0.546344
5 17  0.555524
5 18  0.548289
5 19  0.537955
5 20  0.266212
5 21  0.534902
5 22  0.542912
5 23  0.544377
5 24  0.575218
5 25  0.575699
5 26  0.535281
5 27  0.536148
5 28  0.574014
5 29  0.570422
5 30  0.565270
6 7  0.536171
6 8  0.537081
6 9  0.571889
6 10  0.575194
6 11  0.538870
6 12  0.556834
6 13  0.571285
6 14  0.543620
6 15  0.569419
6 16  0.545247
6 17  0.552649
6 18  0.545484
6 19  0.534292
6 20  0.535459
6 21  0.254484
6 22  0.537723
6 23  0.541988
6 24  0.572501
6 25  0.574262
6 26  0.532408
6 27  0.560312
6 28  0.571367
6 29  0.567624
6 30  0.537741
7 8  0.510750
7 9  0.588230
7 10  0.591573
7 11  0.576678
7 12  0.575797
7 13  0.587609
7 14  0.551036
7 15  0.585345
7 16  0.561618
7 17  0.569081
7 18  0.561851
7 19  0.551891
7 20  0.552193
7 21  0.544637
7 22  0.280751
7 23  0.505759
7 24  0.588953
7 25  0.591116
7 26  0.578133
7 27  0.577602
7 28  0.587672
7 29  0.583643
7 30  0.542270
8 9  0.587403
8 10  0.590768
8 11  0.574228
8 12  0.575025
8 13  0.586830
8 14  0.548604
8 15  0.584795
8 16  0.560828
8 17  0.568272
8 18  0.561025
8 19  0.551480
8 20  0.550148
8 21  0.547152
8 22  0.506292
8 23  0.279916
8 24  0.588136
8 25  0.590487
8 26  0.576780
8 27  0.576866
8 28  0.586880
8 29  0.582972
8 30  0.539093
9 10  0.618454
9 11  0.608919
9 12  0.605727
9 13  0.591193
9 14  0.609322
9 15  0.579401
9 16  0.577888
9 17  0.596239
9 18  0.590431
9 19  0.582127
9 20  0.582061
9 21  0.579136
9 22  0.586838
9 23  0.589265
9 24  0.578675
9 25  0.619405
9 26  0.608799
9 27  0.607930
9 28  0.419379
9 29  0.574249
9 30  0.610360
10 11  0.610358
10 12  0.593069
10 13  0.620021
10 14  0.612728
10 15  0.608625
10 16  0.568307
10 17  0.601695
10 18  0.595159
10 19  0.550508
10 20  0.582985
10 21  0.582275
10 22  0.590316
10 23  0.592511
10 24  0.618431
10 25  0.387876
10 26  0.611867
10 27  0.587454
10 28  0.616977
10 29  0.610842
10 30  0.613322
11 12  0.584694
11 13  0.608320
11 14  0.588466
11 15  0.606438
11 16  0.582109
11 17  0.589677
11 18  0.582568
11 19  0.570923
11 20  0.542258
11 21  0.539567
11 22  0.577125
11 23  0.578275
11 24  0.609417
11 25  0.611631
11 26  0.363794
11 27  0.579164
11 28  0.608386
11 29  0.604476
11 30  0.582393
12 13  0.605056
12 14  0.596008
12 15  0.602592
12 16  0.576449
12 17  0.586499
12 18  0.579223
12 19  0.539947
12 20  0.541890
12 21  0.564748
12 22  0.574029
12 23  0.576639
12 24  0.606545
12 25  0.583709
12 26  0.576721
12 27  0.370327
12 28  0.605217
12 29  0.601194
12 30  0.597862
13 14  0.608772
13 15  0.587934
13 16  0.584217
13 17  0.576305
13 18  0.559678
13 19  0.581463
13 20  0.581542
13 21  0.578478
13 22  0.586309
13 23  0.588683
13 24  0.465070
13 25  0.616674
13 26  0.608009
13 27  0.607746
13 28  0.589316
13 29  0.573153
13 30  0.609755
14 15  0.606649
14 16  0.582702
14 17  0.590219
14 18  0.583027
14 19  0.573353
14 20  0.571398
14 21  0.543344
14 22  0.539788
14 23  0.542445
14 24  0.610080
14 25  0.612044
14 26  0.580320
14 27  0.599358
14 28  0.608799
14 29  0.605012
14 30  0.371022
15 16  0.582782
15 17  0.591982
15 18  0.587340
15 19  0.577634
15 20  0.580017
15 21  0.576676
15 22  0.583985
15 23  0.586785
15 24  0.587532
15 25  0.606010
15 26  0.606208
15 27  0.605501
15 28  0.569387
15 29  0.420898
15 30  0.607941
16 17  0.571511
16 18  0.563697
16 19  0.552508
16 20  0.555042
16 21  0.552534
16 22  0.560317
16 23  0.562669
16 24  0.589432
16 25  0.569480
16 26  0.582054
16 27  0.578732
16 28  0.567723
16 29  0.583725
16 30  0.583733
17 18  0.527979
17 19  0.563027
17 20  0.563294
17 21  0.559993
17 22  0.567784
17 23  0.570143
17 24  0.576988
17 25  0.601102
17 26  0.589712
17 27  0.589222
17 28  0.592716
17 29  0.586796
17 30  0.591204
18 19  0.555953
18 20  0.556079
18 21  0.552781
18 22  0.560574
18 23  0.562930
18 24  0.575690
18 25  0.594022
18 26  0.582498
18 27  0.582038
18 28  0.583392
18 29  0.577210
18 30  0.583992
19 20  0.542130
19 21  0.542574
19 22  0.551064
19 23  0.553421
19 24  0.582155
19 25  0.556527
19 26  0.569015
19 27  0.546901
19 28  0.581065
19 29  0.576148
19 30  0.574443
20 21  0.539785
20 22  0.550923
20 23  0.552858
20 24  0.583134
20 25  0.580636
20 26  0.546957
20 27  0.547936
20 28  0.581948
20 29  0.578162
20 30  0.571472
21 22  0.541789
21 23  0.545235
21 24  0.579845
21 25  0.581973
21 26  0.545202
21 27  0.566300
21 28  0.578667
21 29  0.574862
21 30  0.549642
22 23  0.511112
22 24  0.587610
22 25  0.589894
22 26  0.574019
22 27  0.577055
22 28  0.586422
22 29  0.582685
22 30  0.550784
23 24  0.589996
23 25  0.592281
23 26  0.575657
23 27  0.579397
23 28  0.588811
23 29  0.585047
23 30  0.550923
24 25  0.619939
24 26  0.609524
24 27  0.608788
24 28  0.593279
24 29  0.589447
24 30  0.611054
25 26  0.608818
25 27  0.596500
25 28  0.618694
25 29  0.606058
25 30  0.613344
26 27  0.588736
26 28  0.608374
26 29  0.604589
26 30  0.590357
27 28  0.607535
27 29  0.603434
27 30  0.598955
28 29  0.575109
28 30  0.609844
29 30  0.606009
