  -1146.54063255
  -1146.90701046
0.00008860808250
2 2 2 2 2 2 2 2 2 2 2 2 2 2 2 0 0 0 0 0 0 0 0 0 0 0 0 0 0 0 
1  0.274181
2  0.267763
3  0.272588
4  0.277918
5  0.279444
6  0.309388
7  0.304332
8  0.309208
9  0.312625
10  0.283801
11  0.283894
12  0.310634
13  0.308466
14  0.317409
15  0.319524
16  0.285630
17  0.278685
18  0.277437
19  0.280215
20  0.282739
21  0.315663
22  0.310144
23  0.283653
24  0.314856
25  0.319173
26  0.287324
27  0.310172
28  0.315372
29  0.302820
30  0.307515
1 2  0.541848
1 3  0.542566
1 4  0.551895
1 5  0.553376
1 6  0.582358
1 7  0.577401
1 8  0.580207
1 9  0.567048
1 10  0.557976
1 11  0.558061
1 12  0.581656
1 13  0.581102
1 14  0.591491
1 15  0.569611
1 16  0.266515
1 17  0.552838
1 18  0.546016
1 19  0.554229
1 20  0.556163
1 21  0.568751
1 22  0.582184
1 23  0.557723
1 24  0.588925
1 25  0.569495
1 26  0.561462
1 27  0.578798
1 28  0.589442
1 29  0.576241
1 30  0.581102
2 3  0.540348
2 4  0.545679
2 5  0.547206
2 6  0.557158
2 7  0.572087
2 8  0.575587
2 9  0.579200
2 10  0.546844
2 11  0.548839
2 12  0.575814
2 13  0.573616
2 14  0.566647
2 15  0.587150
2 16  0.553382
2 17  0.251367
2 18  0.545181
2 19  0.547950
2 20  0.550498
2 21  0.583334
2 22  0.577315
2 23  0.550218
2 24  0.560766
2 25  0.586759
2 26  0.550201
2 27  0.572103
2 28  0.563677
2 29  0.570493
2 30  0.573274
3 4  0.546565
3 5  0.545903
3 6  0.581972
3 7  0.555573
3 8  0.580894
3 9  0.585018
3 10  0.556386
3 11  0.556479
3 12  0.583003
3 13  0.581031
3 14  0.589997
3 15  0.564588
3 16  0.552863
3 17  0.551217
3 18  0.268153
3 19  0.551719
3 20  0.551709
3 21  0.587846
3 22  0.582454
3 23  0.556235
3 24  0.587348
3 25  0.556149
3 26  0.559912
3 27  0.582688
3 28  0.587894
3 29  0.548408
3 30  0.579868
4 5  0.510528
4 6  0.587290
4 7  0.553792
4 8  0.586868
4 9  0.590505
4 10  0.561719
4 11  0.561812
4 12  0.588541
4 13  0.586378
4 14  0.595327
4 15  0.592494
4 16  0.563344
4 17  0.556543
4 18  0.554270
4 19  0.276347
4 20  0.507489
4 21  0.593488
4 22  0.587331
4 23  0.561570
4 24  0.592650
4 25  0.595240
4 26  0.565238
4 27  0.587774
4 28  0.593277
4 29  0.544023
4 30  0.585396
5 6  0.588826
5 7  0.555311
5 8  0.588584
5 9  0.592041
5 10  0.563245
5 11  0.563338
5 12  0.590076
5 13  0.587907
5 14  0.596852
5 15  0.595720
5 16  0.564170
5 17  0.558122
5 18  0.553391
5 19  0.508048
5 20  0.276912
5 21  0.594997
5 22  0.589448
5 23  0.563095
5 24  0.594292
5 25  0.597815
5 26  0.566766
5 27  0.589510
5 28  0.594816
5 29  0.543880
5 30  0.586958
6 7  0.613661
6 8  0.610843
6 9  0.610409
6 10  0.592970
6 11  0.593075
6 12  0.603448
6 13  0.581592
6 14  0.624335
6 15  0.627947
6 16  0.594683
6 17  0.572187
6 18  0.586742
6 19  0.589558
6 20  0.592126
6 21  0.623226
6 22  0.618188
6 23  0.592844
6 24  0.387637
6 25  0.628413
6 26  0.596259
6 27  0.589151
6 28  0.622522
6 29  0.612002
6 30  0.580719
7 8  0.612236
7 9  0.616860
7 10  0.588131
7 11  0.588225
7 12  0.614793
7 13  0.612789
7 14  0.621741
7 15  0.609412
7 16  0.589320
7 17  0.582813
7 18  0.552830
7 19  0.546662
7 20  0.548887
7 21  0.619943
7 22  0.613246
7 23  0.587985
7 24  0.618796
7 25  0.601523
7 26  0.591650
7 27  0.614224
7 28  0.619620
7 29  0.375978
7 30  0.611590
8 9  0.584792
8 10  0.592987
8 11  0.593086
8 12  0.597394
8 13  0.613120
8 14  0.626273
8 15  0.616029
8 16  0.589432
8 17  0.586234
8 18  0.586483
8 19  0.588565
8 20  0.591722
8 21  0.582069
8 22  0.397244
8 23  0.592794
8 24  0.620416
8 25  0.615319
8 26  0.596405
8 27  0.597485
8 28  0.624313
8 29  0.610925
8 30  0.614853
9 10  0.596411
9 11  0.596444
9 12  0.604433
9 13  0.613177
9 14  0.629351
9 15  0.628640
9 16  0.583335
9 17  0.590857
9 18  0.589612
9 19  0.592836
9 20  0.595325
9 21  0.403457
9 22  0.585071
9 23  0.595995
9 24  0.625451
9 25  0.629409
9 26  0.599791
9 27  0.590664
9 28  0.627904
9 29  0.615296
9 30  0.618771
10 11  0.519396
10 12  0.594149
10 13  0.590976
10 14  0.565021
10 15  0.603325
10 16  0.569313
10 17  0.558226
10 18  0.561234
10 19  0.564012
10 20  0.566537
10 21  0.599308
10 22  0.593694
10 23  0.515742
10 24  0.598174
10 25  0.602878
10 26  0.291944
10 27  0.593916
10 28  0.552347
10 29  0.586619
10 30  0.590826
11 12  0.594146
11 13  0.589916
11 14  0.563722
11 15  0.603417
11 16  0.569237
11 17  0.561607
11 18  0.561317
11 19  0.564106
11 20  0.566630
11 21  0.599066
11 22  0.593707
11 23  0.292160
11 24  0.598651
11 25  0.602939
11 26  0.515157
11 27  0.593707
11 28  0.555430
11 29  0.586714
11 30  0.589478
12 13  0.597392
12 14  0.627398
12 15  0.629234
12 16  0.590665
12 17  0.584025
12 18  0.587871
12 19  0.590646
12 20  0.593265
12 21  0.604208
12 22  0.588934
12 23  0.594066
12 24  0.605013
12 25  0.625889
12 26  0.597897
12 27  0.471237
12 28  0.622337
12 29  0.613356
12 30  0.588118
13 14  0.615691
13 15  0.627469
13 16  0.592461
13 17  0.582222
13 18  0.585737
13 19  0.588680
13 20  0.591193
13 21  0.620421
13 22  0.616675
13 23  0.590364
13 24  0.580993
13 25  0.627343
13 26  0.595527
13 27  0.597725
13 28  0.612175
13 29  0.611214
13 30  0.379552
14 15  0.636906
14 16  0.602657
14 17  0.572490
14 18  0.594799
14 19  0.597622
14 20  0.600147
14 21  0.632424
14 22  0.627501
14 23  0.553774
14 24  0.628413
14 25  0.636562
14 26  0.559059
14 27  0.623944
14 28  0.393887
14 29  0.620199
14 30  0.617309
15 16  0.577333
15 17  0.597754
15 18  0.562995
15 19  0.597839
15 20  0.601496
15 21  0.630895
15 22  0.621517
15 23  0.603132
15 24  0.633660
15 25  0.390047
15 26  0.606790
15 27  0.625724
15 28  0.634867
15 29  0.599645
15 30  0.626972
16 17  0.564193
16 18  0.558603
16 19  0.565689
16 20  0.568228
16 21  0.576533
16 22  0.591822
16 23  0.569266
16 24  0.599514
16 25  0.579303
16 26  0.572949
16 27  0.593409
16 28  0.600879
16 29  0.586727
16 30  0.591563
17 18  0.556117
17 19  0.558897
17 20  0.561422
17 21  0.593483
17 22  0.587438
17 23  0.557953
17 24  0.569011
17 25  0.597703
17 26  0.560606
17 27  0.586717
17 28  0.573810
17 29  0.581496
17 30  0.582919
18 19  0.552023
18 20  0.553294
18 21  0.592887
18 22  0.586612
18 23  0.561088
18 24  0.592276
18 25  0.567590
18 26  0.564759
18 27  0.587445
18 28  0.592808
18 29  0.558221
18 30  0.584936
19 20  0.515233
19 21  0.595833
19 22  0.589980
19 23  0.563867
19 24  0.595039
19 25  0.593915
19 26  0.567538
19 27  0.590296
19 28  0.595585
19 29  0.554873
19 30  0.587711
20 21  0.598384
20 22  0.592761
20 23  0.566391
20 24  0.597583
20 25  0.598098
20 26  0.570063
20 27  0.592884
20 28  0.598109
20 29  0.556627
20 30  0.590247
21 22  0.585845
21 23  0.599183
21 24  0.624327
21 25  0.632659
21 26  0.602958
21 27  0.604894
21 28  0.630173
21 29  0.618212
21 30  0.614976
22 23  0.593733
22 24  0.616896
22 25  0.616063
22 26  0.597453
22 27  0.602208
22 28  0.624653
22 29  0.611674
22 30  0.607150
23 24  0.597957
23 25  0.602823
23 26  0.522120
23 27  0.593235
23 28  0.563203
23 29  0.586471
23 30  0.588924
24 25  0.632883
24 26  0.601892
24 27  0.604851
24 28  0.628702
24 29  0.617590
24 30  0.583608
25 26  0.606497
25 27  0.627509
25 28  0.634482
25 29  0.608356
25 30  0.625625
26 27  0.597271
26 28  0.565700
26 29  0.590143
26 30  0.593581
27 28  0.624258
27 29  0.612663
27 30  0.600921
28 29  0.618189
28 30  0.611753
29 30  0.610292
