  -1146.54063255
  -1146.90891840
0.00002684620710
2 2 2 2 2 2 2 2 2 2 2 2 2 2 2 0 0 0 0 0 0 0 0 0 0 0 0 0 0 0 
1  0.279317
2  0.272199
3  0.275705
4  0.280089
5  0.281335
6  0.315652
7  0.307509
8  0.316421
9  0.319124
10  0.285618
11  0.286087
12  0.316900
13  0.315207
14  0.320650
15  0.325015
16  0.291265
17  0.283419
18  0.280586
19  0.282340
20  0.284675
21  0.321866
22  0.317394
23  0.285780
24  0.320996
25  0.324628
26  0.289174
27  0.316443
28  0.318623
29  0.305796
30  0.314166
1 2  0.551403
1 3  0.550560
1 4  0.559172
1 5  0.560367
1 6  0.593469
1 7  0.585628
1 8  0.592482
1 9  0.577309
1 10  0.564925
1 11  0.565380
1 12  0.592839
1 13  0.592796
1 14  0.599838
1 15  0.580004
1 16  0.276053
1 17  0.562704
1 18  0.554218
1 19  0.561467
1 20  0.563147
1 21  0.579696
1 22  0.594552
1 23  0.564909
1 24  0.600180
1 25  0.580128
1 26  0.568423
1 27  0.590154
1 28  0.597766
1 29  0.584321
1 30  0.592803
2 3  0.547899
2 4  0.552284
2 5  0.553532
2 6  0.566523
2 7  0.579694
2 8  0.587038
2 9  0.589848
2 10  0.552914
2 11  0.555376
2 12  0.586298
2 13  0.584703
2 14  0.574059
2 15  0.597034
2 16  0.563451
2 17  0.259420
2 18  0.552754
2 19  0.554491
2 20  0.556869
2 21  0.593949
2 22  0.588885
2 23  0.556729
2 24  0.571032
2 25  0.596581
2 26  0.556408
2 27  0.582768
2 28  0.571410
2 29  0.577857
2 30  0.584327
3 4  0.551643
3 5  0.550576
3 6  0.591346
3 7  0.561663
3 8  0.591058
3 9  0.594624
3 10  0.561319
3 11  0.561787
3 12  0.592372
3 13  0.590880
3 14  0.596354
3 15  0.573168
3 16  0.561563
3 17  0.559055
3 18  0.273826
3 19  0.556884
3 20  0.556659
3 21  0.597142
3 22  0.592768
3 23  0.561470
3 24  0.596568
3 25  0.564872
3 26  0.564878
3 27  0.592066
3 28  0.594226
3 29  0.554503
3 30  0.589581
4 5  0.514839
4 6  0.595711
4 7  0.558890
4 8  0.596186
4 9  0.599163
4 10  0.565707
4 11  0.566176
4 12  0.596971
4 13  0.595284
4 14  0.600738
4 15  0.599743
4 16  0.571107
4 17  0.563426
4 18  0.559518
4 19  0.280474
4 20  0.511880
4 21  0.601870
4 22  0.596715
4 23  0.565867
4 24  0.600933
4 25  0.602772
4 26  0.569257
4 27  0.596183
4 28  0.598696
4 29  0.549156
4 30  0.594213
5 6  0.596974
5 7  0.560296
5 8  0.597670
5 9  0.600421
5 10  0.566953
5 11  0.567421
5 12  0.598231
5 13  0.596537
5 14  0.601984
5 15  0.602842
5 16  0.571619
5 17  0.564747
5 18  0.558317
5 19  0.512335
5 20  0.280558
5 21  0.603059
5 22  0.598575
5 23  0.567111
5 24  0.602325
5 25  0.605103
5 26  0.570505
5 27  0.597655
5 28  0.599958
5 29  0.548770
5 30  0.595495
6 7  0.623092
6 8  0.623726
6 9  0.622231
6 10  0.601040
6 11  0.601486
6 12  0.615895
6 13  0.594624
6 14  0.633701
6 15  0.639497
6 16  0.606521
6 17  0.582619
6 18  0.596124
6 19  0.597917
6 20  0.600323
6 21  0.635490
6 22  0.631596
6 23  0.601188
6 24  0.399234
6 25  0.640109
6 26  0.604351
6 27  0.601550
6 28  0.632011
6 29  0.621214
6 30  0.593733
7 8  0.622420
7 9  0.626518
7 10  0.593126
7 11  0.593594
7 12  0.624197
7 13  0.622705
7 14  0.628159
7 15  0.617624
7 16  0.598088
7 17  0.590675
7 18  0.559158
7 19  0.551865
7 20  0.553943
7 21  0.629313
7 22  0.623657
7 23  0.593289
7 24  0.628055
7 25  0.609987
7 26  0.596675
7 27  0.623670
7 28  0.626017
7 29  0.382022
7 30  0.621374
8 9  0.598498
8 10  0.602011
8 11  0.602482
8 12  0.610099
8 13  0.626507
8 14  0.636638
8 15  0.627907
8 16  0.602303
8 17  0.598077
8 18  0.596796
8 19  0.597836
8 20  0.600857
8 21  0.595734
8 22  0.410625
8 23  0.602119
8 24  0.633567
8 25  0.627854
8 26  0.605438
8 27  0.610512
8 28  0.634766
8 29  0.621110
8 30  0.628531
9 10  0.604716
9 11  0.605116
9 12  0.617176
9 13  0.625883
9 14  0.638944
9 15  0.640443
9 16  0.594795
9 17  0.602053
9 18  0.599243
9 19  0.601457
9 20  0.603727
9 21  0.415284
9 22  0.598931
9 23  0.604590
9 24  0.637864
9 25  0.641329
9 26  0.608111
9 27  0.603230
9 28  0.637644
9 29  0.624724
9 30  0.631845
10 11  0.523628
10 12  0.602167
10 13  0.599317
10 14  0.570259
10 15  0.610633
10 16  0.576735
10 17  0.564756
10 18  0.566201
10 19  0.567951
10 20  0.570290
10 21  0.607286
10 22  0.602723
10 23  0.519968
10 24  0.606132
10 25  0.610098
10 26  0.295534
10 27  0.601995
10 28  0.557526
10 29  0.591407
10 30  0.599241
11 12  0.602523
11 13  0.598605
11 14  0.569079
11 15  0.611100
11 16  0.576990
11 17  0.568492
11 18  0.566655
11 19  0.568422
11 20  0.570759
11 21  0.607385
11 22  0.603084
11 23  0.296428
11 24  0.606959
11 25  0.610532
11 26  0.519528
11 27  0.602157
11 28  0.560909
11 29  0.591882
11 30  0.598257
12 13  0.609545
12 14  0.636829
12 15  0.640878
12 16  0.602534
12 17  0.595008
12 18  0.597278
12 19  0.599002
12 20  0.601453
12 21  0.616540
12 22  0.601895
12 23  0.602448
12 24  0.617284
12 25  0.637423
12 26  0.606005
12 27  0.483499
12 28  0.631754
12 29  0.622588
12 30  0.600570
13 14  0.624977
13 15  0.639570
13 16  0.604709
13 17  0.593731
13 18  0.595588
13 19  0.597545
13 20  0.599871
13 21  0.633155
13 22  0.630440
13 23  0.599177
13 24  0.594128
13 25  0.639514
13 26  0.604069
13 27  0.610333
13 28  0.622105
13 29  0.620922
13 30  0.391940
14 15  0.645623
14 16  0.611502
14 17  0.580579
14 18  0.601167
14 19  0.602985
14 20  0.605325
14 21  0.641903
14 22  0.637977
14 23  0.559177
14 24  0.637790
14 25  0.645260
14 26  0.564250
14 27  0.633476
14 28  0.400493
14 29  0.626401
14 30  0.627051
15 16  0.588558
15 17  0.607913
15 18  0.571687
15 19  0.605412
15 20  0.608858
15 21  0.642580
15 22  0.634047
15 23  0.610717
15 24  0.645294
15 25  0.400703
15 26  0.614098
15 27  0.637459
15 28  0.643617
15 29  0.607937
15 30  0.639093
16 17  0.574546
16 18  0.567140
16 19  0.573428
16 20  0.575786
16 21  0.587061
16 22  0.604585
16 23  0.577021
16 24  0.611122
16 25  0.590064
16 26  0.580428
16 27  0.605120
16 28  0.609730
16 29  0.595161
16 30  0.603621
17 18  0.563998
17 19  0.565752
17 20  0.568090
17 21  0.604289
17 22  0.599236
17 23  0.564654
17 24  0.578600
17 25  0.607836
17 26  0.567001
17 27  0.597532
17 28  0.581544
17 29  0.589202
17 30  0.594176
18 19  0.557072
18 20  0.558125
18 21  0.602220
18 22  0.596882
18 23  0.566363
18 24  0.601562
18 25  0.576189
18 26  0.569758
18 27  0.596839
18 28  0.599209
18 29  0.564137
18 30  0.594732
19 20  0.519543
19 21  0.604145
19 22  0.599281
19 23  0.568119
19 24  0.603283
19 25  0.601146
19 26  0.571513
19 27  0.598658
19 28  0.600962
19 29  0.559847
19 30  0.596470
20 21  0.606521
20 22  0.601919
20 23  0.570454
20 24  0.605647
20 25  0.605257
20 26  0.573849
20 27  0.601075
20 28  0.603297
20 29  0.561510
20 30  0.598826
21 22  0.599364
21 23  0.607494
21 24  0.636159
21 25  0.644198
21 26  0.611000
21 27  0.616977
21 28  0.639493
21 29  0.627332
21 30  0.627247
22 23  0.603102
22 24  0.629641
22 25  0.627763
22 26  0.606549
22 27  0.615324
22 28  0.635006
22 29  0.621694
22 30  0.619898
23 24  0.606155
23 25  0.610405
23 26  0.526361
23 27  0.601538
23 28  0.568531
23 29  0.591574
23 30  0.597485
24 25  0.644273
24 26  0.609846
24 27  0.616852
24 28  0.637988
24 29  0.626696
24 30  0.596402
25 26  0.613802
25 27  0.639085
25 28  0.643165
25 29  0.616420
25 30  0.637498
26 27  0.605344
26 28  0.570925
26 29  0.594968
26 30  0.601934
27 28  0.633708
27 29  0.621844
27 30  0.613531
28 29  0.624417
28 30  0.620902
29 30  0.619915
