  -1146.54063255
  -1146.90945977
0.00000769628485
2 2 2 2 2 2 2 2 2 2 2 2 2 2 2 0 0 0 0 0 0 0 0 0 0 0 0 0 0 0 
1  0.280936
2  0.273618
3  0.276553
4  0.280617
5  0.281761
6  0.317544
7  0.308353
8  0.318633
9  0.321053
10  0.286176
11  0.286788
12  0.318777
13  0.317300
14  0.321716
15  0.326619
16  0.292995
17  0.284933
18  0.281469
19  0.282887
20  0.285127
21  0.323813
22  0.319518
23  0.286459
24  0.322949
25  0.326148
26  0.289755
27  0.318432
28  0.319641
29  0.306596
30  0.316155
1 2  0.554408
1 3  0.552975
1 4  0.561314
1 5  0.562401
1 6  0.596895
1 7  0.588059
1 8  0.596293
1 9  0.580413
1 10  0.567095
1 11  0.567693
1 12  0.596268
1 13  0.596411
1 14  0.602499
1 15  0.583175
1 16  0.279217
1 17  0.565835
1 18  0.556731
1 19  0.563627
1 20  0.565158
1 21  0.583152
1 22  0.598283
1 23  0.567152
1 24  0.603743
1 25  0.583286
1 26  0.570596
1 27  0.593721
1 28  0.600388
1 29  0.586723
1 30  0.596384
2 3  0.550162
2 4  0.554228
2 5  0.555374
2 6  0.569398
2 7  0.581955
2 8  0.590582
2 9  0.593116
2 10  0.554866
2 11  0.557479
2 12  0.589534
2 13  0.588194
2 14  0.576483
2 15  0.600024
2 16  0.566598
2 17  0.262133
2 18  0.555046
2 19  0.556425
2 20  0.558733
2 21  0.597307
2 22  0.592403
2 23  0.558818
2 24  0.574309
2 25  0.599493
2 26  0.558417
2 27  0.586148
2 28  0.573862
2 29  0.580042
2 30  0.587719
3 4  0.552975
3 5  0.551827
3 6  0.594083
3 7  0.563326
3 8  0.594067
3 9  0.597396
3 10  0.562723
3 11  0.563335
3 12  0.595077
3 13  0.593814
3 14  0.598267
3 15  0.575617
3 16  0.564149
3 17  0.561411
3 18  0.275484
3 19  0.558256
3 20  0.557965
3 21  0.599939
3 22  0.595713
3 23  0.562986
3 24  0.599363
3 25  0.567277
3 26  0.566307
3 27  0.594890
3 28  0.596077
3 29  0.556143
3 30  0.592363
4 5  0.515866
4 6  0.598122
4 7  0.560237
4 8  0.598905
4 9  0.601616
4 10  0.566792
4 11  0.567405
4 12  0.599373
4 13  0.597900
4 14  0.602332
4 15  0.601802
4 16  0.573361
4 17  0.565441
4 18  0.560916
4 19  0.281598
4 20  0.512941
4 21  0.604344
4 22  0.599357
4 23  0.567073
4 24  0.603387
4 25  0.604812
4 26  0.570364
4 27  0.598690
4 28  0.600240
4 29  0.550508
4 30  0.596731
5 6  0.599284
5 7  0.561599
5 8  0.600303
5 9  0.602774
5 10  0.567936
5 11  0.568548
5 12  0.600532
5 13  0.599053
5 14  0.603475
5 15  0.604801
5 16  0.573712
5 17  0.566684
5 18  0.559628
5 19  0.513389
5 20  0.281502
5 21  0.605403
5 22  0.601130
5 23  0.568214
5 24  0.604703
5 25  0.607032
5 26  0.571511
5 27  0.600066
5 28  0.601402
5 29  0.550037
5 30  0.597909
6 7  0.625830
6 8  0.627691
6 9  0.625810
6 10  0.603485
6 11  0.604063
6 12  0.619651
6 13  0.598615
6 14  0.636632
6 15  0.642920
6 16  0.610129
6 17  0.585860
6 18  0.598889
6 19  0.600340
6 20  0.602669
6 21  0.639265
6 22  0.635610
6 23  0.603751
6 24  0.402955
6 25  0.643495
6 26  0.606824
6 27  0.605357
6 28  0.634903
6 29  0.623853
6 30  0.597672
7 8  0.625419
7 9  0.629281
7 10  0.594526
7 11  0.595139
7 12  0.626898
7 13  0.625642
7 14  0.630068
7 15  0.619971
7 16  0.600645
7 17  0.592971
7 18  0.560904
7 19  0.553264
7 20  0.555257
7 21  0.632097
7 22  0.626632
7 23  0.594812
7 24  0.630808
7 25  0.612325
7 26  0.598098
7 27  0.626511
7 28  0.627860
7 29  0.383814
7 30  0.624196
8 9  0.602642
8 10  0.604776
8 11  0.605391
8 12  0.613936
8 13  0.630600
8 14  0.639876
8 15  0.631459
8 16  0.606247
8 17  0.601788
8 18  0.599870
8 19  0.600582
8 20  0.603523
8 21  0.599943
8 22  0.414796
8 23  0.605008
8 24  0.637708
8 25  0.631551
8 26  0.608189
8 27  0.614565
8 28  0.637985
8 29  0.624130
8 30  0.632643
9 10  0.607198
9 11  0.607743
9 12  0.620976
9 13  0.629754
9 14  0.641889
9 15  0.643949
9 16  0.598281
9 17  0.605481
9 18  0.602052
9 19  0.603932
9 20  0.606092
9 21  0.419071
9 22  0.603044
9 23  0.607151
9 24  0.641671
9 25  0.644755
9 26  0.610613
9 27  0.607053
9 28  0.640576
9 29  0.627440
9 30  0.635762
10 11  0.524967
10 12  0.604573
10 13  0.601921
10 14  0.571969
10 15  0.612793
10 16  0.579014
10 17  0.566835
10 18  0.567643
10 19  0.569048
10 20  0.571296
10 21  0.609786
10 22  0.605355
10 23  0.521314
10 24  0.608644
10 25  0.612158
10 26  0.296722
10 27  0.604533
10 28  0.559164
10 29  0.592759
10 30  0.601762
11 12  0.605067
11 13  0.601332
11 14  0.570848
11 15  0.613404
11 16  0.579354
11 17  0.570694
11 18  0.568234
11 19  0.569666
11 20  0.571909
11 21  0.609994
11 22  0.605915
11 23  0.297862
11 24  0.609605
11 25  0.612735
11 26  0.520931
11 27  0.604847
11 28  0.562666
11 29  0.593383
11 30  0.600951
12 13  0.613223
12 14  0.639739
12 15  0.644319
12 16  0.606142
12 17  0.598396
12 18  0.600027
12 19  0.601411
12 20  0.603779
12 21  0.620299
12 22  0.605673
12 23  0.605001
12 24  0.621042
12 25  0.640790
12 26  0.608459
12 27  0.487614
12 28  0.634627
12 29  0.625268
12 30  0.604233
13 14  0.627930
13 15  0.643208
13 16  0.608505
13 17  0.597341
13 18  0.598507
13 19  0.600185
13 20  0.602416
13 21  0.637170
13 22  0.634569
13 23  0.601950
13 24  0.598224
13 25  0.643120
13 26  0.606722
13 27  0.614298
13 28  0.625201
13 29  0.623810
13 30  0.395856
14 15  0.648285
14 16  0.614250
14 17  0.583173
14 18  0.603099
14 19  0.604596
14 20  0.606842
14 21  0.644899
14 22  0.641168
14 23  0.560963
14 24  0.640801
14 25  0.647845
14 26  0.565957
14 27  0.636504
14 28  0.402756
14 29  0.628252
14 30  0.630071
15 16  0.591927
15 17  0.610990
15 18  0.574182
15 19  0.607559
15 20  0.610890
15 21  0.646125
15 22  0.637712
15 23  0.612986
15 24  0.648835
15 25  0.403954
15 26  0.616265
15 27  0.641009
15 28  0.646237
15 29  0.610305
15 30  0.642681
16 17  0.577763
16 18  0.569703
16 19  0.575701
16 20  0.577963
16 21  0.590286
16 22  0.608401
16 23  0.579421
16 24  0.614757
16 25  0.593260
16 26  0.582733
16 27  0.608767
16 28  0.612455
16 29  0.597637
16 30  0.607270
17 18  0.566393
17 19  0.567809
17 20  0.570053
17 21  0.607707
17 22  0.602810
17 23  0.566813
17 24  0.581627
17 25  0.610837
17 26  0.569063
17 27  0.600964
17 28  0.584027
17 29  0.591512
17 30  0.597647
18 19  0.558460
18 20  0.559442
18 21  0.605047
18 22  0.599827
18 23  0.567925
18 24  0.604394
18 25  0.578599
18 26  0.571222
18 27  0.599702
18 28  0.601110
18 29  0.565799
18 30  0.597602
19 20  0.520616
19 21  0.606633
19 22  0.601926
19 23  0.569345
19 24  0.605767
19 25  0.603142
19 26  0.572641
19 27  0.601184
19 28  0.602526
19 29  0.561184
19 30  0.598993
20 21  0.608919
20 22  0.604487
20 23  0.571586
20 24  0.608041
20 25  0.607164
20 26  0.574882
20 27  0.603511
20 28  0.604767
20 29  0.562794
20 30  0.601261
21 22  0.603507
21 23  0.610107
21 24  0.639886
21 25  0.647637
21 26  0.613519
21 27  0.620755
21 28  0.642387
21 29  0.630055
21 30  0.631048
22 23  0.605894
22 24  0.633585
22 25  0.631161
22 26  0.609252
22 27  0.619313
22 28  0.638089
22 29  0.624577
22 30  0.623613
23 24  0.608765
23 25  0.612604
23 26  0.527712
23 27  0.604160
23 28  0.570241
23 29  0.593053
23 30  0.600104
24 25  0.647636
24 26  0.612372
24 27  0.620636
24 28  0.640931
24 29  0.629442
24 30  0.600389
25 26  0.615903
25 27  0.642546
25 28  0.645691
25 29  0.618664
25 30  0.640923
26 27  0.607895
26 28  0.572594
26 29  0.596349
26 30  0.604448
27 28  0.636691
27 29  0.624599
27 30  0.617397
28 29  0.626235
28 30  0.623716
29 30  0.622700
