  -1146.52370930
  -1146.88346453
0.00005309325630
2 2 2 2 2 2 2 2 2 2 2 2 2 2 2 0 0 0 0 0 0 0 0 0 0 0 0 0 0 0 
1  0.262098
2  0.273089
3  0.267474
4  0.263834
5  0.277883
6  0.273507
7  0.275099
8  0.275488
9  0.313288
10  0.302451
11  0.297058
12  0.302643
13  0.298938
14  0.301327
15  0.294836
16  0.279701
17  0.268862
18  0.268938
19  0.274491
20  0.277857
21  0.278528
22  0.280179
23  0.275617
24  0.304732
25  0.314484
26  0.302591
27  0.296880
28  0.300839
29  0.296966
30  0.300471
1 2  0.534094
1 3  0.527676
1 4  0.525920
1 5  0.539827
1 6  0.535119
1 7  0.537191
1 8  0.537580
1 9  0.551636
1 10  0.564048
1 11  0.547029
1 12  0.564726
1 13  0.558954
1 14  0.557904
1 15  0.549929
1 16  0.264627
1 17  0.530325
1 18  0.530404
1 19  0.536439
1 20  0.539446
1 21  0.538872
1 22  0.542272
1 23  0.537701
1 24  0.543994
1 25  0.576537
1 26  0.562043
1 27  0.556275
1 28  0.538319
1 29  0.558268
1 30  0.562373
2 3  0.540543
2 4  0.534768
2 5  0.550962
2 6  0.546588
2 7  0.548060
2 8  0.548154
2 9  0.586030
2 10  0.552868
2 11  0.565195
2 12  0.573206
2 13  0.572012
2 14  0.553187
2 15  0.565350
2 16  0.550226
2 17  0.267041
2 18  0.541980
2 19  0.546952
2 20  0.550923
2 21  0.551495
2 22  0.552828
2 23  0.547201
2 24  0.577273
2 25  0.554999
2 26  0.575462
2 27  0.559717
2 28  0.567490
2 29  0.564200
2 30  0.571853
3 4  0.531293
3 5  0.539364
3 6  0.536575
3 7  0.542572
3 8  0.542961
3 9  0.552599
3 10  0.569876
3 11  0.564322
3 12  0.570106
3 13  0.546329
3 14  0.568627
3 15  0.560605
3 16  0.546660
3 17  0.536112
3 18  0.261304
3 19  0.541684
3 20  0.542478
3 21  0.545037
3 22  0.547624
3 23  0.543087
3 24  0.541804
3 25  0.581367
3 26  0.540789
3 27  0.563014
3 28  0.567676
3 29  0.562620
3 30  0.567885
4 5  0.541715
4 6  0.537340
4 7  0.533275
4 8  0.535692
4 9  0.577048
4 10  0.541509
4 11  0.559986
4 12  0.545396
4 13  0.562764
4 14  0.563662
4 15  0.557924
4 16  0.543392
4 17  0.531727
4 18  0.532707
4 19  0.264675
4 20  0.541678
4 21  0.542357
4 22  0.540231
4 23  0.538275
4 24  0.568290
4 25  0.542639
4 26  0.566424
4 27  0.559033
4 28  0.564647
4 29  0.560229
4 30  0.539974
5 6  0.505205
5 7  0.552981
5 8  0.553371
5 9  0.588671
5 10  0.580328
5 11  0.574916
5 12  0.580525
5 13  0.547326
5 14  0.579192
5 15  0.572619
5 16  0.557364
5 17  0.546713
5 18  0.542510
5 19  0.552329
5 20  0.274951
5 21  0.503014
5 22  0.558057
5 23  0.553500
5 24  0.581818
5 25  0.592266
5 26  0.543892
5 27  0.574444
5 28  0.578480
5 29  0.574513
5 30  0.578341
6 7  0.548606
6 8  0.548995
6 9  0.582323
6 10  0.575955
6 11  0.570527
6 12  0.576150
6 13  0.544498
6 14  0.574806
6 15  0.568278
6 16  0.551900
6 17  0.542367
6 18  0.541145
6 19  0.547983
6 20  0.501727
6 21  0.275264
6 22  0.553685
6 23  0.549125
6 24  0.576998
6 25  0.587976
6 26  0.536922
6 27  0.570274
6 28  0.574148
6 29  0.570442
6 30  0.573970
7 8  0.504504
7 9  0.588380
7 10  0.574362
7 11  0.572001
7 12  0.550221
7 13  0.574037
7 14  0.576342
7 15  0.569848
7 16  0.554797
7 17  0.543684
7 18  0.544021
7 19  0.546216
7 20  0.552956
7 21  0.553627
7 22  0.273473
7 23  0.501560
7 24  0.579817
7 25  0.588846
7 26  0.577686
7 27  0.571184
7 28  0.575887
7 29  0.572030
7 30  0.536272
8 9  0.588770
8 10  0.573637
8 11  0.572394
8 12  0.548365
8 13  0.574426
8 14  0.576772
8 15  0.570243
8 16  0.555119
8 17  0.542920
8 18  0.544420
8 19  0.548975
8 20  0.553346
8 21  0.554015
8 22  0.501705
8 23  0.275292
8 24  0.580218
8 25  0.588235
8 26  0.578072
8 27  0.571824
8 28  0.576117
8 29  0.572437
8 30  0.539829
9 10  0.615243
9 11  0.606632
9 12  0.615924
9 13  0.599480
9 14  0.613231
9 15  0.597307
9 16  0.561741
9 17  0.582101
9 18  0.547319
9 19  0.587199
9 20  0.590454
9 21  0.589605
9 22  0.593415
9 23  0.588905
9 24  0.382957
9 25  0.627137
9 26  0.595551
9 27  0.606440
9 28  0.606145
9 29  0.607179
9 30  0.613530
10 11  0.591342
10 12  0.591496
10 13  0.601384
10 14  0.599633
10 15  0.593958
10 16  0.581690
10 17  0.549342
10 18  0.571158
10 19  0.547588
10 20  0.580307
10 21  0.580958
10 22  0.581953
10 23  0.576511
10 24  0.607160
10 25  0.385405
10 26  0.604911
10 27  0.582298
10 28  0.601152
10 29  0.599050
10 30  0.580457
11 12  0.599485
11 13  0.595934
11 14  0.567458
11 15  0.562380
11 16  0.569360
11 17  0.564962
11 18  0.565593
11 19  0.569988
11 20  0.574909
11 21  0.575441
11 22  0.577142
11 23  0.572647
11 24  0.601206
11 25  0.608834
11 26  0.599128
11 27  0.508563
11 28  0.511708
11 29  0.554329
11 30  0.596637
12 13  0.601575
12 14  0.603719
12 15  0.597397
12 16  0.582057
12 17  0.568391
12 18  0.571580
12 19  0.547111
12 20  0.580494
12 21  0.581162
12 22  0.545394
12 23  0.539036
12 24  0.607242
12 25  0.597688
12 26  0.605218
12 27  0.599405
12 28  0.603151
12 29  0.599213
12 30  0.376478
13 14  0.600100
13 15  0.593053
13 16  0.576470
13 17  0.567570
13 18  0.542368
13 19  0.573383
13 20  0.536920
13 21  0.540972
13 22  0.579109
13 23  0.574552
13 24  0.581292
13 25  0.613240
13 26  0.372888
13 27  0.595685
13 28  0.599703
13 29  0.595316
13 30  0.599407
14 15  0.566210
14 16  0.574633
14 17  0.544256
14 18  0.570210
14 19  0.574839
14 20  0.579076
14 21  0.579562
14 22  0.581188
14 23  0.576693
14 24  0.603684
14 25  0.607154
14 26  0.603653
14 27  0.537217
14 28  0.568189
14 29  0.511834
14 30  0.601723
15 16  0.563979
15 17  0.561153
15 18  0.561828
15 19  0.567989
15 20  0.572161
15 21  0.573107
15 22  0.574807
15 23  0.570426
15 24  0.583971
15 25  0.606053
15 26  0.597308
15 27  0.559690
15 28  0.532082
15 29  0.506910
15 30  0.595052
16 17  0.547246
16 18  0.545595
16 19  0.554157
16 20  0.557320
16 21  0.557611
16 22  0.559870
16 23  0.555311
16 24  0.559403
16 25  0.593714
16 26  0.579489
16 27  0.573417
16 28  0.558307
16 29  0.571734
16 30  0.580156
17 18  0.537774
17 19  0.540491
17 20  0.546711
17 21  0.547383
17 22  0.548766
17 23  0.543808
17 24  0.572868
17 25  0.558000
17 26  0.571443
17 27  0.557820
17 28  0.563484
17 29  0.552317
17 30  0.567069
18 19  0.543411
18 20  0.540532
18 21  0.542548
18 22  0.549116
18 23  0.544555
18 24  0.547406
18 25  0.583317
18 26  0.549338
18 27  0.564914
18 28  0.568166
18 29  0.564717
18 30  0.569401
19 20  0.552348
19 21  0.553017
19 22  0.548068
19 23  0.544282
19 24  0.579154
19 25  0.559616
19 26  0.577073
19 27  0.569200
19 28  0.575125
19 29  0.571162
19 30  0.553265
20 21  0.509697
20 22  0.558036
20 23  0.553475
20 24  0.578511
20 25  0.592335
20 26  0.552672
20 27  0.574661
20 28  0.578631
20 29  0.574691
20 30  0.578328
21 22  0.558706
21 23  0.554145
21 24  0.578440
21 25  0.593007
21 26  0.551119
21 27  0.575346
21 28  0.579337
21 29  0.575395
21 30  0.578997
22 23  0.509148
22 24  0.584906
22 25  0.591520
22 26  0.582769
22 27  0.576954
22 28  0.580996
22 29  0.577121
22 30  0.551209
23 24  0.580348
23 25  0.585301
23 26  0.578207
23 27  0.572403
23 28  0.576418
23 29  0.572551
23 30  0.547887
24 25  0.618626
24 26  0.594452
24 27  0.598152
24 28  0.601872
24 29  0.593064
24 30  0.605193
25 26  0.617067
25 27  0.600643
25 28  0.613726
25 29  0.607490
25 30  0.603334
26 27  0.599366
26 28  0.603082
26 29  0.599325
26 30  0.603056
27 28  0.569397
27 29  0.564229
27 30  0.596048
28 29  0.565995
28 30  0.601132
29 30  0.597400
