  -1146.52370930
  -1146.88503922
0.00001766270830
2 2 2 2 2 2 2 2 2 2 2 2 2 2 2 0 0 0 0 0 0 0 0 0 0 0 0 0 0 0 
1  0.266140
2  0.277292
3  0.270806
4  0.267031
5  0.279671
6  0.275396
7  0.276744
8  0.277331
9  0.318190
10  0.307164
11  0.301599
12  0.305477
13  0.301637
14  0.305724
15  0.299849
16  0.284113
17  0.273023
18  0.272211
19  0.277887
20  0.279519
21  0.280400
22  0.281939
23  0.277487
24  0.309300
25  0.319335
26  0.305288
27  0.301819
28  0.305268
29  0.301489
30  0.303174
1 2  0.542190
1 3  0.534966
1 4  0.533154
1 5  0.545628
1 6  0.540967
1 7  0.542873
1 8  0.543459
1 9  0.560262
1 10  0.572660
1 11  0.554948
1 12  0.571595
1 13  0.565501
1 14  0.566077
1 15  0.558920
1 16  0.272372
1 17  0.538336
1 18  0.537663
1 19  0.543845
1 20  0.545128
1 21  0.544700
1 22  0.548078
1 23  0.543583
1 24  0.552542
1 25  0.585425
1 26  0.568766
1 27  0.565137
1 28  0.546565
1 29  0.566802
1 30  0.569057
2 3  0.548072
2 4  0.541972
2 5  0.556949
2 6  0.552676
2 7  0.553880
2 8  0.554125
2 9  0.595077
2 10  0.561462
2 11  0.573806
2 12  0.579981
2 13  0.578909
2 14  0.561127
2 15  0.574466
2 16  0.558674
2 17  0.274823
2 18  0.549433
2 19  0.554488
2 20  0.556788
2 21  0.557567
2 22  0.558726
2 23  0.553118
2 24  0.586038
2 25  0.564111
2 26  0.582316
2 27  0.568871
2 28  0.576036
2 29  0.572743
2 30  0.578747
3 4  0.537815
3 5  0.544171
3 6  0.541555
3 7  0.547549
3 8  0.548135
3 9  0.560505
3 10  0.577911
3 11  0.572181
3 12  0.576270
3 13  0.552196
3 14  0.576311
3 15  0.568743
3 16  0.554340
3 17  0.543543
3 18  0.267338
3 19  0.548357
3 20  0.547405
3 21  0.550172
3 22  0.552701
3 23  0.548283
3 24  0.549671
3 25  0.589433
3 26  0.546825
3 27  0.571241
3 28  0.575419
3 29  0.570427
3 30  0.573920
4 5  0.546699
4 6  0.542426
4 7  0.537859
4 8  0.540576
4 9  0.585121
4 10  0.549312
4 11  0.567639
4 12  0.551183
4 13  0.568658
4 14  0.571097
4 15  0.565991
4 16  0.550972
4 17  0.539017
4 18  0.539124
4 19  0.270720
4 20  0.546527
4 21  0.547424
4 22  0.545071
4 23  0.543279
4 24  0.575951
4 25  0.550675
4 26  0.572315
4 27  0.567141
4 28  0.572264
4 29  0.567853
4 30  0.545876
5 6  0.509109
5 7  0.556414
5 8  0.557002
5 9  0.595162
5 10  0.586825
5 11  0.581234
5 12  0.585146
5 13  0.551737
5 14  0.585370
5 15  0.579400
5 16  0.563508
5 17  0.552682
5 18  0.547449
5 19  0.557489
5 20  0.278413
5 21  0.506918
5 22  0.561602
5 23  0.557158
5 24  0.588112
5 25  0.598890
5 26  0.548375
5 27  0.581155
5 28  0.584697
5 29  0.580720
5 30  0.582822
6 7  0.552140
6 8  0.552726
6 9  0.588776
6 10  0.582553
6 11  0.576941
6 12  0.580872
6 13  0.548962
6 14  0.581083
6 15  0.575161
6 16  0.558095
6 17  0.548403
6 18  0.546228
6 19  0.553251
6 20  0.505497
6 21  0.278940
6 22  0.557333
6 23  0.552883
6 24  0.583389
6 25  0.594710
6 26  0.541479
6 27  0.577069
6 28  0.580431
6 29  0.576850
6 30  0.578552
7 8  0.508224
7 9  0.594922
7 10  0.580510
7 11  0.578154
7 12  0.554707
7 13  0.578381
7 14  0.582372
7 15  0.576481
7 16  0.560856
7 17  0.549469
7 18  0.548916
7 19  0.551204
7 20  0.556261
7 21  0.557145
7 22  0.276854
7 23  0.505306
7 24  0.586011
7 25  0.595293
7 26  0.582020
7 27  0.577670
7 28  0.581968
7 29  0.578193
7 30  0.540587
8 9  0.595509
8 10  0.579882
8 11  0.578757
8 12  0.552867
8 13  0.578967
8 14  0.583006
8 15  0.577069
8 16  0.561352
8 17  0.548821
8 18  0.549525
8 19  0.554147
8 20  0.556850
8 21  0.557728
8 22  0.505565
8 23  0.278911
8 24  0.586629
8 25  0.594861
8 26  0.582604
8 27  0.578590
8 28  0.582367
8 29  0.578798
8 30  0.544320
9 10  0.624769
9 11  0.615906
9 12  0.623659
9 13  0.606731
9 14  0.622428
9 15  0.606702
9 16  0.571063
9 17  0.591158
9 18  0.555437
9 19  0.595391
9 20  0.596963
9 21  0.596332
9 22  0.600066
9 23  0.595677
9 24  0.392097
9 25  0.636903
9 26  0.602897
9 27  0.616186
9 28  0.615322
9 29  0.616447
9 30  0.621095
10 11  0.599989
10 12  0.598629
10 13  0.608792
10 14  0.608606
10 15  0.603415
10 16  0.590820
10 17  0.558098
10 18  0.579068
10 19  0.555633
10 20  0.586676
10 21  0.587550
10 22  0.588371
10 23  0.583034
10 24  0.616417
10 25  0.394635
10 26  0.612291
10 27  0.591691
10 28  0.610164
10 29  0.608249
10 30  0.587691
11 12  0.606830
11 13  0.603155
11 14  0.576588
11 15  0.571853
11 16  0.578086
11 17  0.573622
11 18  0.573334
11 19  0.577895
11 20  0.581112
11 21  0.581818
11 22  0.583418
11 23  0.579050
11 24  0.610282
11 25  0.618074
11 26  0.606358
11 27  0.517401
11 28  0.520105
11 29  0.563425
11 30  0.603789
12 13  0.607108
12 14  0.610914
12 15  0.605228
12 16  0.589227
12 17  0.575360
12 18  0.577685
12 19  0.553332
12 20  0.584987
12 21  0.585864
12 22  0.549960
12 23  0.543685
12 24  0.614605
12 25  0.605124
12 26  0.610751
12 27  0.607154
12 28  0.610403
12 29  0.606550
12 30  0.381918
13 14  0.607172
13 15  0.600640
13 16  0.583533
13 17  0.574364
13 18  0.548325
13 19  0.579487
13 20  0.541227
13 21  0.545468
13 22  0.583564
13 23  0.579115
13 24  0.588405
13 25  0.620769
13 26  0.378220
13 27  0.603316
13 28  0.606820
13 29  0.602486
13 30  0.604811
14 15  0.575252
14 16  0.583385
14 17  0.552597
14 18  0.577861
14 19  0.582599
14 20  0.585093
14 21  0.585799
14 22  0.587349
14 23  0.582918
14 24  0.612544
14 25  0.616252
14 26  0.610728
14 27  0.546664
14 28  0.576820
14 29  0.520217
14 30  0.608812
15 16  0.573407
15 17  0.570226
15 18  0.570084
15 19  0.576322
15 20  0.578795
15 21  0.579988
15 22  0.581560
15 23  0.577299
15 24  0.593351
15 25  0.615824
15 26  0.604988
15 27  0.569332
15 28  0.541533
15 29  0.515764
15 30  0.602762
16 17  0.555626
16 18  0.553088
16 19  0.561959
16 20  0.563352
16 21  0.563812
16 22  0.566038
16 23  0.561589
16 24  0.568085
16 25  0.602912
16 26  0.586357
16 27  0.582638
16 28  0.566480
16 29  0.580555
16 30  0.587266
17 18  0.545201
17 19  0.547922
17 20  0.552530
17 21  0.553408
17 22  0.554646
17 23  0.549748
17 24  0.581459
17 25  0.566706
17 26  0.578298
17 27  0.566879
17 28  0.571827
17 29  0.560321
17 30  0.573735
18 19  0.550069
18 20  0.545264
18 21  0.547503
18 22  0.554149
18 23  0.549697
18 24  0.555106
18 25  0.591412
18 26  0.555094
18 27  0.572977
18 28  0.575727
18 29  0.572380
18 30  0.575374
19 20  0.557405
19 21  0.558285
19 22  0.552951
19 23  0.549306
19 24  0.587097
19 25  0.567522
19 26  0.583165
19 27  0.577337
19 28  0.582907
19 29  0.579047
19 30  0.559217
20 21  0.513455
20 22  0.561457
20 23  0.557006
20 24  0.584496
20 25  0.598844
20 26  0.557047
20 27  0.581243
20 28  0.584710
20 29  0.580873
20 30  0.582692
21 22  0.562339
21 23  0.557887
21 24  0.584593
21 25  0.599724
21 26  0.555548
21 27  0.582137
21 28  0.585634
21 29  0.581767
21 30  0.583572
22 23  0.513036
22 24  0.591232
22 25  0.597925
22 26  0.587227
22 27  0.583632
22 28  0.587178
22 29  0.583401
22 30  0.555558
23 24  0.586783
23 25  0.591701
23 26  0.582774
23 27  0.579192
23 28  0.582715
23 29  0.578926
23 30  0.552321
24 25  0.627954
24 26  0.601369
24 27  0.607418
24 28  0.610733
24 29  0.601571
24 30  0.612459
25 26  0.624613
25 27  0.609959
25 28  0.622857
25 29  0.616660
25 30  0.610597
26 27  0.606972
26 28  0.610159
26 29  0.606507
26 30  0.608456
27 28  0.578425
27 29  0.573617
27 30  0.603497
28 29  0.575147
28 30  0.608252
29 30  0.604619
