  -1146.52370930
  -1146.88547832
0.00000553408126
2 2 2 2 2 2 2 2 2 2 2 2 2 2 2 0 0 0 0 0 0 0 0 0 0 0 0 0 0 0 
1  0.267460
2  0.278729
3  0.271768
4  0.267957
5  0.280134
6  0.275854
7  0.277192
8  0.277815
9  0.319615
10  0.308478
11  0.303007
12  0.306236
13  0.302322
14  0.307149
15  0.301431
16  0.285585
17  0.274424
18  0.273160
19  0.278908
20  0.279966
21  0.280910
22  0.282401
23  0.277960
24  0.310592
25  0.320725
26  0.306003
27  0.303377
28  0.306648
29  0.302868
30  0.303863
1 2  0.544875
1 3  0.537212
1 4  0.535398
1 5  0.547403
1 6  0.542716
1 7  0.544635
1 8  0.545257
1 9  0.562931
1 10  0.575251
1 11  0.557440
1 12  0.573672
1 13  0.567466
1 14  0.568730
1 15  0.561810
1 16  0.274988
1 17  0.541028
1 18  0.539907
1 19  0.546171
1 20  0.546891
1 21  0.546501
1 22  0.549861
1 23  0.545362
1 24  0.555148
1 25  0.588132
1 26  0.570813
1 27  0.567952
1 28  0.549204
1 29  0.569497
1 30  0.571034
2 3  0.550469
2 4  0.544282
2 5  0.558846
2 6  0.554568
2 7  0.555755
2 8  0.556021
2 9  0.597915
2 10  0.564149
2 11  0.576612
2 12  0.582113
2 13  0.581027
2 14  0.563736
2 15  0.577427
2 16  0.561551
2 17  0.277475
2 18  0.551810
2 19  0.556925
2 20  0.558668
2 21  0.559475
2 22  0.560612
2 23  0.554985
2 24  0.588760
2 25  0.566963
2 26  0.584406
2 27  0.571861
2 28  0.578821
2 29  0.575496
2 30  0.580884
3 4  0.539694
3 5  0.545559
3 6  0.542915
3 7  0.548958
3 8  0.549580
3 9  0.562790
3 10  0.580182
3 11  0.574542
3 12  0.577991
3 13  0.553816
3 14  0.578681
3 15  0.571221
3 16  0.556753
3 17  0.545881
3 18  0.269151
3 19  0.550298
3 20  0.548819
3 21  0.551621
3 22  0.554108
3 23  0.549713
3 24  0.551919
3 25  0.591761
3 26  0.548494
3 27  0.573753
3 28  0.577759
3 29  0.572776
3 30  0.575569
4 5  0.548088
4 6  0.543809
4 7  0.539209
4 8  0.541947
4 9  0.587462
4 10  0.551518
4 11  0.569942
4 12  0.552832
4 13  0.570267
4 14  0.573401
4 15  0.568448
4 16  0.553349
4 17  0.541319
4 18  0.540957
4 19  0.272559
4 20  0.547883
4 21  0.548850
4 22  0.546459
4 23  0.544661
4 24  0.578136
4 25  0.552975
4 26  0.573954
4 27  0.569638
4 28  0.574568
4 29  0.570130
4 30  0.547493
5 6  0.510107
5 7  0.557325
5 8  0.557948
5 9  0.596996
5 10  0.588599
5 11  0.583103
5 12  0.586369
5 13  0.552896
5 14  0.587252
5 15  0.581437
5 16  0.565440
5 17  0.554547
5 18  0.548861
5 19  0.558946
5 20  0.279425
5 21  0.507970
5 22  0.562523
5 23  0.558093
5 24  0.589849
5 25  0.600718
5 26  0.549584
5 27  0.583172
5 28  0.586551
5 29  0.582512
5 30  0.583968
6 7  0.553046
6 8  0.553668
6 9  0.590603
6 10  0.584322
6 11  0.578798
6 12  0.582089
6 13  0.550103
6 14  0.582962
6 15  0.577197
6 16  0.559985
6 17  0.550255
6 18  0.547617
6 19  0.554723
6 20  0.506470
6 21  0.279953
6 22  0.558252
6 23  0.553813
6 24  0.585139
6 25  0.596558
6 26  0.542672
6 27  0.579086
6 28  0.582253
6 29  0.578687
6 30  0.579696
7 8  0.509227
7 9  0.596790
7 10  0.582216
7 11  0.579991
7 12  0.555948
7 13  0.579513
7 14  0.584239
7 15  0.578502
7 16  0.562773
7 17  0.551316
7 18  0.550292
7 19  0.552673
7 20  0.557152
7 21  0.558102
7 22  0.277863
7 23  0.506298
7 24  0.587738
7 25  0.597115
7 26  0.583178
7 27  0.579625
7 28  0.583803
7 29  0.580015
7 30  0.541745
8 9  0.597412
8 10  0.581618
8 11  0.580639
8 12  0.554098
8 13  0.580136
8 14  0.584915
8 15  0.579123
8 16  0.563291
8 17  0.550666
8 18  0.550948
8 19  0.555633
8 20  0.557780
8 21  0.558722
8 22  0.506585
8 23  0.279916
8 24  0.588406
8 25  0.596729
8 26  0.583797
8 27  0.580633
8 28  0.584222
8 29  0.580656
8 30  0.545500
9 10  0.627476
9 11  0.618681
9 12  0.625842
9 13  0.608781
9 14  0.625235
9 15  0.609535
9 16  0.573968
9 17  0.593981
9 18  0.557788
9 19  0.597793
9 20  0.598815
9 21  0.598261
9 22  0.601938
9 23  0.597575
9 24  0.394922
9 25  0.639719
9 26  0.604982
9 27  0.619132
9 28  0.618089
9 29  0.619208
9 30  0.623184
10 11  0.602520
10 12  0.600613
10 13  0.610790
10 14  0.611305
10 15  0.606233
10 16  0.593604
10 17  0.560797
10 18  0.581291
10 19  0.557951
10 20  0.588432
10 21  0.589372
10 22  0.590130
10 23  0.584819
10 24  0.619019
10 25  0.397471
10 26  0.614284
10 27  0.594494
10 28  0.612831
10 29  0.610932
10 30  0.589649
11 12  0.608985
11 13  0.605242
11 14  0.579497
11 15  0.574836
11 16  0.580879
11 17  0.576423
11 18  0.575674
11 19  0.580331
11 20  0.582964
11 21  0.583723
11 22  0.585284
11 23  0.580926
11 24  0.612966
11 25  0.620827
11 26  0.608498
11 27  0.520210
11 28  0.522678
11 29  0.566285
11 30  0.605851
12 13  0.608552
12 14  0.613087
12 15  0.607564
12 16  0.591382
12 17  0.577526
12 18  0.579390
12 19  0.555102
12 20  0.586186
12 21  0.587123
12 22  0.551207
12 23  0.544933
12 24  0.616630
12 25  0.607219
12 26  0.612227
12 27  0.609458
12 28  0.612540
12 29  0.608695
12 30  0.383505
13 14  0.609272
13 15  0.602864
13 16  0.585701
13 17  0.576408
13 18  0.549965
13 19  0.581189
13 20  0.542368
13 21  0.546665
13 22  0.584707
13 23  0.580269
13 24  0.590347
13 25  0.622828
13 26  0.379755
13 27  0.605558
13 28  0.608884
13 29  0.604531
13 30  0.606185
14 15  0.578119
14 16  0.586248
14 17  0.555327
14 18  0.580236
14 19  0.585047
14 20  0.586944
14 21  0.587724
14 22  0.589222
14 23  0.584803
14 24  0.615232
14 25  0.619014
14 26  0.612867
14 27  0.549715
14 28  0.579588
14 29  0.522825
14 30  0.610924
15 16  0.576453
15 17  0.573156
15 18  0.572634
15 19  0.578911
15 20  0.580806
15 21  0.582083
15 22  0.583605
15 23  0.579354
15 24  0.596178
15 25  0.618746
15 26  0.607272
15 27  0.572339
15 28  0.544563
15 29  0.518534
15 30  0.605041
16 17  0.558427
16 18  0.555445
16 19  0.564448
16 20  0.565257
16 21  0.565754
16 22  0.567969
16 23  0.563529
16 24  0.570780
16 25  0.605748
16 26  0.588492
16 27  0.585600
16 28  0.569087
16 29  0.583372
16 30  0.589425
17 18  0.547548
17 19  0.550295
17 20  0.554375
17 21  0.555314
17 22  0.556498
17 23  0.551590
17 24  0.584104
17 25  0.569419
17 26  0.580413
17 27  0.569828
17 28  0.574502
17 29  0.562862
17 30  0.575789
18 19  0.552028
18 20  0.546638
18 21  0.548917
18 22  0.555560
18 23  0.551118
18 24  0.557307
18 25  0.593735
18 26  0.556724
18 27  0.575425
18 28  0.578011
18 29  0.574675
18 30  0.577010
19 20  0.558872
19 21  0.559814
19 22  0.554397
19 23  0.550744
19 24  0.589405
19 25  0.569815
19 26  0.584899
19 27  0.579843
19 28  0.585293
19 29  0.581435
19 30  0.560898
20 21  0.514483
20 22  0.562366
20 23  0.557925
20 24  0.586162
20 25  0.600679
20 26  0.558242
20 27  0.583239
20 28  0.586533
20 29  0.582687
20 30  0.583828
21 22  0.563311
21 23  0.558869
21 24  0.586338
21 25  0.601621
21 26  0.556757
21 27  0.584196
21 28  0.587524
21 29  0.583651
21 30  0.584770
22 23  0.514045
22 24  0.592985
22 25  0.599725
22 26  0.588404
22 27  0.585643
22 28  0.589018
22 29  0.585240
22 30  0.556720
23 24  0.588545
23 25  0.593504
23 26  0.583962
23 27  0.581215
23 28  0.584565
23 29  0.580767
23 30  0.553480
24 25  0.630602
24 26  0.603307
24 27  0.610186
24 28  0.613376
24 29  0.604065
24 30  0.614440
25 26  0.626717
25 27  0.612747
25 28  0.625581
25 29  0.619377
25 30  0.612637
26 27  0.609235
26 28  0.612243
26 29  0.608580
26 30  0.609860
27 28  0.581256
27 29  0.576536
27 30  0.605680
28 29  0.577979
28 30  0.610312
29 30  0.606685
