  -1146.52370930
  -1146.88560837
0.00000003757829
2 2 2 2 2 2 2 2 2 2 2 2 2 2 2 0 0 0 0 0 0 0 0 0 0 0 0 0 0 0 
1  0.267952
2  0.279253
3  0.272117
4  0.268290
5  0.280300
6  0.276024
7  0.277352
8  0.277989
9  0.320134
10  0.308949
11  0.303533
12  0.306493
13  0.302562
14  0.307679
15  0.302011
16  0.286136
17  0.274945
18  0.273506
19  0.279287
20  0.280119
21  0.281084
22  0.282559
23  0.278129
24  0.311057
25  0.321230
26  0.306250
27  0.303947
28  0.307156
29  0.303388
30  0.304104
1 2  0.545872
1 3  0.538045
1 4  0.536221
1 5  0.548059
1 6  0.543369
1 7  0.545284
1 8  0.545919
1 9  0.563916
1 10  0.576191
1 11  0.558362
1 12  0.574421
1 13  0.568183
1 14  0.569727
1 15  0.562873
1 16  0.275962
1 17  0.542040
1 18  0.540737
1 19  0.547034
1 20  0.547537
1 21  0.547154
1 22  0.550509
1 23  0.546017
1 24  0.556103
1 25  0.589125
1 26  0.571553
1 27  0.568997
1 28  0.550173
1 29  0.570503
1 30  0.571743
2 3  0.551341
2 4  0.545123
2 5  0.559533
2 6  0.555260
2 7  0.556437
2 8  0.556711
2 9  0.598947
2 10  0.565123
2 11  0.577648
2 12  0.582878
2 13  0.581791
2 14  0.564695
2 15  0.578512
2 16  0.562624
2 17  0.278457
2 18  0.552677
2 19  0.557822
2 20  0.559347
2 21  0.560166
2 22  0.561293
2 23  0.555669
2 24  0.589747
2 25  0.568002
2 26  0.585152
2 27  0.572951
2 28  0.579840
2 29  0.576509
2 30  0.581656
3 4  0.540370
3 5  0.546063
3 6  0.543422
3 7  0.549467
3 8  0.550103
3 9  0.563623
3 10  0.581003
3 11  0.575413
3 12  0.578598
3 13  0.554403
3 14  0.579557
3 15  0.572130
3 16  0.557646
3 17  0.546744
3 18  0.269813
3 19  0.551021
3 20  0.549323
3 21  0.552140
3 22  0.554598
3 23  0.550223
3 24  0.552737
3 25  0.592599
3 26  0.549099
3 27  0.574662
3 28  0.578613
3 29  0.573657
3 30  0.576159
4 5  0.548586
4 6  0.544312
4 7  0.539695
4 8  0.542449
4 9  0.588314
4 10  0.552312
4 11  0.570791
4 12  0.553420
4 13  0.570839
4 14  0.574248
4 15  0.569346
4 16  0.554230
4 17  0.542166
4 18  0.541615
4 19  0.273237
4 20  0.548360
4 21  0.549352
4 22  0.546950
4 23  0.545160
4 24  0.578922
4 25  0.553815
4 26  0.574530
4 27  0.570551
4 28  0.575409
4 29  0.570976
4 30  0.548076
5 6  0.510468
5 7  0.557651
5 8  0.558288
5 9  0.597669
5 10  0.589235
5 11  0.583793
5 12  0.586792
5 13  0.553314
5 14  0.587944
5 15  0.582179
5 16  0.566156
5 17  0.555236
5 18  0.549371
5 19  0.559467
5 20  0.279777
5 21  0.508340
5 22  0.562843
5 23  0.558427
5 24  0.590475
5 25  0.601387
5 26  0.550010
5 27  0.583914
5 28  0.587235
5 29  0.583168
5 30  0.584371
6 7  0.553376
6 8  0.554013
6 9  0.591272
6 10  0.584962
6 11  0.579490
6 12  0.582517
6 13  0.550519
6 14  0.583662
6 15  0.577945
6 16  0.560697
6 17  0.550942
6 18  0.548130
6 19  0.555259
6 20  0.506819
6 21  0.280318
6 22  0.558578
6 23  0.554152
6 24  0.585773
6 25  0.597235
6 26  0.543098
6 27  0.579828
6 28  0.582927
6 29  0.579378
6 30  0.580100
7 8  0.509588
7 9  0.597468
7 10  0.582832
7 11  0.580670
7 12  0.556380
7 13  0.579913
7 14  0.584929
7 15  0.579240
7 16  0.563483
7 17  0.551997
7 18  0.550783
7 19  0.553213
7 20  0.557464
7 21  0.558436
7 22  0.278214
7 23  0.506654
7 24  0.588358
7 25  0.597778
7 26  0.583582
7 27  0.580341
7 28  0.584475
7 29  0.580693
7 30  0.542160
8 9  0.598102
8 10  0.582247
8 11  0.581336
8 12  0.554532
8 13  0.580550
8 14  0.585620
8 15  0.579872
8 16  0.564010
8 17  0.551346
8 18  0.551459
8 19  0.556182
8 20  0.558107
8 21  0.559070
8 22  0.506946
8 23  0.280283
8 24  0.589046
8 25  0.597404
8 26  0.584211
8 27  0.581381
8 28  0.584901
8 29  0.581349
8 30  0.545924
9 10  0.628458
9 11  0.619708
9 12  0.626618
9 13  0.609521
9 14  0.626268
9 15  0.610561
9 16  0.575042
9 17  0.595019
9 18  0.558650
9 19  0.598680
9 20  0.599483
9 21  0.598951
9 22  0.602612
9 23  0.598263
9 24  0.395956
9 25  0.640738
9 26  0.605730
9 27  0.620202
9 28  0.619092
9 29  0.620226
9 30  0.623943
10 11  0.603447
10 12  0.601316
10 13  0.611501
10 14  0.612285
10 15  0.607254
10 16  0.594632
10 17  0.561784
10 18  0.582098
10 19  0.558801
10 20  0.589054
10 21  0.590017
10 22  0.590755
10 23  0.585459
10 24  0.619957
10 25  0.398507
10 26  0.614993
10 27  0.595503
10 28  0.613800
10 29  0.611916
10 30  0.590350
11 12  0.609764
11 13  0.606006
11 14  0.580582
11 15  0.575942
11 16  0.581912
11 17  0.577464
11 18  0.576540
11 19  0.581247
11 20  0.583643
11 21  0.584422
11 22  0.585969
11 23  0.581619
11 24  0.613950
11 25  0.621837
11 26  0.609284
11 27  0.521237
11 28  0.523631
11 29  0.567352
11 30  0.606609
12 13  0.609050
12 14  0.613871
12 15  0.608401
12 16  0.592163
12 17  0.578307
12 18  0.579990
12 19  0.555748
12 20  0.586596
12 21  0.587550
12 22  0.551633
12 23  0.545368
12 24  0.617349
12 25  0.607965
12 26  0.612734
12 27  0.610281
12 28  0.613303
12 29  0.609480
12 30  0.384062
13 14  0.610038
13 15  0.603666
13 16  0.586496
13 17  0.577144
13 18  0.550560
13 19  0.581806
13 20  0.542771
13 21  0.547086
13 22  0.585101
13 23  0.580673
13 24  0.591043
13 25  0.623581
13 26  0.380298
13 27  0.606369
13 28  0.609631
13 29  0.605283
13 30  0.606667
14 15  0.579172
14 16  0.587318
14 17  0.556337
14 18  0.581110
14 19  0.585954
14 20  0.587617
14 21  0.588428
14 22  0.589906
14 23  0.585499
14 24  0.616216
14 25  0.620022
14 26  0.613640
14 27  0.550838
14 28  0.580615
14 29  0.523790
14 30  0.611695
15 16  0.577579
15 17  0.574239
15 18  0.573569
15 19  0.579856
15 20  0.581537
15 21  0.582838
15 22  0.584345
15 23  0.580103
15 24  0.597195
15 25  0.619809
15 26  0.608094
15 27  0.573440
15 28  0.545670
15 29  0.519560
15 30  0.605869
16 17  0.559475
16 18  0.556324
16 19  0.565377
16 20  0.565959
16 21  0.566468
16 22  0.568676
16 23  0.564246
16 24  0.571773
16 25  0.606794
16 26  0.589273
16 27  0.586693
16 28  0.570054
16 29  0.584427
16 30  0.590217
17 18  0.548412
17 19  0.551184
17 20  0.555048
17 21  0.556005
17 22  0.557175
17 23  0.552269
17 24  0.585065
17 25  0.570419
17 26  0.581179
17 27  0.570912
17 28  0.575503
17 29  0.563808
17 30  0.576537
18 19  0.552743
18 20  0.547130
18 21  0.549431
18 22  0.556063
18 23  0.551633
18 24  0.558103
18 25  0.594585
18 26  0.557314
18 27  0.576320
18 28  0.578850
18 29  0.575529
18 30  0.577595
19 20  0.559404
19 21  0.560366
19 22  0.554923
19 23  0.551280
19 24  0.590248
19 25  0.570660
19 26  0.585522
19 27  0.580767
19 28  0.586176
19 29  0.582328
19 30  0.561517
20 21  0.514836
20 22  0.562677
20 23  0.558247
20 24  0.586764
20 25  0.601336
20 26  0.558657
20 27  0.583961
20 28  0.587192
20 29  0.583359
20 30  0.584223
21 22  0.563642
21 23  0.559212
21 24  0.586960
21 25  0.602297
21 26  0.557177
21 27  0.584935
21 28  0.588206
21 29  0.584342
21 30  0.585186
22 23  0.514399
22 24  0.593606
22 25  0.600376
22 26  0.588808
22 27  0.586367
22 28  0.589682
22 29  0.585917
22 30  0.557131
23 24  0.589178
23 25  0.594160
23 26  0.584378
23 27  0.581952
23 28  0.585243
23 29  0.581450
23 30  0.553896
24 25  0.631561
24 26  0.603998
24 27  0.611193
24 28  0.614331
24 29  0.604985
24 30  0.615144
25 26  0.627468
25 27  0.613757
25 28  0.626574
25 29  0.620381
25 30  0.613372
26 27  0.610047
26 28  0.612995
26 29  0.609335
26 30  0.610348
27 28  0.582292
27 29  0.577621
27 30  0.606467
28 29  0.579033
28 30  0.611058
29 30  0.607444
