  -1146.51795158
  -1146.87623485
0.00024455466200
2 2 2 2 2 2 2 2 2 2 2 2 2 2 2 0 0 0 0 0 0 0 0 0 0 0 0 0 0 0 
1  0.261101
2  0.276564
3  0.288344
4  0.270977
5  0.269539
6  0.259014
7  0.274659
8  0.272132
9  0.301797
10  0.291325
11  0.302077
12  0.298972
13  0.286025
14  0.297485
15  0.289670
16  0.277253
17  0.289660
18  0.279762
19  0.266584
20  0.274828
21  0.274575
22  0.289381
23  0.292363
24  0.301029
25  0.301870
26  0.272840
27  0.296181
28  0.287305
29  0.301341
30  0.272129
1 2  0.536770
1 3  0.548089
1 4  0.531909
1 5  0.530503
1 6  0.519808
1 7  0.535744
1 8  0.533226
1 9  0.548155
1 10  0.551691
1 11  0.558547
1 12  0.534011
1 13  0.545522
1 14  0.553766
1 15  0.550723
1 16  0.256558
1 17  0.550617
1 18  0.540392
1 19  0.526169
1 20  0.535787
1 21  0.535674
1 22  0.550177
1 23  0.553140
1 24  0.540644
1 25  0.558834
1 26  0.533688
1 27  0.532146
1 28  0.545423
1 29  0.561033
1 30  0.533201
2 3  0.521063
2 4  0.547525
2 5  0.546093
2 6  0.535573
2 7  0.551222
2 8  0.548694
2 9  0.566551
2 10  0.567846
2 11  0.566663
2 12  0.574602
2 13  0.562585
2 14  0.567382
2 15  0.566229
2 16  0.553433
2 17  0.282676
2 18  0.515196
2 19  0.543142
2 20  0.551387
2 21  0.551139
2 22  0.565745
2 23  0.568922
2 24  0.575459
2 25  0.547012
2 26  0.549402
2 27  0.572611
2 28  0.563772
2 29  0.576811
2 30  0.548637
3 4  0.559317
3 5  0.557879
3 6  0.547354
3 7  0.563002
3 8  0.560475
3 9  0.582556
3 10  0.579663
3 11  0.567243
3 12  0.586781
3 13  0.574360
3 14  0.582096
3 15  0.578007
3 16  0.563539
3 17  0.522430
3 18  0.286332
3 19  0.554870
3 20  0.563148
3 21  0.562915
3 22  0.577665
3 23  0.580702
3 24  0.583927
3 25  0.569734
3 26  0.561182
3 27  0.584193
3 28  0.575489
3 29  0.586453
3 30  0.560467
4 5  0.494957
4 6  0.529884
4 7  0.545623
4 8  0.543078
4 9  0.572728
4 10  0.529379
4 11  0.573051
4 12  0.566258
4 13  0.555200
4 14  0.568302
4 15  0.560596
4 16  0.548146
4 17  0.560472
4 18  0.550690
4 19  0.537170
4 20  0.545798
4 21  0.545507
4 22  0.520133
4 23  0.563112
4 24  0.571886
4 25  0.572525
4 26  0.492322
4 27  0.565095
4 28  0.557939
4 29  0.571739
4 30  0.271167
5 6  0.528442
5 7  0.544165
5 8  0.541598
5 9  0.571299
5 10  0.529485
5 11  0.571615
5 12  0.566385
5 13  0.552332
5 14  0.566958
5 15  0.559025
5 16  0.546448
5 17  0.559168
5 18  0.549299
5 19  0.535991
5 20  0.544293
5 21  0.543797
5 22  0.518208
5 23  0.561188
5 24  0.570510
5 25  0.571312
5 26  0.268137
5 27  0.565280
5 28  0.555192
5 29  0.570765
5 30  0.491897
6 7  0.527986
6 8  0.527171
6 9  0.560785
6 10  0.549528
6 11  0.561081
6 12  0.555822
6 13  0.518342
6 14  0.556440
6 15  0.528435
6 16  0.534953
6 17  0.548673
6 18  0.538766
6 19  0.249421
6 20  0.530886
6 21  0.532617
6 22  0.548215
6 23  0.524311
6 24  0.559899
6 25  0.560825
6 26  0.531722
6 27  0.552625
6 28  0.513137
6 29  0.560348
6 30  0.530773
7 8  0.500078
7 9  0.576447
7 10  0.565954
7 11  0.576731
7 12  0.573572
7 13  0.558020
7 14  0.572094
7 15  0.536662
7 16  0.551769
7 17  0.564317
7 18  0.554421
7 19  0.537076
7 20  0.268301
7 21  0.495594
7 22  0.563897
7 23  0.529901
7 24  0.575640
7 25  0.576529
7 26  0.547458
7 27  0.570454
7 28  0.561141
7 29  0.575651
7 30  0.546783
8 9  0.573925
8 10  0.563292
8 11  0.574208
8 12  0.571071
8 13  0.554014
8 14  0.569581
8 15  0.533816
8 16  0.549365
8 17  0.561781
8 18  0.551891
8 19  0.537588
8 20  0.496351
8 21  0.267054
8 22  0.560787
8 23  0.526045
8 24  0.573100
8 25  0.573983
8 26  0.544636
8 27  0.568051
8 28  0.558039
8 29  0.573412
8 30  0.544202
9 10  0.593049
9 11  0.576010
9 12  0.596503
9 13  0.587764
9 14  0.564430
9 15  0.591451
9 16  0.568552
9 17  0.587603
9 18  0.580402
9 19  0.568243
9 20  0.576520
9 21  0.576349
9 22  0.591021
9 23  0.594149
9 24  0.450603
9 25  0.555844
9 26  0.574635
9 27  0.596524
9 28  0.588816
9 29  0.561687
9 30  0.573898
10 11  0.593331
10 12  0.579250
10 13  0.568207
10 14  0.587988
10 15  0.579992
10 16  0.568366
10 17  0.580548
10 18  0.570891
10 19  0.557668
10 20  0.565920
10 21  0.565132
10 22  0.355772
10 23  0.582861
10 24  0.592253
10 25  0.592682
10 26  0.523531
10 27  0.572355
10 28  0.563333
10 29  0.591583
10 30  0.521107
11 12  0.599684
11 13  0.588026
11 14  0.572507
11 15  0.591733
11 16  0.573047
11 17  0.572655
11 18  0.551410
11 19  0.568452
11 20  0.576823
11 21  0.576610
11 22  0.591397
11 23  0.594357
11 24  0.573909
11 25  0.492807
11 26  0.574883
11 27  0.594685
11 28  0.589238
11 29  0.554145
11 30  0.574150
12 13  0.576352
12 14  0.584165
12 15  0.588043
12 16  0.544315
12 17  0.587617
12 18  0.578625
12 19  0.562710
12 20  0.573494
12 21  0.573433
12 22  0.571628
12 23  0.591196
12 24  0.594080
12 25  0.596569
12 26  0.571455
12 27  0.353962
12 28  0.571212
12 29  0.594259
12 30  0.568999
13 14  0.583070
13 15  0.563085
13 16  0.560389
13 17  0.575607
13 18  0.565661
13 19  0.519269
13 20  0.560216
13 21  0.558717
13 22  0.561435
13 23  0.557845
13 24  0.586975
13 25  0.587885
13 26  0.556744
13 27  0.565821
13 28  0.336786
13 29  0.587104
13 30  0.557774
14 15  0.587077
14 16  0.566876
14 17  0.581937
14 18  0.574669
14 19  0.563942
14 20  0.571776
14 21  0.572045
14 22  0.585759
14 23  0.589629
14 24  0.551347
14 25  0.569805
14 26  0.570150
14 27  0.578579
14 28  0.584738
14 29  0.451476
14 30  0.568929
15 16  0.566675
15 17  0.579305
15 18  0.569431
15 19  0.529134
15 20  0.526751
15 21  0.527731
15 22  0.578128
15 23  0.354681
15 24  0.590544
15 25  0.591442
15 26  0.561701
15 27  0.585756
15 28  0.556228
15 29  0.591007
15 30  0.561585
16 17  0.565989
16 18  0.555524
16 19  0.543493
16 20  0.552077
16 21  0.551826
16 22  0.565318
16 23  0.569525
16 24  0.555921
16 25  0.576312
16 26  0.550032
16 27  0.545509
16 28  0.562731
16 29  0.574098
16 30  0.549260
17 18  0.524571
17 19  0.556239
17 20  0.564487
17 21  0.564234
17 22  0.578961
17 23  0.582017
17 24  0.585762
17 25  0.568681
17 26  0.562492
17 27  0.584804
17 28  0.576951
17 29  0.583439
17 30  0.561765
18 19  0.546343
18 20  0.554588
18 21  0.554336
18 22  0.569114
18 23  0.572121
18 24  0.573129
18 25  0.567678
18 26  0.552597
18 27  0.574956
18 28  0.567061
18 29  0.568947
18 30  0.551879
19 20  0.535289
19 21  0.536081
19 22  0.554716
19 23  0.536466
19 24  0.567593
19 25  0.568427
19 26  0.539277
19 27  0.560414
19 28  0.526013
19 29  0.567869
19 30  0.538655
20 21  0.502436
20 22  0.564099
20 23  0.539818
20 24  0.575838
20 25  0.576696
20 26  0.547600
20 27  0.570962
20 28  0.558256
20 29  0.576089
20 30  0.546932
21 22  0.563668
21 23  0.538489
21 24  0.575603
21 25  0.576443
21 26  0.547313
21 27  0.570703
21 28  0.557452
21 29  0.575890
21 30  0.546660
22 23  0.580414
22 24  0.589937
22 25  0.590844
22 26  0.530538
22 27  0.574634
22 28  0.567212
22 29  0.589819
22 30  0.529900
23 24  0.593368
23 25  0.594199
23 26  0.564950
23 27  0.587573
23 28  0.568166
23 29  0.593666
23 30  0.564405
24 25  0.577512
24 26  0.573846
24 27  0.594378
24 28  0.588173
24 29  0.564877
24 30  0.573062
25 26  0.574684
25 27  0.595215
25 28  0.589084
25 29  0.577420
25 30  0.573889
26 27  0.566501
26 28  0.556383
26 29  0.574090
26 30  0.498697
27 28  0.574516
27 29  0.585513
27 30  0.564394
28 29  0.588352
28 30  0.556686
29 30  0.573186
