  -1146.51795158
  -1146.87862997
0.00014842142100
2 2 2 2 2 2 2 2 2 2 2 2 2 2 2 0 0 0 0 0 0 0 0 0 0 0 0 0 0 0 
1  0.266028
2  0.278742
3  0.290695
4  0.277115
5  0.275487
6  0.263021
7  0.277106
8  0.274199
9  0.305941
10  0.298944
11  0.305643
12  0.307989
13  0.294259
14  0.302606
15  0.292909
16  0.282756
17  0.292267
18  0.282070
19  0.270844
20  0.277315
21  0.276670
22  0.296829
23  0.295473
24  0.305026
25  0.305629
26  0.278710
27  0.305162
28  0.295226
29  0.306329
30  0.278393
1 2  0.543737
1 3  0.555231
1 4  0.542952
1 5  0.541350
1 6  0.528683
1 7  0.543104
1 8  0.540209
1 9  0.556313
1 10  0.564180
1 11  0.566817
1 12  0.547676
1 13  0.558387
1 14  0.563771
1 15  0.558882
1 16  0.265919
1 17  0.558145
1 18  0.547518
1 19  0.535170
1 20  0.543179
1 21  0.542691
1 22  0.562517
1 23  0.561185
1 24  0.549152
1 25  0.567451
1 26  0.544442
1 27  0.546163
1 28  0.558198
1 29  0.570932
1 30  0.544382
2 3  0.525839
2 4  0.555833
2 5  0.554216
2 6  0.541755
2 7  0.555845
2 8  0.552939
2 9  0.572385
2 10  0.577636
2 11  0.572347
2 12  0.585629
2 13  0.572994
2 14  0.574297
2 15  0.571639
2 16  0.561098
2 17  0.287389
2 18  0.519931
2 19  0.549571
2 20  0.556052
2 21  0.555410
2 22  0.575321
2 23  0.574204
2 24  0.581535
2 25  0.552943
2 26  0.557446
2 27  0.583725
2 28  0.573844
2 29  0.583915
2 30  0.557054
3 4  0.567803
3 5  0.566177
3 6  0.553708
3 7  0.567795
3 8  0.564892
3 9  0.588830
3 10  0.589633
3 11  0.572702
3 12  0.598042
3 13  0.584939
3 14  0.589393
3 15  0.583592
3 16  0.571253
3 17  0.527751
3 18  0.290946
3 19  0.561462
3 20  0.567988
3 21  0.567361
3 22  0.587450
3 23  0.586164
3 24  0.590167
3 25  0.575874
3 26  0.569405
3 27  0.595490
3 28  0.585726
3 29  0.593693
3 30  0.569076
4 5  0.506152
4 6  0.540012
4 7  0.554207
4 8  0.551268
4 9  0.583008
4 10  0.542517
4 11  0.582752
4 12  0.581048
4 13  0.569393
4 14  0.579535
4 15  0.569966
4 16  0.559765
4 17  0.569181
4 18  0.559124
4 19  0.547518
4 20  0.554422
4 21  0.553736
4 22  0.532912
4 23  0.572350
4 24  0.582013
4 25  0.582380
4 26  0.503338
4 27  0.580105
4 28  0.571909
4 29  0.582852
4 30  0.280541
5 6  0.538385
5 7  0.552558
5 8  0.549591
5 9  0.581393
5 10  0.542292
5 11  0.581128
5 12  0.581081
5 13  0.566250
5 14  0.578020
5 15  0.568193
5 16  0.557845
5 17  0.567724
5 18  0.557556
5 19  0.546177
5 20  0.552729
5 21  0.551791
5 22  0.530376
5 23  0.570243
5 24  0.580438
5 25  0.581020
5 26  0.278021
5 27  0.580108
5 28  0.568993
5 29  0.581706
5 30  0.503147
6 7  0.534148
6 8  0.533047
6 9  0.568929
6 10  0.561009
6 11  0.568646
6 12  0.568492
6 13  0.530492
6 14  0.565553
6 15  0.535493
6 16  0.544155
6 17  0.555288
6 18  0.545059
6 19  0.256906
6 20  0.537284
6 21  0.538658
6 22  0.559632
6 23  0.531549
6 24  0.567864
6 25  0.568549
6 26  0.541586
6 27  0.565472
6 28  0.525146
6 29  0.569342
6 30  0.541027
7 8  0.504771
7 9  0.583000
7 10  0.576014
7 11  0.582713
7 12  0.585032
7 13  0.568485
7 14  0.579501
7 15  0.542365
7 16  0.559672
7 17  0.569371
7 18  0.559175
7 19  0.543737
7 20  0.272966
7 21  0.500375
7 22  0.573775
7 23  0.535488
7 24  0.582097
7 25  0.582733
7 26  0.555770
7 27  0.581774
7 28  0.571463
7 29  0.583156
7 30  0.555491
8 9  0.580124
8 10  0.572952
8 11  0.579833
8 12  0.582152
8 13  0.564026
8 14  0.576696
8 15  0.539082
8 16  0.556921
8 17  0.566453
8 18  0.556266
8 19  0.543850
8 20  0.501131
8 21  0.271095
8 22  0.570248
8 23  0.531263
8 24  0.579166
8 25  0.579814
8 26  0.552542
8 27  0.579062
8 28  0.568015
8 29  0.580501
8 30  0.552534
9 10  0.604805
9 11  0.583716
9 12  0.609535
9 13  0.600126
9 14  0.573636
9 15  0.598807
9 16  0.577809
9 17  0.594188
9 18  0.586816
9 19  0.576619
9 20  0.583196
9 21  0.582593
9 22  0.602571
9 23  0.601406
9 24  0.458089
9 25  0.563464
9 26  0.584646
9 27  0.609644
9 28  0.600867
9 29  0.570726
9 30  0.584305
10 11  0.604499
10 12  0.595400
10 13  0.583425
10 14  0.600605
10 15  0.590692
10 16  0.581435
10 17  0.590709
10 18  0.580767
10 19  0.569483
10 20  0.576015
10 21  0.574834
10 22  0.369343
10 23  0.593607
10 24  0.603871
10 25  0.604027
10 26  0.535986
10 27  0.588731
10 28  0.578492
10 29  0.604169
10 30  0.534083
11 12  0.612199
11 13  0.599814
11 14  0.580815
11 15  0.598530
11 16  0.582056
11 17  0.578816
11 18  0.557102
11 19  0.576267
11 20  0.582932
11 21  0.582267
11 22  0.602399
11 23  0.601003
11 24  0.581349
11 25  0.500164
11 26  0.584325
11 27  0.607102
11 28  0.600710
11 29  0.562124
11 30  0.583966
12 13  0.592212
12 14  0.597906
12 15  0.600113
12 16  0.558943
12 17  0.599222
12 18  0.589945
12 19  0.575904
12 20  0.584912
12 21  0.584525
12 22  0.588011
12 23  0.603279
12 24  0.607111
12 25  0.609282
12 26  0.586238
12 27  0.370425
12 28  0.587278
12 29  0.608106
12 30  0.584175
13 14  0.596323
13 15  0.574383
13 16  0.573859
13 17  0.586418
13 18  0.576146
13 19  0.531885
13 20  0.570884
13 21  0.569024
13 22  0.576719
13 23  0.569217
13 24  0.599185
13 25  0.599874
13 26  0.570773
13 27  0.581731
13 28  0.351405
13 29  0.600311
13 30  0.572162
14 15  0.595399
14 16  0.577525
14 17  0.589460
14 18  0.581978
14 19  0.573335
14 20  0.579561
14 21  0.579270
14 22  0.598337
14 23  0.597801
14 24  0.560457
14 25  0.578213
14 26  0.581145
14 27  0.592689
14 28  0.597758
14 29  0.460877
14 30  0.580289
15 16  0.575443
15 17  0.585150
15 18  0.574979
15 19  0.536650
15 20  0.532526
15 21  0.533082
15 22  0.588813
15 23  0.361059
15 24  0.597790
15 25  0.598432
15 26  0.570796
15 27  0.597928
15 28  0.567388
15 29  0.599223
15 30  0.571053
16 17  0.574016
16 18  0.563180
16 19  0.553162
16 20  0.560063
16 21  0.559420
16 22  0.578166
16 23  0.578116
16 24  0.564569
16 25  0.585469
16 26  0.561399
16 27  0.559717
16 28  0.575853
16 29  0.584506
16 30  0.561009
17 18  0.529731
17 19  0.563103
17 20  0.569579
17 21  0.568936
17 22  0.589003
17 23  0.587732
17 24  0.592149
17 25  0.574610
17 26  0.570960
17 27  0.596236
17 28  0.587477
17 29  0.590726
17 30  0.570624
18 19  0.552907
18 20  0.559376
18 21  0.558738
18 22  0.578867
18 23  0.577535
18 24  0.579226
18 25  0.573773
18 26  0.560771
18 27  0.586086
18 28  0.577287
18 29  0.575588
18 30  0.560444
19 20  0.541766
19 21  0.542243
19 22  0.566255
19 23  0.543708
19 24  0.575852
19 25  0.576440
19 26  0.549385
19 27  0.573300
19 28  0.537948
19 29  0.577106
19 30  0.549162
20 21  0.507200
20 22  0.574022
20 23  0.545383
20 24  0.582297
20 25  0.582941
20 26  0.555949
20 27  0.582428
20 28  0.568405
20 29  0.583413
20 30  0.555684
21 22  0.573182
21 23  0.543606
21 24  0.581695
21 25  0.582296
21 26  0.555246
21 27  0.581762
21 28  0.567205
21 29  0.582949
21 30  0.554998
22 23  0.590795
22 24  0.601315
22 25  0.601987
22 26  0.543043
22 27  0.590690
22 28  0.582039
22 29  0.602152
22 30  0.542910
23 24  0.600475
23 25  0.601059
23 26  0.573910
23 27  0.599410
23 28  0.579083
23 29  0.601757
23 30  0.573769
24 25  0.585064
24 26  0.583712
24 27  0.607317
24 28  0.600052
24 29  0.574021
24 30  0.583311
25 26  0.584297
25 27  0.607800
25 28  0.600740
25 29  0.585788
25 30  0.583883
26 27  0.581075
26 28  0.569934
26 29  0.584928
26 30  0.510055
27 28  0.590184
27 29  0.598807
27 30  0.579272
28 29  0.601193
28 30  0.570674
29 30  0.584402
