  -1146.51795158
  -1146.87960937
0.00005949733770
2 2 2 2 2 2 2 2 2 2 2 2 2 2 2 0 0 0 0 0 0 0 0 0 0 0 0 0 0 0 
1  0.268413
2  0.279520
3  0.291532
4  0.279966
5  0.278402
6  0.265066
7  0.278013
8  0.275019
9  0.307312
10  0.302430
11  0.306881
12  0.312317
13  0.297892
14  0.304528
15  0.294450
16  0.285212
17  0.293198
18  0.282856
19  0.273109
20  0.278245
21  0.277526
22  0.299964
23  0.297052
24  0.306426
25  0.306996
26  0.281777
27  0.309233
28  0.298928
29  0.308166
30  0.281269
1 2  0.546846
1 3  0.558385
1 4  0.548178
1 5  0.546636
1 6  0.533046
1 7  0.546386
1 8  0.543408
1 9  0.559746
1 10  0.570027
1 11  0.570364
1 12  0.554197
1 13  0.564196
1 14  0.568094
1 15  0.562790
1 16  0.270350
1 17  0.561459
1 18  0.550672
1 19  0.539660
1 20  0.546472
1 21  0.545934
1 22  0.568022
1 23  0.565103
1 24  0.552873
1 25  0.571161
1 26  0.549873
1 27  0.552608
1 28  0.564259
1 29  0.575148
1 30  0.549635
2 3  0.527537
2 4  0.559455
2 5  0.557903
2 6  0.544573
2 7  0.557530
2 8  0.554536
2 9  0.574420
2 10  0.581895
2 11  0.574371
2 12  0.590668
2 13  0.577404
2 14  0.576900
2 15  0.573953
2 16  0.564330
2 17  0.289118
2 18  0.521589
2 19  0.552612
2 20  0.557761
2 21  0.557045
2 22  0.579183
2 23  0.576558
2 24  0.583684
2 25  0.555132
2 26  0.561289
2 27  0.588548
2 28  0.578294
2 29  0.586533
2 30  0.560684
3 4  0.571489
3 5  0.569928
3 6  0.556584
3 7  0.569539
3 8  0.566548
3 9  0.590999
3 10  0.593956
3 11  0.574659
3 12  0.603163
3 13  0.589405
3 14  0.592087
3 15  0.585965
3 16  0.574494
3 17  0.529675
3 18  0.292609
3 19  0.564545
3 20  0.569754
3 21  0.569052
3 22  0.591416
3 23  0.588578
3 24  0.592397
3 25  0.578094
3 26  0.573309
3 27  0.600388
3 28  0.590218
3 29  0.596334
3 30  0.572786
4 5  0.511271
4 6  0.544893
4 7  0.557964
4 8  0.554929
4 9  0.587227
4 10  0.548713
4 11  0.586839
4 12  0.588047
4 13  0.575792
4 14  0.584287
4 15  0.574349
4 16  0.565066
4 17  0.572932
4 18  0.562757
4 19  0.552607
4 20  0.558202
4 21  0.557439
4 22  0.538723
4 23  0.576770
4 24  0.586266
4 25  0.586588
4 26  0.508542
4 27  0.586993
4 28  0.578429
4 29  0.587531
4 30  0.285368
5 6  0.543336
5 7  0.556374
5 8  0.553312
5 9  0.585675
5 10  0.548278
5 11  0.585280
5 12  0.588164
5 13  0.572672
5 14  0.582847
5 15  0.572636
5 16  0.563190
5 17  0.571569
5 18  0.561256
5 19  0.551347
5 20  0.556574
5 21  0.555553
5 22  0.536062
5 23  0.574732
5 24  0.584741
5 25  0.585307
5 26  0.283584
5 27  0.587044
5 28  0.575585
5 29  0.586457
5 30  0.508414
6 7  0.537061
6 8  0.535860
6 9  0.572338
6 10  0.566441
6 11  0.571925
6 12  0.574572
6 13  0.536059
6 14  0.569503
6 15  0.539081
6 16  0.548487
6 17  0.558263
6 18  0.547878
6 19  0.260993
6 20  0.540264
6 21  0.541541
6 22  0.564786
6 23  0.535245
6 24  0.571281
6 25  0.571954
6 26  0.546689
6 27  0.571544
6 28  0.530916
6 29  0.573219
6 30  0.545922
7 8  0.506607
7 9  0.585270
7 10  0.580402
7 11  0.584839
7 12  0.590263
7 13  0.572955
7 14  0.582299
7 15  0.544909
7 16  0.562996
7 17  0.571208
7 18  0.560867
7 19  0.546921
7 20  0.274871
7 21  0.502270
7 22  0.577809
7 23  0.538049
7 24  0.584391
7 25  0.585004
7 26  0.559747
7 27  0.586711
7 28  0.576046
7 29  0.585883
7 30  0.559271
8 9  0.582312
8 10  0.577239
8 11  0.581887
8 12  0.587297
8 13  0.568384
8 14  0.579422
8 15  0.541468
8 16  0.560195
8 17  0.568199
8 18  0.557871
8 19  0.546914
8 20  0.503005
8 21  0.272815
8 22  0.574176
8 23  0.533731
8 24  0.581373
8 25  0.581995
8 26  0.556414
8 27  0.583944
8 28  0.572535
8 29  0.583154
8 30  0.556230
9 10  0.609659
9 11  0.586345
9 12  0.615199
9 13  0.605122
9 14  0.576982
9 15  0.601709
9 16  0.581508
9 17  0.596456
9 18  0.588965
9 19  0.580231
9 20  0.585497
9 21  0.584815
9 22  0.607075
9 23  0.604352
9 24  0.460686
9 25  0.566148
9 26  0.589084
9 27  0.615058
9 28  0.605938
9 29  0.574000
9 30  0.588552
10 11  0.609214
10 12  0.602987
10 13  0.590200
10 14  0.605946
10 15  0.595592
10 16  0.587356
10 17  0.595076
10 18  0.585036
10 19  0.575204
10 20  0.580426
10 21  0.579146
10 22  0.376044
10 23  0.598662
10 24  0.608758
10 25  0.608898
10 26  0.541988
10 27  0.596201
10 28  0.585553
10 29  0.609515
10 30  0.540114
11 12  0.617739
11 13  0.604668
11 14  0.583899
11 15  0.601303
11 16  0.585748
11 17  0.580988
11 18  0.559117
11 19  0.579742
11 20  0.585095
11 21  0.584352
11 22  0.606771
11 23  0.603795
11 24  0.584001
11 25  0.502870
11 26  0.588630
11 27  0.612385
11 28  0.605647
11 29  0.565036
11 30  0.588070
12 13  0.599463
12 14  0.604019
12 15  0.605868
12 16  0.565745
12 17  0.604453
12 18  0.595058
12 19  0.582401
12 20  0.590130
12 21  0.589694
12 22  0.595437
12 23  0.609153
12 24  0.612835
12 25  0.614928
12 26  0.593576
12 27  0.378477
12 28  0.594867
12 29  0.614222
12 30  0.591330
13 14  0.601777
13 15  0.579490
13 16  0.579949
13 17  0.590969
13 18  0.580527
13 19  0.537770
13 20  0.575420
13 21  0.573506
13 22  0.583381
13 23  0.574423
13 24  0.604212
13 25  0.604870
13 26  0.577450
13 27  0.589081
13 28  0.358631
13 29  0.605750
13 30  0.578635
14 15  0.598840
14 16  0.581921
14 17  0.592288
14 18  0.584627
14 19  0.577509
14 20  0.582428
14 21  0.582046
14 22  0.603423
14 23  0.601283
14 24  0.563856
14 25  0.581397
14 26  0.586119
14 27  0.598726
14 28  0.603361
14 29  0.464533
14 30  0.585051
15 16  0.579400
15 17  0.587610
15 18  0.577305
15 19  0.540542
15 20  0.535069
15 21  0.535531
15 22  0.593482
15 23  0.364482
15 24  0.600702
15 25  0.601313
15 26  0.575417
15 27  0.603512
15 28  0.572654
15 29  0.602599
15 30  0.575465
16 17  0.577375
16 18  0.566370
16 19  0.557797
16 20  0.563446
16 21  0.562728
16 22  0.583720
16 23  0.582128
16 24  0.568138
16 25  0.589256
16 26  0.566917
16 27  0.566082
16 28  0.581819
16 29  0.588788
16 30  0.566331
17 18  0.531524
17 19  0.566296
17 20  0.571439
17 21  0.570722
17 22  0.593058
17 23  0.590239
17 24  0.594429
17 25  0.576791
17 26  0.574951
17 27  0.601149
17 28  0.592107
17 29  0.593440
17 30  0.574422
18 19  0.555955
18 20  0.561090
18 21  0.560379
18 22  0.582785
18 23  0.579896
18 24  0.581369
18 25  0.575945
18 26  0.564622
18 27  0.590867
18 28  0.581773
18 29  0.578042
18 30  0.564100
19 20  0.544941
19 21  0.545321
19 22  0.571551
19 23  0.547544
19 24  0.579515
19 25  0.580066
19 26  0.554710
19 27  0.579327
19 28  0.543739
19 29  0.581194
19 30  0.554293
20 21  0.509112
20 22  0.578075
20 23  0.547992
20 24  0.584612
20 25  0.585236
20 26  0.559939
20 27  0.587422
20 28  0.572942
20 29  0.586135
20 30  0.559489
21 22  0.577141
21 23  0.546052
21 24  0.583950
21 25  0.584517
21 26  0.559158
21 27  0.586681
21 28  0.571666
21 29  0.585629
21 30  0.558721
22 23  0.595359
22 24  0.605811
22 25  0.606452
22 26  0.548852
22 27  0.597744
22 28  0.588541
22 29  0.607089
22 30  0.548795
23 24  0.603447
23 25  0.603993
23 26  0.578543
23 27  0.604893
23 28  0.584316
23 29  0.605163
23 30  0.578214
24 25  0.587767
24 26  0.588176
24 27  0.612779
24 28  0.605134
24 29  0.577419
24 30  0.587578
25 26  0.588720
25 27  0.613159
25 28  0.605794
25 29  0.588915
25 30  0.588111
26 27  0.588076
26 28  0.576588
26 29  0.589822
26 30  0.515319
27 28  0.597264
27 29  0.604474
27 30  0.586051
28 29  0.606673
28 30  0.577149
29 30  0.589082
