  -1146.52564764
  -1146.88717708
0.00018508689300
2 2 2 2 2 2 2 2 2 2 2 2 2 2 2 0 0 0 0 0 0 0 0 0 0 0 0 0 0 0 
1  0.278259
2  0.275044
3  0.265874
4  0.276932
5  0.289110
6  0.268810
7  0.307767
8  0.305476
9  0.294786
10  0.270107
11  0.301148
12  0.305025
13  0.287959
14  0.300247
15  0.288608
16  0.280392
17  0.279687
18  0.280645
19  0.287072
20  0.280401
21  0.292112
22  0.305889
23  0.303640
24  0.307008
25  0.288822
26  0.272565
27  0.298047
28  0.303668
29  0.299905
30  0.269872
1 2  0.508777
1 3  0.544107
1 4  0.555188
1 5  0.567368
1 6  0.547051
1 7  0.585535
1 8  0.583731
1 9  0.572850
1 10  0.548359
1 11  0.557686
1 12  0.583283
1 13  0.559482
1 14  0.578486
1 15  0.561994
1 16  0.266838
1 17  0.506872
1 18  0.558899
1 19  0.565270
1 20  0.558639
1 21  0.569023
1 22  0.584038
1 23  0.581869
1 24  0.584256
1 25  0.564278
1 26  0.550743
1 27  0.576268
1 28  0.581740
1 29  0.547701
1 30  0.548068
2 3  0.540905
2 4  0.551975
2 5  0.564153
2 6  0.543759
2 7  0.582556
2 8  0.580519
2 9  0.569421
2 10  0.545119
2 11  0.556714
2 12  0.580068
2 13  0.557155
2 14  0.575286
2 15  0.556906
2 16  0.505829
2 17  0.264556
2 18  0.555674
2 19  0.562105
2 20  0.555442
2 21  0.564557
2 22  0.580911
2 23  0.578677
2 24  0.582020
2 25  0.562714
2 26  0.547512
2 27  0.572617
2 28  0.578695
2 29  0.544947
2 30  0.544569
3 4  0.541838
3 5  0.553555
3 6  0.534527
3 7  0.544923
3 8  0.555135
3 9  0.559227
3 10  0.535600
3 11  0.566933
3 12  0.566223
3 13  0.553324
3 14  0.561388
3 15  0.554431
3 16  0.546261
3 17  0.545518
3 18  0.263512
3 19  0.552804
3 20  0.545785
3 21  0.557946
3 22  0.566661
3 23  0.549329
3 24  0.544853
3 25  0.554580
3 26  0.536980
3 27  0.560877
3 28  0.567617
3 29  0.565691
3 30  0.535529
4 5  0.522170
4 6  0.545740
4 7  0.583685
4 8  0.571048
4 9  0.571709
4 10  0.547036
4 11  0.578070
4 12  0.569612
4 13  0.564853
4 14  0.570574
4 15  0.565534
4 16  0.557309
4 17  0.556618
4 18  0.557266
4 19  0.278624
4 20  0.514753
4 21  0.569039
4 22  0.551521
4 23  0.578884
4 24  0.583747
4 25  0.565567
4 26  0.549479
4 27  0.574898
4 28  0.579256
4 29  0.576786
4 30  0.546799
5 6  0.557918
5 7  0.596296
5 8  0.586927
5 9  0.583882
5 10  0.559213
5 11  0.590256
5 12  0.570571
5 13  0.577061
5 14  0.585596
5 15  0.577717
5 16  0.569500
5 17  0.568797
5 18  0.567857
5 19  0.521406
5 20  0.283247
5 21  0.581220
5 22  0.571574
5 23  0.587978
5 24  0.595803
5 25  0.577886
5 26  0.561610
5 27  0.586964
5 28  0.590206
5 29  0.588999
5 30  0.558980
6 7  0.575321
6 8  0.574272
6 9  0.529173
6 10  0.493272
6 11  0.569523
6 12  0.573830
6 13  0.556561
6 14  0.568998
6 15  0.555511
6 16  0.549011
6 17  0.547925
6 18  0.549298
6 19  0.555868
6 20  0.549211
6 21  0.558740
6 22  0.574634
6 23  0.572392
6 24  0.575536
6 25  0.557582
6 26  0.489485
6 27  0.523962
6 28  0.572443
6 29  0.568192
6 30  0.268648
7 8  0.608659
7 9  0.592537
7 10  0.575282
7 11  0.607372
7 12  0.611332
7 13  0.586378
7 14  0.594398
7 15  0.595376
7 16  0.587332
7 17  0.587433
7 18  0.554095
7 19  0.593808
7 20  0.588073
7 21  0.598405
7 22  0.608607
7 23  0.605920
7 24  0.360489
7 25  0.587050
7 26  0.577982
7 27  0.593858
7 28  0.603285
7 29  0.603561
7 30  0.577326
8 9  0.600175
8 10  0.575555
8 11  0.606606
8 12  0.582822
8 13  0.593346
8 14  0.570665
8 15  0.594071
8 16  0.585866
8 17  0.585163
8 18  0.574603
8 19  0.589234
8 20  0.584617
8 21  0.597575
8 22  0.568277
8 23  0.430864
8 24  0.610567
8 25  0.594186
8 26  0.577903
8 27  0.603141
8 28  0.568263
8 29  0.605341
8 30  0.575346
9 10  0.529812
9 11  0.595212
9 12  0.599727
9 13  0.581834
9 14  0.594732
9 15  0.576401
9 16  0.575160
9 17  0.573904
9 18  0.572116
9 19  0.581823
9 20  0.575055
9 21  0.578931
9 22  0.600612
9 23  0.598191
9 24  0.588180
9 25  0.582171
9 26  0.523151
9 27  0.358663
9 28  0.598356
9 29  0.591391
9 30  0.520078
10 11  0.570993
10 12  0.575114
10 13  0.557931
10 14  0.570281
10 15  0.557654
10 16  0.550318
10 17  0.549584
10 18  0.549463
10 19  0.557179
10 20  0.550489
10 21  0.561827
10 22  0.575937
10 23  0.573624
10 24  0.574843
10 25  0.558809
10 26  0.272904
10 27  0.522788
10 28  0.573771
10 29  0.569990
10 30  0.490045
11 12  0.606164
11 13  0.564675
11 14  0.601251
11 15  0.564270
11 16  0.550004
11 17  0.552070
11 18  0.581760
11 19  0.588078
11 20  0.581490
11 21  0.559596
11 22  0.606853
11 23  0.604766
11 24  0.604241
11 25  0.559385
11 26  0.573695
11 27  0.595836
11 28  0.604323
11 29  0.388833
11 30  0.570587
12 13  0.592945
12 14  0.578229
12 15  0.593626
12 16  0.585401
12 17  0.584703
12 18  0.579350
12 19  0.572480
12 20  0.554530
12 21  0.597135
12 22  0.474824
12 23  0.580274
12 24  0.608095
12 25  0.593748
12 26  0.577458
12 27  0.602787
12 28  0.564509
12 29  0.604917
12 30  0.574849
13 14  0.587636
13 15  0.540552
13 16  0.565933
13 17  0.566344
13 18  0.568509
13 19  0.574620
13 20  0.568214
13 21  0.539067
13 22  0.593226
13 23  0.591500
13 24  0.586148
13 25  0.334741
13 26  0.560401
13 27  0.584330
13 28  0.590250
13 29  0.555873
13 30  0.557793
14 15  0.588777
14 16  0.580488
14 17  0.579905
14 18  0.573164
14 19  0.582667
14 20  0.578335
14 21  0.592350
14 22  0.577755
14 23  0.558384
14 24  0.590626
14 25  0.587661
14 26  0.572749
14 27  0.598234
14 28  0.430186
14 29  0.599843
14 30  0.569953
15 16  0.567560
15 17  0.565345
15 18  0.569219
15 19  0.575650
15 20  0.568993
15 21  0.334559
15 22  0.594482
15 23  0.592243
15 24  0.593478
15 25  0.535287
15 26  0.560937
15 27  0.578015
15 28  0.592195
15 29  0.557350
15 30  0.556559
16 17  0.514333
16 18  0.561016
16 19  0.567461
16 20  0.560791
16 21  0.565829
16 22  0.586266
16 23  0.584019
16 24  0.586737
16 25  0.562101
16 26  0.552951
16 27  0.578128
16 28  0.584022
16 29  0.559015
16 30  0.550241
17 18  0.560321
17 19  0.566757
17 20  0.560087
17 21  0.564427
17 22  0.585571
17 23  0.583322
17 24  0.586324
17 25  0.561932
17 26  0.552214
17 27  0.577168
17 28  0.583343
17 29  0.558615
17 30  0.549468
18 19  0.566766
18 20  0.559517
18 21  0.572704
18 22  0.583477
18 23  0.561212
18 24  0.557327
18 25  0.568832
18 26  0.552736
18 27  0.577080
18 28  0.580012
18 29  0.580431
18 30  0.550283
19 20  0.522647
19 21  0.579178
19 22  0.571300
19 23  0.585187
19 24  0.592898
19 25  0.575815
19 26  0.559631
19 27  0.585100
19 28  0.583151
19 29  0.586965
19 30  0.556941
20 21  0.572510
20 22  0.570485
20 23  0.576225
20 24  0.586396
20 25  0.569195
20 26  0.552963
20 27  0.578437
20 28  0.573877
20 29  0.580300
20 30  0.550270
21 22  0.597987
21 23  0.595732
21 24  0.598166
21 25  0.543043
21 26  0.563382
21 27  0.581587
21 28  0.595724
21 29  0.567723
21 30  0.559895
22 23  0.584371
22 24  0.610015
22 25  0.594374
22 26  0.578429
22 27  0.603859
22 28  0.584875
22 29  0.605737
22 30  0.575748
23 24  0.607689
23 25  0.592217
23 26  0.576191
23 27  0.601608
23 28  0.567721
23 29  0.603503
23 30  0.573505
24 25  0.585673
24 26  0.576673
24 27  0.594192
24 28  0.597366
24 29  0.605385
24 30  0.574992
25 26  0.561241
25 27  0.586045
25 28  0.591680
25 29  0.565340
25 30  0.558395
26 27  0.534811
26 28  0.576162
26 29  0.572198
26 30  0.496498
27 28  0.601405
27 29  0.596936
27 30  0.533842
28 29  0.603409
28 30  0.573501
29 30  0.569312
