  -1146.52564764
  -1146.88953214
0.00012760679500
2 2 2 2 2 2 2 2 2 2 2 2 2 2 2 0 0 0 0 0 0 0 0 0 0 0 0 0 0 0 
1  0.281242
2  0.277714
3  0.270333
4  0.279221
5  0.291442
6  0.274476
7  0.317719
8  0.309416
9  0.301740
10  0.275650
11  0.306126
12  0.308596
13  0.295943
14  0.305329
15  0.294417
16  0.283348
17  0.282396
18  0.285404
19  0.289705
20  0.282732
21  0.297914
22  0.309764
23  0.307381
24  0.316315
25  0.297234
26  0.277861
27  0.305007
28  0.308584
29  0.304719
30  0.275735
1 2  0.514748
1 3  0.551541
1 4  0.560459
1 5  0.572683
1 6  0.555692
1 7  0.598239
1 8  0.590650
1 9  0.582740
1 10  0.556881
1 11  0.565307
1 12  0.589836
1 13  0.569916
1 14  0.586535
1 15  0.570503
1 16  0.272485
1 17  0.512997
1 18  0.566635
1 19  0.570860
1 20  0.563947
1 21  0.577726
1 22  0.590845
1 23  0.588587
1 24  0.596564
1 25  0.575495
1 26  0.558996
1 27  0.586211
1 28  0.589536
1 29  0.555576
1 30  0.556886
2 3  0.548029
2 4  0.556934
2 5  0.569156
2 6  0.552080
2 7  0.595043
2 8  0.587127
2 9  0.578972
2 10  0.553320
2 11  0.564250
2 12  0.586310
2 13  0.567320
2 14  0.583033
2 15  0.564969
2 16  0.511905
2 17  0.269681
2 18  0.563092
2 19  0.567405
2 20  0.560444
2 21  0.572900
2 22  0.587441
2 23  0.585086
2 24  0.593976
2 25  0.573697
2 26  0.555455
2 27  0.582201
2 28  0.586251
2 29  0.552519
2 30  0.553054
3 4  0.548447
3 5  0.560204
3 6  0.544633
3 7  0.559278
3 8  0.562560
3 9  0.570523
3 10  0.545558
3 11  0.576363
3 12  0.574021
3 13  0.565691
3 14  0.570882
3 15  0.564706
3 16  0.553668
3 17  0.552671
3 18  0.271712
3 19  0.559888
3 20  0.552445
3 21  0.568207
3 22  0.574902
3 23  0.557068
3 24  0.558850
3 25  0.567420
3 26  0.546716
3 27  0.572317
3 28  0.576979
3 29  0.574967
3 30  0.545843
4 5  0.527054
4 6  0.553691
4 7  0.595738
4 8  0.576744
4 9  0.580947
4 10  0.554863
4 11  0.585331
4 12  0.575411
4 13  0.575107
4 14  0.577588
4 15  0.573628
4 16  0.562542
4 17  0.561614
4 18  0.564296
4 19  0.283390
4 20  0.519646
4 21  0.577124
4 22  0.557632
4 23  0.584803
4 24  0.595293
4 25  0.576213
4 26  0.557059
4 27  0.584135
4 28  0.586404
4 29  0.583849
4 30  0.554954
5 6  0.565912
5 7  0.608463
5 8  0.592995
5 9  0.593164
5 10  0.567083
5 11  0.597565
5 12  0.576099
5 13  0.587373
5 14  0.592819
5 15  0.585857
5 16  0.574788
5 17  0.573838
5 18  0.574832
5 19  0.526759
5 20  0.287805
5 21  0.589350
5 22  0.577768
5 23  0.593955
5 24  0.607414
5 25  0.588614
5 26  0.569222
5 27  0.596224
5 28  0.597368
5 29  0.596135
5 30  0.567174
6 7  0.590789
6 8  0.583863
6 9  0.541047
6 10  0.503603
6 11  0.580092
6 12  0.583062
6 13  0.570195
6 14  0.579732
6 15  0.566781
6 16  0.557602
6 17  0.556272
6 18  0.559718
6 19  0.564164
6 20  0.557207
6 21  0.570192
6 22  0.584169
6 23  0.581808
6 24  0.590430
6 25  0.571648
6 26  0.499561
6 27  0.535726
6 28  0.583001
6 29  0.578666
6 30  0.278009
7 8  0.622422
7 9  0.609008
7 10  0.590540
7 11  0.621982
7 12  0.624751
7 13  0.602297
7 14  0.608847
7 15  0.610971
7 16  0.600202
7 17  0.600072
7 18  0.569210
7 19  0.606369
7 20  0.600341
7 21  0.614035
7 22  0.622408
7 23  0.619639
7 24  0.377907
7 25  0.604282
7 26  0.593174
7 27  0.610638
7 28  0.617978
7 29  0.618246
7 30  0.593041
8 9  0.611059
8 10  0.585024
8 11  0.615520
8 12  0.590321
8 13  0.605260
8 14  0.579692
8 15  0.603817
8 16  0.592761
8 17  0.591810
8 18  0.582834
8 19  0.595648
8 20  0.590836
8 21  0.607318
8 22  0.575939
8 23  0.437880
8 24  0.623801
8 25  0.606503
8 26  0.587109
8 27  0.614036
8 28  0.577146
8 29  0.614079
8 30  0.585149
9 10  0.541850
9 11  0.607044
9 12  0.610251
9 13  0.596640
9 14  0.606727
9 15  0.588493
9 16  0.585063
9 17  0.583574
9 18  0.583845
9 19  0.591402
9 20  0.584294
9 21  0.591563
9 22  0.611444
9 23  0.608887
9 24  0.604400
9 25  0.597448
9 26  0.534855
9 27  0.371296
9 28  0.610203
9 29  0.603165
9 30  0.531850
10 11  0.581453
10 12  0.584221
10 13  0.571446
10 14  0.580896
10 15  0.568839
10 16  0.558774
10 17  0.557803
10 18  0.559695
10 19  0.565355
10 20  0.558342
10 21  0.573115
10 22  0.585340
10 23  0.582887
10 24  0.589621
10 25  0.572748
10 26  0.281682
10 27  0.534868
10 28  0.584226
10 29  0.580335
10 30  0.500468
11 12  0.614711
11 13  0.577098
11 14  0.611262
11 15  0.574852
11 16  0.557912
11 17  0.559773
11 18  0.591487
11 19  0.595639
11 20  0.588775
11 21  0.570305
11 22  0.615668
11 23  0.613486
11 24  0.618520
11 25  0.572518
11 26  0.583959
11 27  0.607749
11 28  0.614164
11 29  0.398342
11 30  0.581420
12 13  0.604485
12 14  0.586319
12 15  0.603002
12 16  0.591905
12 17  0.590972
12 18  0.587590
12 19  0.578689
12 20  0.560372
12 21  0.606508
12 22  0.482150
12 23  0.587463
12 24  0.620818
12 25  0.605717
12 26  0.586302
12 27  0.613298
12 28  0.572395
12 29  0.613289
12 30  0.584291
13 14  0.600580
13 15  0.554421
13 16  0.576783
13 17  0.576916
13 18  0.581208
13 19  0.585183
13 20  0.578504
13 21  0.552828
13 22  0.605090
13 23  0.603251
13 24  0.602806
13 25  0.349663
13 26  0.573680
13 27  0.599265
13 28  0.603213
13 29  0.568393
13 30  0.571622
14 15  0.599618
14 16  0.588390
14 17  0.587646
14 18  0.583023
14 19  0.590203
14 20  0.585633
14 21  0.603231
14 22  0.586222
14 23  0.567278
14 24  0.604917
14 25  0.601171
14 26  0.583129
14 27  0.610262
14 28  0.439434
14 29  0.609607
14 30  0.580865
15 16  0.576221
15 17  0.573783
15 18  0.579785
15 19  0.584087
15 20  0.577125
15 21  0.345232
15 22  0.604167
15 23  0.601792
15 24  0.608563
15 25  0.549558
15 26  0.571984
15 27  0.590367
15 28  0.602922
15 29  0.567909
15 30  0.568159
16 17  0.520339
16 18  0.568720
16 19  0.573046
16 20  0.566076
16 21  0.574277
16 22  0.593084
16 23  0.590712
16 24  0.598794
16 25  0.572958
16 26  0.561199
16 27  0.587974
16 28  0.591859
16 29  0.566606
16 30  0.559056
17 18  0.567784
17 19  0.572097
17 20  0.565125
17 21  0.572583
17 22  0.592150
17 23  0.589772
17 24  0.598208
17 25  0.572576
17 26  0.560210
17 27  0.586753
17 28  0.590956
17 29  0.566084
17 30  0.558022
18 19  0.574062
18 20  0.566437
18 21  0.583268
18 22  0.591982
18 23  0.568773
18 24  0.571326
18 25  0.581828
18 26  0.562733
18 27  0.588681
18 28  0.589620
18 29  0.590006
18 30  0.560864
19 20  0.527905
19 21  0.587607
19 22  0.577363
19 23  0.591327
19 24  0.604651
19 25  0.586840
19 26  0.567558
19 27  0.594691
19 28  0.590340
19 29  0.594405
19 30  0.565436
20 21  0.580642
20 22  0.576633
20 23  0.582048
20 24  0.597855
20 25  0.579928
20 26  0.560587
20 27  0.587722
20 28  0.580566
20 29  0.587441
20 30  0.558463
21 22  0.607648
21 23  0.605276
21 24  0.613116
21 25  0.557285
21 26  0.574312
21 27  0.593505
21 28  0.606411
21 29  0.578162
21 30  0.571325
22 23  0.591809
22 24  0.623007
22 25  0.606581
22 26  0.587599
22 27  0.614689
22 28  0.593270
22 29  0.614405
22 30  0.585482
23 24  0.620723
23 25  0.604293
23 26  0.585225
23 27  0.612300
23 28  0.576632
23 29  0.612052
23 30  0.583108
24 25  0.601452
24 26  0.591082
24 27  0.610099
24 28  0.610750
24 29  0.619192
24 30  0.590009
25 26  0.574939
25 27  0.601247
25 28  0.604834
25 29  0.578053
25 30  0.572657
26 27  0.546801
26 28  0.586362
26 29  0.582260
26 30  0.506698
27 28  0.613243
27 29  0.608592
27 30  0.546056
28 29  0.613076
28 30  0.584281
29 30  0.579900
