  -1146.52564764
  -1146.89049778
0.00000558686254
2 2 2 2 2 2 2 2 2 2 2 2 2 2 2 0 0 0 0 0 0 0 0 0 0 0 0 0 0 0 
1  0.282484
2  0.278776
3  0.272118
4  0.280038
5  0.292284
6  0.277286
7  0.322505
8  0.310723
9  0.304983
10  0.278313
11  0.308418
12  0.309750
13  0.300194
14  0.307151
15  0.297272
16  0.284614
17  0.283553
18  0.287335
19  0.290658
20  0.283529
21  0.300782
22  0.311160
23  0.308659
24  0.320971
25  0.301377
26  0.280542
27  0.308237
28  0.310378
29  0.306891
30  0.278429
1 2  0.517181
1 3  0.554561
1 4  0.562515
1 5  0.574766
1 6  0.559743
1 7  0.604145
1 8  0.593197
1 9  0.587193
1 10  0.560783
1 11  0.568763
1 12  0.592232
1 13  0.575218
1 14  0.589590
1 15  0.574525
1 16  0.274976
1 17  0.515598
1 18  0.569806
1 19  0.573028
1 20  0.565979
1 21  0.581812
1 22  0.593468
1 23  0.591108
1 24  0.602412
1 25  0.580864
1 26  0.562902
1 27  0.590682
1 28  0.592538
1 29  0.559062
1 30  0.560815
2 3  0.550874
2 4  0.558811
2 5  0.571059
2 6  0.555938
2 7  0.600827
2 8  0.589496
2 9  0.583229
2 10  0.557035
2 11  0.567631
2 12  0.588526
2 13  0.572453
2 14  0.585914
2 15  0.568806
2 16  0.514428
2 17  0.271892
2 18  0.566066
2 19  0.569415
2 20  0.562302
2 21  0.576824
2 22  0.589894
2 23  0.587423
2 24  0.599689
2 25  0.578866
2 26  0.559193
2 27  0.586456
2 28  0.589101
2 29  0.555843
2 30  0.556777
3 4  0.551000
3 5  0.562763
3 6  0.549208
3 7  0.565834
3 8  0.565338
3 9  0.575508
3 10  0.549963
3 11  0.580435
3 12  0.576889
3 13  0.571672
3 14  0.574500
3 15  0.569343
3 16  0.556720
3 17  0.555592
3 18  0.275225
3 19  0.562624
3 20  0.555006
3 21  0.572860
3 22  0.578049
3 23  0.560056
3 24  0.565415
3 25  0.573330
3 26  0.551150
3 27  0.577388
3 28  0.580558
3 29  0.578917
3 30  0.550301
4 5  0.528790
4 6  0.557316
4 7  0.601254
4 8  0.578754
4 9  0.585004
4 10  0.558340
4 11  0.588431
4 12  0.577389
4 13  0.580163
4 14  0.580121
4 15  0.577295
4 16  0.564608
4 17  0.563585
4 18  0.567037
4 19  0.285172
4 20  0.521360
4 21  0.580808
4 22  0.559859
4 23  0.586870
4 24  0.600734
4 25  0.581101
4 26  0.560551
4 27  0.588172
4 28  0.589020
4 29  0.586811
4 30  0.558465
5 6  0.569560
5 7  0.614027
5 8  0.595127
5 9  0.597244
5 10  0.570584
5 11  0.600698
5 12  0.578007
5 13  0.592465
5 14  0.595415
5 15  0.589554
5 16  0.576894
5 17  0.575837
5 18  0.577551
5 19  0.528698
5 20  0.289464
5 21  0.593056
5 22  0.580002
5 23  0.596069
5 24  0.612903
5 25  0.593589
5 26  0.572722
5 27  0.600248
5 28  0.599983
5 29  0.599143
5 30  0.570709
6 7  0.598312
6 8  0.587978
6 9  0.546742
6 10  0.508438
6 11  0.585149
6 12  0.587023
6 13  0.577243
6 14  0.584355
6 15  0.572331
6 16  0.561663
6 17  0.560198
6 18  0.564448
6 19  0.567922
6 20  0.560814
6 21  0.575876
6 22  0.588383
6 23  0.585893
6 24  0.597858
6 25  0.578593
6 26  0.504403
6 27  0.541368
6 28  0.587606
6 29  0.583645
6 30  0.283447
7 8  0.628502
7 9  0.616877
7 10  0.597849
7 11  0.628824
7 12  0.630668
7 13  0.609994
7 14  0.615264
7 15  0.618530
7 16  0.606188
7 17  0.606009
7 18  0.576117
7 19  0.612083
7 20  0.605919
7 21  0.621638
7 22  0.628547
7 23  0.625733
7 24  0.386826
7 25  0.612749
7 26  0.600629
7 27  0.618646
7 28  0.624494
7 29  0.625140
7 30  0.600480
8 9  0.615605
8 10  0.588988
8 11  0.619116
8 12  0.592804
8 13  0.610814
8 14  0.582843
8 15  0.607980
8 16  0.595333
8 17  0.594274
8 18  0.585946
8 19  0.597868
8 20  0.592933
8 21  0.611495
8 22  0.578597
8 23  0.440293
8 24  0.629754
8 25  0.611939
8 26  0.591084
8 27  0.618584
8 28  0.580299
8 29  0.617552
8 30  0.589150
9 10  0.547661
9 11  0.612521
9 12  0.614641
9 13  0.604033
9 14  0.611776
9 15  0.594041
9 16  0.589567
9 17  0.587939
9 18  0.589080
9 19  0.595593
9 20  0.588301
9 21  0.597374
9 22  0.616077
9 23  0.613414
9 24  0.612339
9 25  0.604835
9 26  0.540618
9 27  0.377974
9 28  0.615231
9 29  0.608545
9 30  0.537444
10 11  0.586374
10 12  0.588034
10 13  0.578347
10 14  0.585374
10 15  0.574271
10 16  0.562667
10 17  0.561619
10 18  0.564235
10 19  0.568970
10 20  0.561788
10 21  0.578628
10 22  0.589386
10 23  0.586817
10 24  0.596913
10 25  0.579555
10 26  0.286330
10 27  0.540549
10 28  0.588681
10 29  0.585164
10 30  0.505364
11 12  0.618153
11 13  0.583465
11 14  0.615340
11 15  0.579957
11 16  0.561509
11 17  0.563271
11 18  0.595706
11 19  0.598848
11 20  0.591851
11 21  0.575496
11 22  0.619363
11 23  0.617059
11 24  0.625404
11 25  0.578942
11 26  0.588925
11 27  0.613254
11 28  0.618253
11 29  0.402798
11 30  0.586397
12 13  0.609876
12 14  0.589151
12 15  0.607007
12 16  0.594313
12 17  0.593275
12 18  0.590685
12 19  0.580802
12 20  0.562343
12 21  0.610528
12 22  0.484792
12 23  0.589881
12 24  0.626615
12 25  0.611003
12 26  0.590128
12 27  0.617677
12 28  0.575173
12 29  0.616611
12 30  0.588134
13 14  0.606542
13 15  0.561630
13 16  0.582285
13 17  0.582279
13 18  0.587362
13 19  0.590316
13 20  0.583544
13 21  0.560053
13 22  0.610719
13 23  0.608775
13 24  0.611305
13 25  0.357296
13 26  0.580612
13 27  0.606744
13 28  0.609204
13 29  0.574817
13 30  0.578557
14 15  0.604283
14 16  0.591443
14 17  0.590616
14 18  0.586799
14 19  0.592955
14 20  0.588199
14 21  0.607921
14 22  0.589334
14 23  0.570436
14 24  0.611417
14 25  0.607079
14 26  0.587630
14 27  0.615306
14 28  0.442894
14 29  0.613595
14 30  0.585376
15 16  0.580314
15 17  0.577792
15 18  0.584565
15 19  0.587894
15 20  0.580771
15 21  0.350592
15 22  0.608421
15 23  0.605924
15 24  0.616006
15 25  0.556700
15 26  0.577500
15 27  0.596186
15 28  0.607577
15 29  0.572928
15 30  0.573715
16 17  0.522898
16 18  0.571910
16 19  0.575260
16 20  0.568137
16 21  0.578324
16 22  0.595735
16 23  0.593247
16 24  0.604586
16 25  0.578203
16 26  0.565142
16 27  0.592429
16 28  0.594901
16 29  0.570005
16 30  0.563014
17 18  0.570869
17 19  0.574205
17 20  0.567079
17 21  0.576521
17 22  0.594699
17 23  0.592206
17 24  0.603960
17 25  0.577686
17 26  0.564035
17 27  0.591089
17 28  0.593901
17 29  0.569433
17 30  0.561862
18 19  0.576920
18 20  0.569112
18 21  0.588061
18 22  0.595277
18 23  0.571684
18 24  0.577933
18 25  0.587820
18 26  0.567298
18 27  0.593798
18 28  0.593345
18 29  0.594100
18 30  0.565447
19 20  0.529736
19 21  0.591424
19 22  0.579590
19 23  0.593501
19 24  0.610157
19 25  0.591913
19 26  0.571188
19 27  0.598871
19 28  0.593018
19 29  0.597521
19 30  0.569082
20 21  0.584306
20 22  0.578831
20 23  0.584089
20 24  0.603224
20 25  0.584860
20 26  0.564060
20 27  0.591747
20 28  0.583003
20 29  0.590406
20 30  0.561951
21 22  0.611906
21 23  0.609420
21 24  0.620559
21 25  0.564326
21 26  0.579766
21 27  0.599031
21 28  0.611062
21 29  0.583181
21 30  0.576766
22 23  0.594416
22 24  0.628983
22 25  0.612044
22 26  0.591676
22 27  0.619314
22 28  0.596348
22 29  0.617955
22 30  0.589572
23 24  0.626674
23 25  0.609658
23 26  0.589183
23 27  0.616804
23 28  0.579870
23 29  0.615487
23 30  0.587078
24 25  0.609029
24 26  0.598298
24 27  0.617828
24 28  0.616925
24 29  0.625827
24 30  0.597236
25 26  0.581753
25 27  0.608550
25 28  0.610643
25 29  0.584219
25 30  0.579476
26 27  0.552590
26 28  0.590827
26 29  0.587088
26 30  0.511569
27 28  0.618249
27 29  0.613912
27 30  0.551675
28 29  0.617004
28 30  0.588765
29 30  0.584722
