  -1146.52564764
  -1146.89091017
0.00000087154837
2 2 2 2 2 2 2 2 2 2 2 2 2 2 2 0 0 0 0 0 0 0 0 0 0 0 0 0 0 0 
1  0.283100
2  0.279300
3  0.273095
4  0.280364
5  0.292610
6  0.279000
7  0.324742
8  0.311277
9  0.306950
10  0.280061
11  0.309513
12  0.310229
13  0.302121
14  0.307983
15  0.298646
16  0.285255
17  0.284146
18  0.288378
19  0.291050
20  0.283842
21  0.302179
22  0.311743
23  0.309187
24  0.323075
25  0.303266
26  0.282288
27  0.310172
28  0.311217
29  0.307949
30  0.280153
1 2  0.518392
1 3  0.556152
1 4  0.563454
1 5  0.575706
1 6  0.562071
1 7  0.606922
1 8  0.594364
1 9  0.589748
1 10  0.563145
1 11  0.570448
1 12  0.593328
1 13  0.577697
1 14  0.591031
1 15  0.576493
1 16  0.276286
1 17  0.516927
1 18  0.571462
1 19  0.574011
1 20  0.566904
1 21  0.583816
1 22  0.594643
1 23  0.592252
1 24  0.605135
1 25  0.583365
1 26  0.565249
1 27  0.593230
1 28  0.593963
1 29  0.560785
1 30  0.563151
2 3  0.552370
2 4  0.559659
2 5  0.571908
2 6  0.558170
2 7  0.603531
2 8  0.590573
2 9  0.585690
2 10  0.559300
2 11  0.569269
2 12  0.589529
2 13  0.574835
2 14  0.587266
2 15  0.570673
2 16  0.515709
2 17  0.273066
2 18  0.567605
2 19  0.570327
2 20  0.563140
2 21  0.578745
2 22  0.590993
2 23  0.588465
2 24  0.602315
2 25  0.581262
2 26  0.561460
2 27  0.588913
2 28  0.590459
2 29  0.557480
2 30  0.559018
3 4  0.552285
3 5  0.564049
3 6  0.551883
3 7  0.569026
3 8  0.566751
3 9  0.578424
3 10  0.552662
3 11  0.582507
3 12  0.578329
3 13  0.574526
3 14  0.576319
3 15  0.571693
3 16  0.558332
3 17  0.557125
3 18  0.277187
3 19  0.563991
3 20  0.556298
3 21  0.575231
3 22  0.579614
3 23  0.561547
3 24  0.568559
3 25  0.576181
3 26  0.553870
3 27  0.580330
3 28  0.582374
3 29  0.580936
3 30  0.552991
4 5  0.529481
4 6  0.559355
4 7  0.603784
4 8  0.579604
4 9  0.587296
4 10  0.560411
4 11  0.589848
4 12  0.578202
4 13  0.582412
4 14  0.581250
4 15  0.578993
4 16  0.565557
4 17  0.564503
4 18  0.568405
4 19  0.285918
4 20  0.522048
4 21  0.582532
4 22  0.560790
4 23  0.587715
4 24  0.603159
4 25  0.583295
4 26  0.562624
4 27  0.590428
4 28  0.590185
4 29  0.588185
4 30  0.560516
5 6  0.571597
5 7  0.616570
5 8  0.595993
5 9  0.599535
5 10  0.572655
5 11  0.602117
5 12  0.578786
5 13  0.594717
5 14  0.596555
5 15  0.591254
5 16  0.577860
5 17  0.576755
5 18  0.578918
5 19  0.529485
5 20  0.290130
5 21  0.594775
5 22  0.580924
5 23  0.596920
5 24  0.615329
5 25  0.595800
5 26  0.574785
5 27  0.602489
5 28  0.601141
5 29  0.600527
5 30  0.572759
6 7  0.602215
6 8  0.590242
6 9  0.550184
6 10  0.511638
6 11  0.587937
6 12  0.589212
6 13  0.580875
6 14  0.586897
6 15  0.575364
6 16  0.564016
6 17  0.562498
6 18  0.567200
6 19  0.570029
6 20  0.562841
6 21  0.578994
6 22  0.590680
6 23  0.588133
6 24  0.601649
6 25  0.582188
6 26  0.507487
6 27  0.544767
6 28  0.590148
6 29  0.586418
6 30  0.286436
7 8  0.631277
7 9  0.620995
7 10  0.601767
7 11  0.632075
7 12  0.633367
7 13  0.613479
7 14  0.618236
7 15  0.622102
7 16  0.609069
7 17  0.608834
7 18  0.579479
7 19  0.614707
7 20  0.608468
7 21  0.625216
7 22  0.631360
7 23  0.628506
7 24  0.391093
7 25  0.616650
7 26  0.604604
7 27  0.622794
7 28  0.627532
7 29  0.628416
7 30  0.604410
8 9  0.618123
8 10  0.591284
8 11  0.620760
8 12  0.593862
8 13  0.613290
8 14  0.584274
8 15  0.609908
8 16  0.596528
8 17  0.595416
8 18  0.587503
8 19  0.598805
8 20  0.593798
8 21  0.613446
8 22  0.579746
8 23  0.441327
8 24  0.632405
8 25  0.614379
8 26  0.593380
8 27  0.621089
8 28  0.581747
8 29  0.619160
8 30  0.591426
9 10  0.551249
9 11  0.615548
9 12  0.617084
9 13  0.607890
9 14  0.614564
9 15  0.597082
9 16  0.592173
9 17  0.590502
9 18  0.592123
9 19  0.597951
9 20  0.590566
9 21  0.600587
9 22  0.618624
9 23  0.615914
9 24  0.616406
9 25  0.608677
9 26  0.544191
9 27  0.381711
9 28  0.618027
9 29  0.611574
9 30  0.540828
10 11  0.589198
10 12  0.590258
10 13  0.582015
10 14  0.587947
10 15  0.577326
10 16  0.565039
10 17  0.563953
10 18  0.567000
10 19  0.571110
10 20  0.563840
10 21  0.581748
10 22  0.591716
10 23  0.589087
10 24  0.600755
10 25  0.583189
10 26  0.288984
10 27  0.544039
10 28  0.591265
10 29  0.587965
10 30  0.508593
11 12  0.619727
11 13  0.586429
11 14  0.617240
11 15  0.582425
11 16  0.563282
11 17  0.564999
11 18  0.597835
11 19  0.600313
11 20  0.593252
11 21  0.578021
11 22  0.621037
11 23  0.618684
11 24  0.628583
11 25  0.581922
11 26  0.591763
11 27  0.616277
11 28  0.620177
11 29  0.405076
11 30  0.589212
12 13  0.612274
12 14  0.590436
12 15  0.608858
12 16  0.595422
12 17  0.594340
12 18  0.592216
12 19  0.581682
12 20  0.563151
12 21  0.612403
12 22  0.485924
12 23  0.590901
12 24  0.629202
12 25  0.613366
12 26  0.592354
12 27  0.620089
12 28  0.576478
12 29  0.618148
12 30  0.590333
13 14  0.609253
13 15  0.565041
13 16  0.584845
13 17  0.584778
13 18  0.590301
13 19  0.592611
13 20  0.585782
13 21  0.563466
13 22  0.613227
13 23  0.611225
13 24  0.615120
13 25  0.360893
13 26  0.584282
13 27  0.610595
13 28  0.611975
13 29  0.577806
13 30  0.582198
14 15  0.606474
14 16  0.592870
14 17  0.592032
14 18  0.588692
14 19  0.594174
14 20  0.589333
14 21  0.610151
14 22  0.590735
14 23  0.571858
14 24  0.614363
14 25  0.609805
14 26  0.590208
14 27  0.618067
14 28  0.444552
14 29  0.615480
14 30  0.587926
15 16  0.582319
15 17  0.579757
15 18  0.586980
15 19  0.589667
15 20  0.582455
15 21  0.353270
15 22  0.610380
15 23  0.607824
15 24  0.619429
15 25  0.560060
15 26  0.580594
15 27  0.599335
15 28  0.609797
15 29  0.575375
15 30  0.576819
16 17  0.524211
16 18  0.573591
16 19  0.576289
16 20  0.569088
16 21  0.580342
16 22  0.596953
16 23  0.594408
16 24  0.607254
16 25  0.580674
16 26  0.567528
16 27  0.594972
16 28  0.596369
16 29  0.571695
16 30  0.565376
17 18  0.572501
17 19  0.575187
17 20  0.567984
17 21  0.578474
17 22  0.595873
17 23  0.593327
17 24  0.606597
17 25  0.580097
17 26  0.566368
17 27  0.593580
17 28  0.595326
17 29  0.571100
17 30  0.564172
18 19  0.578346
18 20  0.570453
18 21  0.590501
18 22  0.596890
18 23  0.573158
18 24  0.581082
18 25  0.590663
18 26  0.570063
18 27  0.596752
18 28  0.595230
18 29  0.596196
18 30  0.568184
19 20  0.530483
19 21  0.593208
19 22  0.580529
19 23  0.594407
19 24  0.612617
19 25  0.594187
19 26  0.573324
19 27  0.601197
19 28  0.594217
19 29  0.598967
19 30  0.571197
20 21  0.586016
20 22  0.579741
20 23  0.584921
20 24  0.605611
20 25  0.587060
20 26  0.566118
20 27  0.593995
20 28  0.584104
20 29  0.591775
20 30  0.563987
21 22  0.613881
21 23  0.611344
21 24  0.624031
21 25  0.567696
21 26  0.582830
21 27  0.602042
21 28  0.613285
21 29  0.585643
21 30  0.579820
22 23  0.595518
22 24  0.631630
22 25  0.614479
22 26  0.594005
22 27  0.621829
22 28  0.597746
22 29  0.619589
22 30  0.591878
23 24  0.629309
23 25  0.612037
23 26  0.591457
23 27  0.619265
23 28  0.581335
23 29  0.617067
23 30  0.589328
24 25  0.612457
24 26  0.602094
24 27  0.621786
24 28  0.619731
24 29  0.628928
24 30  0.600996
25 26  0.585385
25 27  0.612338
25 28  0.613319
25 29  0.587128
25 30  0.583078
26 27  0.556188
26 28  0.593405
26 29  0.589876
26 30  0.514755
27 28  0.621010
27 29  0.616867
27 30  0.555125
28 29  0.618880
28 30  0.591324
29 30  0.587483
