   -993.90960493
   -994.22065210
0.00012911198200
2 2 2 2 2 2 2 2 2 2 2 2 2 0 0 0 0 0 0 0 0 0 0 0 0 0 
1  0.266444
2  0.266415
3  0.261987
4  0.262135
5  0.273955
6  0.277822
7  0.273946
8  0.277791
9  0.294200
10  0.294300
11  0.296235
12  0.293035
13  0.296207
14  0.270256
15  0.270359
16  0.266665
17  0.266722
18  0.277057
19  0.280012
20  0.277162
21  0.280065
22  0.297231
23  0.297176
24  0.294913
25  0.296361
26  0.296380
1 2  0.527870
1 3  0.523703
1 4  0.528440
1 5  0.540324
1 6  0.544105
1 7  0.540374
1 8  0.544220
1 9  0.558909
1 10  0.535142
1 11  0.562663
1 12  0.535720
1 13  0.561505
1 14  0.257628
1 15  0.532545
1 16  0.528621
1 17  0.532475
1 18  0.543133
1 19  0.545863
1 20  0.543589
1 21  0.546501
1 22  0.563403
1 23  0.563236
1 24  0.530654
1 25  0.562225
1 26  0.530608
2 3  0.528271
2 4  0.523765
2 5  0.540355
2 6  0.544223
2 7  0.540290
2 8  0.544051
2 9  0.535058
2 10  0.558991
2 11  0.561428
2 12  0.535498
2 13  0.562606
2 14  0.532407
2 15  0.257802
2 16  0.532391
2 17  0.528647
2 18  0.543464
2 19  0.546420
2 20  0.543295
2 21  0.545816
2 22  0.563273
2 23  0.563336
2 24  0.530716
2 25  0.530596
2 26  0.562221
3 4  0.524107
3 5  0.532490
3 6  0.534413
3 7  0.535931
3 8  0.539777
3 9  0.556157
3 10  0.533469
3 11  0.558211
3 12  0.553712
3 13  0.538717
3 14  0.527551
3 15  0.531585
3 16  0.246497
3 17  0.528683
3 18  0.538189
3 19  0.538502
3 20  0.539140
3 21  0.542047
3 22  0.559215
3 23  0.532410
3 24  0.556393
3 25  0.558150
3 26  0.527950
4 5  0.536089
4 6  0.539957
4 7  0.532641
4 8  0.534477
4 9  0.533453
4 10  0.556401
4 11  0.538856
4 12  0.553804
4 13  0.558330
4 14  0.531716
4 15  0.527766
4 16  0.528784
4 17  0.246629
4 18  0.539185
4 19  0.542142
4 20  0.538460
4 21  0.538654
4 22  0.532501
4 23  0.559307
4 24  0.556585
4 25  0.528095
4 26  0.558314
5 6  0.503969
5 7  0.547900
5 8  0.551745
5 9  0.568112
5 10  0.564835
5 11  0.570188
5 12  0.566755
5 13  0.540840
5 14  0.543969
5 15  0.544313
5 16  0.539627
5 17  0.540667
5 18  0.270303
5 19  0.500680
5 20  0.551099
5 21  0.554016
5 22  0.571139
5 23  0.532099
5 24  0.568039
5 25  0.570138
5 26  0.568950
6 7  0.551767
6 8  0.555611
6 9  0.572008
6 10  0.570153
6 11  0.574056
6 12  0.570818
6 13  0.543376
6 14  0.547313
6 15  0.548150
6 16  0.540648
6 17  0.544538
6 18  0.501105
6 19  0.272750
6 20  0.554979
6 21  0.557886
6 22  0.575039
6 23  0.535287
6 24  0.572440
6 25  0.574164
6 26  0.573594
7 8  0.503824
7 9  0.564674
7 10  0.568203
7 11  0.540939
7 12  0.566730
7 13  0.570149
7 14  0.544199
7 15  0.544022
7 16  0.540601
7 17  0.539675
7 18  0.550989
7 19  0.553954
7 20  0.270337
7 21  0.500669
7 22  0.532171
7 23  0.571078
7 24  0.568150
7 25  0.568926
7 26  0.570176
8 9  0.570042
8 10  0.572078
8 11  0.543468
8 12  0.570786
8 13  0.573996
8 14  0.548007
8 15  0.547522
8 16  0.544448
8 17  0.540676
8 18  0.554844
8 19  0.557802
8 20  0.501109
8 21  0.272755
8 22  0.535343
8 23  0.574951
8 24  0.572314
8 25  0.573552
8 26  0.574148
9 10  0.586054
9 11  0.579968
9 12  0.573674
9 13  0.590242
9 14  0.563906
9 15  0.532318
9 16  0.560625
9 17  0.530277
9 18  0.571129
9 19  0.574193
9 20  0.569773
9 21  0.573732
9 22  0.573382
9 23  0.590854
9 24  0.567432
9 25  0.354216
9 26  0.589708
10 11  0.590385
10 12  0.573927
10 13  0.580035
10 14  0.532246
10 15  0.564068
10 16  0.530304
10 17  0.560783
10 18  0.569771
10 19  0.573765
10 20  0.571301
10 21  0.574353
10 22  0.591029
10 23  0.573514
10 24  0.567427
10 25  0.589816
10 26  0.354251
11 12  0.587591
11 13  0.592427
11 14  0.566292
11 15  0.566041
11 16  0.562897
11 17  0.536307
11 18  0.573252
11 19  0.576232
11 20  0.534788
11 21  0.535636
11 22  0.360192
11 23  0.593316
11 24  0.590369
11 25  0.573666
11 26  0.592030
12 13  0.587573
12 14  0.532429
12 15  0.532368
12 16  0.559135
12 17  0.559210
12 18  0.569385
12 19  0.572733
12 20  0.569347
12 21  0.572844
12 22  0.589480
12 23  0.589385
12 24  0.356269
12 25  0.567978
12 26  0.568101
13 14  0.565938
13 15  0.566371
13 16  0.536230
13 17  0.562928
13 18  0.534627
13 19  0.535520
13 20  0.573322
13 21  0.576260
13 22  0.593358
13 23  0.360240
13 24  0.590391
13 25  0.592035
13 26  0.573553
14 15  0.535210
14 16  0.532106
14 17  0.536878
14 18  0.547223
14 19  0.550160
14 20  0.547390
14 21  0.550303
14 22  0.567448
14 23  0.565678
14 24  0.540484
14 25  0.564097
14 26  0.540622
15 16  0.536923
15 17  0.532053
15 18  0.547391
15 19  0.550353
15 20  0.547423
15 21  0.550310
15 22  0.565904
15 23  0.567481
15 24  0.540652
15 25  0.540561
15 26  0.564266
16 17  0.533370
16 18  0.539015
16 19  0.540537
16 20  0.543825
16 21  0.546729
16 22  0.563885
16 23  0.543004
16 24  0.559573
16 25  0.562984
16 26  0.539489
17 18  0.543777
17 19  0.546733
17 20  0.539164
17 21  0.540637
17 22  0.543042
17 23  0.563887
17 24  0.559789
17 25  0.539510
17 26  0.563044
18 19  0.508451
18 20  0.554219
18 21  0.557121
18 22  0.574286
18 23  0.544470
18 24  0.571698
18 25  0.573377
18 26  0.569347
19 20  0.557174
19 21  0.560076
19 22  0.577241
19 23  0.546706
19 24  0.574840
19 25  0.576354
19 26  0.573795
20 21  0.508578
20 22  0.544656
20 23  0.574336
20 24  0.571763
20 25  0.569544
20 26  0.573494
21 22  0.546835
21 23  0.577238
21 24  0.574877
21 25  0.573775
21 26  0.576422
22 23  0.594394
22 24  0.590109
22 25  0.583199
22 26  0.593416
23 24  0.590131
23 25  0.593336
23 26  0.583197
24 25  0.578076
24 26  0.578072
25 26  0.590193
