   -993.90960493
   -994.22340108
0.00003534067740
2 2 2 2 2 2 2 2 2 2 2 2 2 0 0 0 0 0 0 0 0 0 0 0 0 0 
1  0.272733
2  0.272797
3  0.267968
4  0.267993
5  0.276966
6  0.280800
7  0.276974
8  0.280800
9  0.302073
10  0.301992
11  0.301537
12  0.301326
13  0.301498
14  0.276938
15  0.276963
16  0.272764
17  0.272784
18  0.280375
19  0.283193
20  0.280383
21  0.283196
22  0.302293
23  0.302266
24  0.302628
25  0.304073
26  0.304060
1 2  0.540226
1 3  0.535741
1 4  0.540548
1 5  0.549595
1 6  0.553341
1 7  0.549684
1 8  0.553517
1 9  0.572696
1 10  0.548742
1 11  0.574243
1 12  0.549714
1 13  0.572666
1 14  0.269249
1 15  0.545442
1 16  0.540950
1 17  0.544657
1 18  0.552759
1 19  0.555181
1 20  0.553112
1 21  0.555909
1 22  0.574776
1 23  0.574541
1 24  0.544544
1 25  0.576190
1 26  0.544426
2 3  0.540589
2 4  0.535823
2 5  0.549740
2 6  0.553581
2 7  0.549667
2 8  0.553405
2 9  0.548880
2 10  0.572685
2 11  0.572767
2 12  0.549695
2 13  0.574268
2 14  0.545460
2 15  0.269325
2 16  0.544705
2 17  0.541040
2 18  0.553168
2 19  0.555970
2 20  0.552835
2 21  0.555247
2 22  0.574633
2 23  0.574811
2 24  0.544628
2 25  0.544502
2 26  0.576240
3 4  0.535943
3 5  0.541025
3 6  0.542847
3 7  0.544941
3 8  0.548768
3 9  0.569998
3 10  0.546661
3 11  0.569495
3 12  0.567596
3 13  0.549494
3 14  0.540144
3 15  0.544038
3 16  0.256938
3 17  0.540723
3 18  0.547382
3 19  0.547547
3 20  0.548341
3 21  0.551158
3 22  0.570259
3 23  0.543160
3 24  0.570033
3 25  0.571787
3 26  0.541480
4 5  0.544957
4 6  0.548793
4 7  0.541055
4 8  0.542872
4 9  0.546763
4 10  0.569943
4 11  0.549547
4 12  0.567605
4 13  0.569479
4 14  0.544033
4 15  0.540201
4 16  0.540725
4 17  0.257003
4 18  0.548359
4 19  0.551180
4 20  0.547414
4 21  0.547575
4 22  0.543201
4 23  0.570257
4 24  0.570061
4 25  0.541525
4 26  0.571789
5 6  0.510239
5 7  0.553939
5 8  0.557765
5 9  0.578984
5 10  0.575172
5 11  0.578500
5 12  0.578017
5 13  0.548758
5 14  0.553580
5 15  0.553925
5 16  0.548628
5 17  0.549740
5 18  0.276728
5 19  0.507184
5 20  0.557323
5 21  0.560155
5 22  0.579193
5 23  0.540100
5 24  0.578683
5 25  0.580848
5 26  0.579672
6 7  0.557773
6 8  0.561599
6 9  0.582853
6 10  0.580523
6 11  0.582336
6 12  0.582064
6 13  0.551223
6 14  0.556926
6 15  0.557735
6 16  0.549605
6 17  0.553579
6 18  0.507695
6 19  0.279126
6 20  0.561178
6 21  0.563995
6 22  0.583077
6 23  0.543262
6 24  0.583086
6 25  0.584863
6 26  0.584200
7 8  0.510246
7 9  0.575261
7 10  0.578914
7 11  0.548808
7 12  0.578027
7 13  0.578469
7 14  0.553908
7 15  0.553615
7 16  0.549728
7 17  0.548655
7 18  0.557324
7 19  0.560161
7 20  0.276745
7 21  0.507194
7 22  0.540139
7 23  0.579174
7 24  0.578696
7 25  0.579695
7 26  0.580839
8 9  0.580605
8 10  0.582773
8 11  0.551263
8 12  0.582064
8 13  0.582296
8 14  0.557710
8 15  0.556958
8 16  0.553559
8 17  0.549626
8 18  0.561171
8 19  0.563993
8 20  0.507706
8 21  0.279134
8 22  0.543288
8 23  0.583051
8 24  0.583089
8 25  0.584214
8 26  0.584850
9 10  0.601457
9 11  0.592478
9 12  0.589097
9 13  0.603407
9 14  0.578330
9 15  0.546553
9 16  0.574607
9 17  0.544082
9 18  0.582243
9 19  0.585242
9 20  0.580838
9 21  0.584655
9 22  0.585723
9 23  0.603703
9 24  0.582444
9 25  0.370215
9 26  0.605251
10 11  0.603373
10 12  0.589066
10 13  0.592358
10 14  0.546470
10 15  0.578278
10 16  0.543997
10 17  0.574557
10 18  0.580748
10 19  0.584570
10 20  0.582167
10 21  0.585165
10 22  0.603658
10 23  0.585620
10 24  0.582351
10 25  0.605200
10 26  0.370133
11 12  0.601043
11 13  0.603021
11 14  0.578252
11 15  0.577955
11 16  0.574300
11 17  0.547365
11 18  0.581843
11 19  0.584709
11 20  0.542927
11 21  0.543747
11 22  0.371246
11 23  0.603676
11 24  0.603430
11 25  0.586150
11 26  0.604951
12 13  0.601012
12 14  0.547085
12 15  0.547057
12 16  0.573496
12 17  0.573518
12 18  0.580838
12 19  0.584177
12 20  0.580829
12 21  0.584184
12 22  0.602893
12 23  0.602862
12 24  0.372880
12 25  0.583282
12 26  0.583312
13 14  0.577890
13 15  0.578240
13 16  0.547310
13 17  0.574280
13 18  0.542881
13 19  0.543706
13 20  0.581809
13 21  0.584672
13 22  0.603664
13 23  0.371180
13 24  0.603386
13 25  0.604941
13 26  0.586091
14 15  0.548007
14 16  0.544396
14 17  0.549612
14 18  0.557174
14 19  0.560011
14 20  0.557288
14 21  0.560112
14 22  0.579182
14 23  0.577138
14 24  0.554555
14 25  0.578159
14 26  0.554344
15 16  0.549614
15 17  0.544448
15 18  0.557307
15 19  0.560135
15 20  0.557205
15 21  0.560040
15 22  0.577180
15 23  0.579180
15 24  0.554650
15 25  0.554365
15 26  0.578167
16 17  0.545529
16 18  0.547942
16 19  0.549399
16 20  0.553143
16 21  0.555958
16 22  0.575043
16 23  0.553624
16 24  0.573035
16 25  0.576777
16 26  0.552867
17 18  0.553156
17 19  0.555976
17 20  0.547968
17 21  0.549423
17 22  0.553666
17 23  0.575037
17 24  0.573069
17 25  0.552885
17 26  0.576784
18 19  0.515168
18 20  0.560757
18 21  0.563570
18 22  0.582663
18 23  0.552551
18 24  0.582644
18 25  0.584382
18 26  0.580086
19 20  0.563575
19 21  0.566388
19 22  0.585483
19 23  0.554756
19 24  0.585718
19 25  0.587239
19 26  0.584149
20 21  0.515177
20 22  0.552592
20 23  0.582643
20 24  0.582656
20 25  0.580116
20 26  0.584375
21 22  0.554789
21 23  0.585458
21 24  0.585722
21 25  0.584158
21 26  0.587229
22 23  0.604537
22 24  0.602740
22 25  0.595348
22 26  0.606133
23 24  0.602699
23 25  0.606120
23 26  0.595307
24 25  0.592743
24 26  0.592695
25 26  0.605104
