   -993.90960493
   -994.22450329
0.00001185483100
2 2 2 2 2 2 2 2 2 2 2 2 2 0 0 0 0 0 0 0 0 0 0 0 0 0 
1  0.276150
2  0.276141
3  0.270814
4  0.270810
5  0.278870
6  0.282520
7  0.278870
8  0.282524
9  0.306286
10  0.306294
11  0.304317
12  0.305965
13  0.304319
14  0.280465
15  0.280467
16  0.275668
17  0.275665
18  0.282291
19  0.284943
20  0.282290
21  0.284943
22  0.304991
23  0.304988
24  0.307154
25  0.308235
26  0.308230
1 2  0.546654
1 3  0.541712
1 4  0.546764
1 5  0.554891
1 6  0.558455
1 7  0.554984
1 8  0.558652
1 9  0.580123
1 10  0.556385
1 11  0.580434
1 12  0.557537
1 13  0.578769
1 14  0.275561
1 15  0.552241
1 16  0.547178
1 17  0.550846
1 18  0.558060
1 19  0.560254
1 20  0.558434
1 21  0.561075
1 22  0.580856
1 23  0.580642
1 24  0.552486
1 25  0.583698
1 26  0.552029
2 3  0.546759
2 4  0.541701
2 5  0.554974
2 6  0.558640
2 7  0.554882
2 8  0.558449
2 9  0.556372
2 10  0.580122
2 11  0.578757
2 12  0.557515
2 13  0.580426
2 14  0.552225
2 15  0.275557
2 16  0.550843
2 17  0.547168
2 18  0.558426
2 19  0.561066
2 20  0.558049
2 21  0.560244
2 22  0.580635
2 23  0.580846
2 24  0.552489
2 25  0.552024
2 26  0.583688
3 4  0.541604
3 5  0.545579
3 6  0.547101
3 7  0.549680
3 8  0.553337
3 9  0.577050
3 10  0.553615
3 11  0.575116
3 12  0.574917
3 13  0.554949
3 14  0.546425
3 15  0.550278
3 16  0.262118
3 17  0.546449
3 18  0.552072
3 19  0.552046
3 20  0.553092
3 21  0.555746
3 22  0.575804
3 23  0.548705
3 24  0.577357
3 25  0.578749
3 26  0.548521
4 5  0.549677
4 6  0.553330
4 7  0.545576
4 8  0.547100
4 9  0.553604
4 10  0.577055
4 11  0.554943
4 12  0.574910
4 13  0.575114
4 14  0.550275
4 15  0.546425
4 16  0.546448
4 17  0.262112
4 18  0.553089
4 19  0.555742
4 20  0.552067
4 21  0.552042
4 22  0.548706
4 23  0.575797
4 24  0.577351
4 25  0.548523
4 26  0.578740
5 6  0.514082
5 7  0.557736
5 8  0.561392
5 9  0.585071
5 10  0.581079
5 11  0.583180
5 12  0.584517
5 13  0.553291
5 14  0.558974
5 15  0.559333
5 16  0.553364
5 17  0.554522
5 18  0.280340
5 19  0.511065
5 20  0.561120
5 21  0.563803
5 22  0.583771
5 23  0.544683
5 24  0.585077
5 25  0.586892
5 26  0.585676
6 7  0.561388
6 8  0.565043
6 9  0.588772
6 10  0.586348
6 11  0.586834
6 12  0.588411
6 13  0.555685
6 14  0.562097
6 15  0.562960
6 16  0.554115
6 17  0.558176
6 18  0.511564
6 19  0.282436
6 20  0.564804
6 21  0.567462
6 22  0.587491
6 23  0.547697
6 24  0.589295
6 25  0.590744
6 26  0.590042
7 8  0.514086
7 9  0.581071
7 10  0.585078
7 11  0.553290
7 12  0.584517
7 13  0.583181
7 14  0.559331
7 15  0.558976
7 16  0.554524
7 17  0.553362
7 18  0.561121
7 19  0.563802
7 20  0.280340
7 21  0.511064
7 22  0.544687
7 23  0.583768
7 24  0.585077
7 25  0.585681
7 26  0.586888
8 9  0.586345
8 10  0.588783
8 11  0.555688
8 12  0.588414
8 13  0.586839
8 14  0.562961
8 15  0.562102
8 16  0.558182
8 17  0.554115
8 18  0.564808
8 19  0.567465
8 20  0.511567
8 21  0.282439
8 22  0.547704
8 23  0.587491
8 24  0.589298
8 25  0.590050
8 26  0.590743
9 10  0.609665
9 11  0.599058
9 12  0.597543
9 13  0.610418
9 14  0.586012
9 15  0.554290
9 16  0.581694
9 17  0.551127
9 18  0.588345
9 19  0.591207
9 20  0.586915
9 21  0.590562
9 22  0.592402
9 23  0.610623
9 24  0.590928
9 25  0.378160
9 26  0.613614
10 11  0.610424
10 12  0.597561
10 13  0.599068
10 14  0.554293
10 15  0.586019
10 16  0.551139
10 17  0.581698
10 18  0.586925
10 19  0.590570
10 20  0.588352
10 21  0.591216
10 22  0.610634
10 23  0.592408
10 24  0.590932
10 25  0.613629
10 26  0.378163
11 12  0.608228
11 13  0.608612
11 14  0.584521
11 15  0.584184
11 16  0.579984
11 17  0.553006
11 18  0.586515
11 19  0.589232
11 20  0.547508
11 21  0.548198
11 22  0.376535
11 23  0.609164
11 24  0.610722
11 25  0.592906
11 26  0.611858
12 13  0.608232
12 14  0.555179
12 15  0.555167
12 16  0.580980
12 17  0.580977
12 18  0.587327
12 19  0.590535
12 20  0.587327
12 21  0.590535
12 22  0.610224
12 23  0.610222
12 24  0.381607
12 25  0.591827
12 26  0.591830
13 14  0.584183
13 15  0.584524
13 16  0.553011
13 17  0.579983
13 18  0.547511
13 19  0.548198
13 20  0.586514
13 21  0.589233
13 22  0.609166
13 23  0.376535
13 24  0.610724
13 25  0.611865
13 26  0.592904
14 15  0.554765
14 16  0.550531
14 17  0.556010
14 18  0.562594
14 19  0.565275
14 20  0.562707
14 21  0.565384
14 22  0.585399
14 23  0.583186
14 24  0.562497
14 25  0.585639
14 26  0.561876
15 16  0.556015
15 17  0.550533
15 18  0.562710
15 19  0.565386
15 20  0.562596
15 21  0.565277
15 22  0.583190
15 23  0.585399
15 24  0.562510
15 25  0.561882
15 26  0.585640
16 17  0.551315
16 18  0.552559
16 19  0.553831
16 20  0.557953
16 21  0.560609
16 22  0.580641
16 23  0.559014
16 24  0.580265
16 25  0.583837
16 26  0.559787
17 18  0.557951
17 19  0.560606
17 20  0.552556
17 21  0.553827
17 22  0.559014
17 23  0.580636
17 24  0.580263
17 25  0.559788
17 26  0.583829
18 19  0.519036
18 20  0.564577
18 21  0.567231
18 22  0.587270
18 23  0.557055
18 24  0.589041
18 25  0.590423
18 26  0.585909
19 20  0.567230
19 21  0.569884
19 22  0.589926
19 23  0.559204
19 24  0.591980
19 25  0.593131
19 26  0.589850
20 21  0.519035
20 22  0.557057
20 23  0.587266
20 24  0.589041
20 25  0.585912
20 26  0.590417
21 22  0.559208
21 23  0.589924
21 24  0.591980
21 25  0.589856
21 26  0.593127
22 23  0.609946
22 24  0.609695
22 25  0.601840
22 26  0.612974
23 24  0.609691
23 25  0.612975
23 26  0.601833
24 25  0.601000
24 26  0.600990
25 26  0.613121
