   -993.90960493
   -994.22482367
0.00000002644814
2 2 2 2 2 2 2 2 2 2 2 2 2 0 0 0 0 0 0 0 0 0 0 0 0 0 
1  0.277275
2  0.277275
3  0.271659
4  0.271659
5  0.279430
6  0.282983
7  0.279430
8  0.282983
9  0.307618
10  0.307618
11  0.305124
12  0.307459
13  0.305124
14  0.281651
15  0.281651
16  0.276551
17  0.276551
18  0.282872
19  0.285426
20  0.282872
21  0.285426
22  0.305785
23  0.305786
24  0.308579
25  0.309502
26  0.309501
1 2  0.548839
1 3  0.543623
1 4  0.548724
1 5  0.556571
1 6  0.560032
1 7  0.556659
1 8  0.560238
1 9  0.582487
1 10  0.558802
1 11  0.582362
1 12  0.560102
1 13  0.580633
1 14  0.277817
1 15  0.554549
1 16  0.549193
1 17  0.552751
1 18  0.559767
1 19  0.561790
1 20  0.560141
1 21  0.562683
1 22  0.582768
1 23  0.582538
1 24  0.555023
1 25  0.586062
1 26  0.554413
2 3  0.548724
2 4  0.543623
2 5  0.556659
2 6  0.560238
2 7  0.556572
2 8  0.560032
2 9  0.558802
2 10  0.582487
2 11  0.580633
2 12  0.560102
2 13  0.582362
2 14  0.554549
2 15  0.277817
2 16  0.552751
2 17  0.549193
2 18  0.560141
2 19  0.562683
2 20  0.559767
2 21  0.561790
2 22  0.582538
2 23  0.582768
2 24  0.555022
2 25  0.554414
2 26  0.586061
3 4  0.543299
3 5  0.546933
3 6  0.548381
3 7  0.551083
3 8  0.554641
3 9  0.579224
3 10  0.555724
3 11  0.576764
3 12  0.577177
3 13  0.556561
3 14  0.548460
3 15  0.552212
3 16  0.263783
3 17  0.548180
3 18  0.553473
3 19  0.553382
3 20  0.554516
3 21  0.557067
3 22  0.577442
3 23  0.550328
3 24  0.579600
3 25  0.580850
3 26  0.550634
4 5  0.551084
4 6  0.554641
4 7  0.546934
4 8  0.548381
4 9  0.555724
4 10  0.579224
4 11  0.556561
4 12  0.577177
4 13  0.576764
4 14  0.552212
4 15  0.548461
4 16  0.548180
4 17  0.263784
4 18  0.554517
4 19  0.557067
4 20  0.553473
4 21  0.553382
4 22  0.550329
4 23  0.577443
4 24  0.579600
4 25  0.550634
4 26  0.580850
5 6  0.515177
5 7  0.558854
5 8  0.562410
5 9  0.586947
5 10  0.582907
5 11  0.584543
5 12  0.586558
5 13  0.554632
5 14  0.560719
5 15  0.561077
5 16  0.554790
5 17  0.555965
5 18  0.281513
5 19  0.512184
5 20  0.562238
5 21  0.564845
5 22  0.585101
5 23  0.546054
5 24  0.587040
5 25  0.588716
5 26  0.587502
6 7  0.562410
6 8  0.565965
6 9  0.590557
6 10  0.588074
6 11  0.588101
6 12  0.590362
6 13  0.556977
6 14  0.563677
6 15  0.564608
6 16  0.555457
6 17  0.559516
6 18  0.512688
6 19  0.283447
6 20  0.565846
6 21  0.568409
6 22  0.588743
6 23  0.548989
6 24  0.591176
6 25  0.592476
6 26  0.591758
7 8  0.515177
7 9  0.582907
7 10  0.586947
7 11  0.554632
7 12  0.586558
7 13  0.584542
7 14  0.561077
7 15  0.560720
7 16  0.555965
7 17  0.554791
7 18  0.562239
7 19  0.564845
7 20  0.281513
7 21  0.512184
7 22  0.546054
7 23  0.585101
7 24  0.587041
7 25  0.587502
7 26  0.588716
8 9  0.588074
8 10  0.590557
8 11  0.556977
8 12  0.590362
8 13  0.588101
8 14  0.564608
8 15  0.563677
8 16  0.559516
8 17  0.555457
8 18  0.565846
8 19  0.568408
8 20  0.512688
8 21  0.283447
8 22  0.548988
8 23  0.588743
8 24  0.591176
8 25  0.591759
8 26  0.592476
9 10  0.612239
9 11  0.601087
9 12  0.600227
9 13  0.612553
9 14  0.588496
9 15  0.556785
9 16  0.583899
9 17  0.553308
9 18  0.590251
9 19  0.593027
9 20  0.588827
9 21  0.592356
9 22  0.594459
9 23  0.612731
9 24  0.593600
9 25  0.380852
9 26  0.616217
10 11  0.612553
10 12  0.600227
10 13  0.601087
10 14  0.556785
10 15  0.588496
10 16  0.553307
10 17  0.583899
10 18  0.588827
10 19  0.592355
10 20  0.590251
10 21  0.593027
10 22  0.612731
10 23  0.594460
10 24  0.593599
10 25  0.616218
10 26  0.380852
11 12  0.610462
11 13  0.610219
11 14  0.586507
11 15  0.586149
11 16  0.581673
11 17  0.554698
11 18  0.587873
11 19  0.590517
11 20  0.548892
11 21  0.549495
11 22  0.378258
11 23  0.610772
11 24  0.612959
11 25  0.594934
11 26  0.613909
12 13  0.610462
12 14  0.557831
12 15  0.557831
12 16  0.583326
12 17  0.583326
12 18  0.589380
12 19  0.592507
12 20  0.589380
12 21  0.592508
12 22  0.612518
12 23  0.612518
12 24  0.384636
12 25  0.594500
12 26  0.594500
13 14  0.586149
13 15  0.586507
13 16  0.554698
13 17  0.581673
13 18  0.548893
13 19  0.549494
13 20  0.587873
13 21  0.590517
13 22  0.610772
13 23  0.378258
13 24  0.612959
13 25  0.613909
13 26  0.594934
14 15  0.557067
14 16  0.552541
14 17  0.558075
14 18  0.564355
14 19  0.566939
14 20  0.564464
14 21  0.567054
14 22  0.587375
14 23  0.585085
14 24  0.565070
14 25  0.587993
14 26  0.564279
15 16  0.558075
15 17  0.552541
15 18  0.564465
15 19  0.567054
15 20  0.564354
15 21  0.566940
15 22  0.585085
15 23  0.587376
15 24  0.565070
15 25  0.564280
15 26  0.587993
16 17  0.553084
16 18  0.553982
16 19  0.555174
16 20  0.559415
16 21  0.561976
16 22  0.582315
16 23  0.560656
16 24  0.582477
16 25  0.585982
16 26  0.561897
17 18  0.559416
17 19  0.561976
17 20  0.553981
17 21  0.555174
17 22  0.560656
17 23  0.582315
17 24  0.582478
17 25  0.561898
17 26  0.585981
18 19  0.520173
18 20  0.565736
18 21  0.568294
18 22  0.588642
18 23  0.558415
18 24  0.591035
18 25  0.592254
18 26  0.587700
19 20  0.568293
19 21  0.570851
19 22  0.591202
19 23  0.560515
19 24  0.593880
19 25  0.594872
19 26  0.591536
20 21  0.520173
20 22  0.558414
20 23  0.588642
20 24  0.591035
20 25  0.587700
20 26  0.592253
21 22  0.560515
21 23  0.591202
21 24  0.593881
21 25  0.591538
21 26  0.594871
22 23  0.611533
22 24  0.611842
22 25  0.603805
22 26  0.615037
23 24  0.611843
23 25  0.615038
23 26  0.603805
24 25  0.603556
24 26  0.603556
25 26  0.615556
