   -993.90978383
   -994.21464899
0.00072637077900
2 2 2 2 2 2 2 2 2 2 2 2 2 0 0 0 0 0 0 0 0 0 0 0 0 0 
1  0.260436
2  0.285206
3  0.272604
4  0.293140
5  0.263138
6  0.273977
7  0.294712
8  0.281430
9  0.260251
10  0.271489
11  0.254250
12  0.247498
13  0.281850
14  0.266819
15  0.294443
16  0.294870
17  0.273327
18  0.276019
19  0.265423
20  0.249410
21  0.283448
22  0.286915
23  0.283649
24  0.262647
25  0.276124
26  0.256390
1 2  0.541030
1 3  0.532941
1 4  0.537328
1 5  0.523549
1 6  0.530556
1 7  0.536764
1 8  0.536481
1 9  0.520674
1 10  0.531716
1 11  0.514681
1 12  0.507898
1 13  0.539981
1 14  0.238828
1 15  0.528444
1 16  0.533013
1 17  0.532616
1 18  0.536400
1 19  0.525849
1 20  0.509588
1 21  0.539420
1 22  0.544777
1 23  0.541940
1 24  0.523066
1 25  0.535676
1 26  0.516804
2 3  0.556803
2 4  0.574931
2 5  0.548272
2 6  0.558889
2 7  0.548779
2 8  0.566366
2 9  0.545407
2 10  0.551307
2 11  0.539173
2 12  0.532038
2 13  0.530776
2 14  0.549313
2 15  0.541564
2 16  0.579231
2 17  0.553484
2 18  0.560267
2 19  0.550573
2 20  0.533372
2 21  0.568117
2 22  0.327205
2 23  0.525807
2 24  0.547732
2 25  0.560494
2 26  0.541425
3 4  0.565648
3 5  0.503968
3 6  0.546557
3 7  0.566742
3 8  0.554032
3 9  0.502888
3 10  0.537964
3 11  0.524973
3 12  0.518632
3 13  0.548697
3 14  0.539358
3 15  0.564686
3 16  0.567175
3 17  0.535357
3 18  0.320573
3 19  0.497716
3 20  0.521759
3 21  0.555986
3 22  0.558841
3 23  0.546632
3 24  0.496226
3 25  0.548493
3 26  0.526538
4 5  0.556262
4 6  0.536102
4 7  0.583099
4 8  0.539125
4 9  0.553381
4 10  0.564542
4 11  0.547386
4 12  0.540631
4 13  0.572453
4 14  0.538050
4 15  0.576599
4 16  0.359465
4 17  0.566436
4 18  0.568897
4 19  0.558462
4 20  0.542514
4 21  0.531349
4 22  0.579020
4 23  0.574267
4 24  0.555755
4 25  0.529291
4 26  0.549527
5 6  0.537110
5 7  0.557681
5 8  0.544566
5 9  0.472782
5 10  0.533977
5 11  0.517142
5 12  0.510511
5 13  0.543853
5 14  0.529942
5 15  0.557324
5 16  0.557840
5 17  0.536228
5 18  0.499197
5 19  0.252573
5 20  0.512296
5 21  0.546580
5 22  0.549983
5 23  0.544955
5 24  0.470554
5 25  0.539200
5 26  0.519359
6 7  0.566625
6 8  0.507125
6 9  0.534225
6 10  0.545458
6 11  0.528225
6 12  0.521475
6 13  0.555208
6 14  0.539865
6 15  0.567817
6 16  0.528921
6 17  0.547122
6 18  0.549716
6 19  0.539349
6 20  0.523376
6 21  0.503870
6 22  0.560025
6 23  0.556737
6 24  0.536616
6 25  0.275367
6 26  0.530366
7 8  0.575333
7 9  0.554823
7 10  0.564531
7 11  0.548820
7 12  0.541780
7 13  0.546224
7 14  0.533850
7 15  0.377489
7 16  0.578426
7 17  0.564389
7 18  0.568094
7 19  0.559873
7 20  0.543596
7 21  0.577495
7 22  0.543239
7 23  0.541301
7 24  0.557332
7 25  0.570225
7 26  0.551047
8 9  0.541678
8 10  0.552912
8 11  0.535677
8 12  0.528925
8 13  0.563117
8 14  0.543795
8 15  0.575064
8 16  0.532441
8 17  0.554576
8 18  0.557344
8 19  0.546840
8 20  0.530817
8 21  0.281253
8 22  0.567793
8 23  0.564876
8 24  0.544076
8 25  0.504038
8 26  0.537816
9 10  0.530559
9 11  0.514082
9 12  0.507507
9 13  0.541437
9 14  0.527039
9 15  0.554677
9 16  0.555032
9 17  0.532129
9 18  0.497998
9 19  0.470246
9 20  0.509318
9 21  0.543699
9 22  0.546964
9 23  0.543738
9 24  0.251374
9 25  0.536358
9 26  0.515444
10 11  0.493782
10 12  0.488857
10 13  0.552109
10 14  0.537136
10 15  0.561603
10 16  0.566307
10 17  0.318102
10 18  0.537364
10 19  0.536720
10 20  0.482383
10 21  0.554762
10 22  0.553364
10 23  0.551794
10 24  0.532786
10 25  0.547508
10 26  0.487200
11 12  0.458850
11 13  0.535875
11 14  0.521030
11 15  0.548641
11 16  0.549089
11 17  0.488001
11 18  0.527953
11 19  0.519530
11 20  0.454784
11 21  0.537690
11 22  0.540982
11 23  0.537772
11 24  0.515733
11 25  0.530373
11 26  0.242017
12 13  0.528857
12 14  0.514015
12 15  0.541422
12 16  0.542267
12 17  0.481990
12 18  0.523233
12 19  0.512680
12 20  0.241957
12 21  0.530919
12 22  0.533255
12 23  0.531011
12 24  0.509790
12 25  0.523622
12 26  0.456032
13 14  0.546194
13 15  0.538975
13 16  0.574787
13 17  0.551701
13 18  0.547374
13 19  0.545341
13 20  0.531135
13 21  0.565121
13 22  0.526257
13 23  0.338418
13 24  0.544327
13 25  0.557110
13 26  0.538112
14 15  0.541794
14 16  0.543136
14 17  0.539729
14 18  0.542669
14 19  0.532212
14 20  0.516183
14 21  0.544624
14 22  0.549139
14 23  0.547241
14 24  0.529447
14 25  0.537990
14 26  0.523194
15 16  0.584676
15 17  0.565732
15 18  0.569720
15 19  0.559672
15 20  0.543382
15 21  0.576901
15 22  0.550248
15 23  0.549293
15 24  0.556893
15 25  0.568212
15 26  0.550660
16 17  0.568046
16 18  0.570729
16 19  0.560272
16 20  0.544272
16 21  0.543685
16 22  0.577195
16 23  0.575689
16 24  0.557504
16 25  0.539906
16 26  0.551256
17 18  0.541935
17 19  0.537742
17 20  0.492969
17 21  0.556769
17 22  0.553986
17 23  0.555661
17 24  0.534521
17 25  0.549441
17 26  0.498293
18 19  0.509891
18 20  0.523469
18 21  0.559459
18 22  0.561706
18 23  0.552465
18 24  0.508886
18 25  0.552111
18 26  0.530324
19 20  0.514717
19 21  0.548869
19 22  0.552241
19 23  0.547638
19 24  0.476576
19 25  0.541543
19 26  0.521521
20 21  0.532857
20 22  0.535547
20 23  0.532421
20 24  0.511740
20 25  0.525534
20 26  0.461644
21 22  0.570126
21 23  0.566838
21 24  0.546093
21 25  0.510406
21 26  0.539837
22 23  0.533734
22 24  0.549463
22 25  0.562544
22 26  0.542983
23 24  0.545379
23 25  0.559157
23 26  0.539679
24 25  0.538768
24 26  0.518555
25 26  0.532513
