   -993.90978383
   -994.21961060
0.00040925495200
2 2 2 2 2 2 2 2 2 2 2 2 2 0 0 0 0 0 0 0 0 0 0 0 0 0 
1  0.267669
2  0.294439
3  0.291329
4  0.299631
5  0.272925
6  0.277798
7  0.303995
8  0.284938
9  0.270192
10  0.287737
11  0.268482
12  0.264754
13  0.291522
14  0.274112
15  0.303323
16  0.301298
17  0.289582
18  0.293916
19  0.275287
20  0.267360
21  0.287012
22  0.296626
23  0.294081
24  0.272670
25  0.280005
26  0.270578
1 2  0.557218
1 3  0.558877
1 4  0.550467
1 5  0.540576
1 6  0.541188
1 7  0.552050
1 8  0.546786
1 9  0.537845
1 10  0.555088
1 11  0.536128
1 12  0.532356
1 13  0.556470
1 14  0.251743
1 15  0.543779
1 16  0.546577
1 17  0.556209
1 18  0.561523
1 19  0.542938
1 20  0.534642
1 21  0.550137
1 22  0.561617
1 23  0.559414
1 24  0.540299
1 25  0.546664
1 26  0.538186
2 3  0.584609
2 4  0.589870
2 5  0.567281
2 6  0.571817
2 7  0.567054
2 8  0.579067
2 9  0.564568
2 10  0.575952
2 11  0.562570
2 12  0.558225
2 13  0.549703
2 14  0.565648
2 15  0.559731
2 16  0.594687
2 17  0.578674
2 18  0.587356
2 19  0.569613
2 20  0.560598
2 21  0.580833
2 22  0.344203
2 23  0.545525
2 24  0.566996
2 25  0.573582
2 26  0.564757
3 4  0.590805
3 5  0.529228
3 6  0.569089
3 7  0.594671
3 8  0.576263
3 9  0.528792
3 10  0.572012
3 11  0.557784
3 12  0.554690
3 13  0.576213
3 14  0.565394
3 15  0.592034
3 16  0.592322
3 17  0.570458
3 18  0.347657
3 19  0.522564
3 20  0.558429
3 21  0.578268
3 22  0.587233
3 23  0.575045
3 24  0.522012
3 25  0.571070
3 26  0.559688
4 5  0.572529
4 6  0.546047
4 7  0.598446
4 8  0.548821
4 9  0.569809
4 10  0.587248
4 11  0.568110
4 12  0.564377
4 13  0.588309
4 14  0.551810
4 15  0.591793
4 16  0.372360
4 17  0.589187
4 18  0.593191
4 19  0.574735
4 20  0.566918
4 21  0.541171
4 22  0.594992
4 23  0.591115
4 24  0.572231
4 25  0.539474
4 26  0.570168
5 6  0.550714
5 7  0.576694
5 8  0.557861
5 9  0.493376
5 10  0.559965
5 11  0.541224
5 12  0.537610
5 13  0.562950
5 14  0.546987
5 15  0.576014
5 16  0.573998
5 17  0.562197
5 18  0.523472
5 19  0.268024
5 20  0.540105
5 21  0.559933
5 22  0.569416
5 23  0.565066
5 24  0.491553
5 25  0.552856
5 26  0.543373
6 7  0.579493
6 8  0.514685
6 9  0.547983
6 10  0.565527
6 11  0.546277
6 12  0.542551
6 13  0.568692
6 14  0.550784
6 15  0.580500
6 16  0.538958
6 17  0.567155
6 18  0.571376
6 19  0.553010
6 20  0.545143
6 21  0.511542
6 22  0.573460
6 23  0.570921
6 24  0.550454
6 25  0.282697
6 26  0.548375
7 8  0.588025
7 9  0.573992
7 10  0.589924
7 11  0.572289
7 12  0.568181
7 13  0.564061
7 14  0.550083
7 15  0.394797
7 16  0.593861
7 17  0.590062
7 18  0.595261
7 19  0.578984
7 20  0.570736
7 21  0.590338
7 22  0.562008
7 23  0.559491
7 24  0.576634
7 25  0.583303
7 26  0.574515
8 9  0.555128
8 10  0.572669
8 11  0.553419
8 12  0.549690
8 13  0.576245
8 14  0.554377
8 15  0.587472
8 16  0.542083
8 17  0.574294
8 18  0.578741
8 19  0.560212
8 20  0.552261
8 21  0.287968
8 22  0.580947
8 23  0.578799
8 24  0.557608
8 25  0.511770
8 26  0.555514
9 10  0.556404
9 11  0.538224
9 12  0.534757
9 13  0.560800
9 14  0.544243
9 15  0.573488
9 16  0.571384
9 17  0.558356
9 18  0.522958
9 19  0.491100
9 20  0.537315
9 21  0.557203
9 22  0.566683
9 23  0.564019
9 24  0.267025
9 25  0.550178
9 26  0.539710
10 11  0.521835
10 12  0.519627
10 13  0.577944
10 14  0.560711
10 15  0.587150
10 16  0.588993
10 17  0.345282
10 18  0.571366
10 19  0.562795
10 20  0.513289
10 21  0.574572
10 22  0.578945
10 23  0.578582
10 24  0.558968
10 25  0.567621
10 26  0.514716
11 12  0.487282
11 13  0.559818
11 14  0.542522
11 15  0.571744
11 16  0.569711
11 17  0.515649
11 18  0.560173
11 19  0.543668
11 20  0.484081
11 21  0.555489
11 22  0.564873
11 23  0.562411
11 24  0.540116
11 25  0.548482
11 26  0.263265
12 13  0.555653
12 14  0.538415
12 15  0.567480
12 16  0.565901
12 17  0.512566
12 18  0.558392
12 19  0.539873
12 20  0.263711
12 21  0.551740
12 22  0.560241
12 23  0.558710
12 24  0.537168
12 25  0.544759
12 26  0.484468
13 14  0.563069
13 15  0.556674
13 16  0.590700
13 17  0.577772
13 18  0.575031
13 19  0.564769
13 20  0.558739
13 21  0.578309
13 22  0.545600
13 23  0.357284
13 24  0.563902
13 25  0.570577
13 26  0.561970
14 15  0.556700
14 16  0.556407
14 17  0.563232
14 18  0.567840
14 19  0.549373
14 20  0.541388
14 21  0.554977
14 22  0.565664
14 23  0.564730
14 24  0.546765
14 25  0.548522
14 26  0.544658
15 16  0.599587
15 17  0.590753
15 18  0.596424
15 19  0.578378
15 20  0.570064
15 21  0.589229
15 22  0.568795
15 23  0.567632
15 24  0.575798
15 25  0.580744
15 26  0.573674
16 17  0.590674
16 18  0.594991
16 19  0.576556
16 20  0.568644
16 21  0.553202
16 22  0.592629
16 23  0.592088
16 24  0.573952
16 25  0.549816
16 26  0.571873
17 18  0.575129
17 19  0.563835
17 20  0.524319
17 21  0.576590
17 22  0.578773
17 23  0.582237
17 24  0.560481
17 25  0.569579
17 26  0.526315
18 19  0.534749
18 20  0.559343
18 21  0.580919
18 22  0.589281
18 23  0.580008
18 24  0.534031
18 25  0.573874
18 26  0.562149
19 20  0.542590
19 21  0.562296
19 22  0.571821
19 23  0.567537
19 24  0.497325
19 25  0.555283
19 26  0.545634
20 21  0.554370
20 22  0.562857
20 23  0.560717
20 24  0.539747
20 25  0.547364
20 26  0.490929
21 22  0.583352
21 23  0.580802
21 24  0.559679
21 25  0.518227
21 26  0.557588
22 23  0.553787
22 24  0.569229
22 25  0.576020
22 26  0.566746
23 24  0.565347
23 25  0.573352
23 26  0.564411
24 25  0.552668
24 26  0.542745
25 26  0.550581
