   -993.90978383
   -994.22233190
0.00019773497800
2 2 2 2 2 2 2 2 2 2 2 2 2 0 0 0 0 0 0 0 0 0 0 0 0 0 
1  0.271173
2  0.300308
3  0.300885
4  0.302741
5  0.279162
6  0.279779
7  0.309532
8  0.286673
9  0.275439
10  0.298683
11  0.277306
12  0.274561
13  0.298383
14  0.277828
15  0.308628
16  0.304459
17  0.300295
18  0.302935
19  0.281644
20  0.277138
21  0.288850
22  0.302509
23  0.301144
24  0.278074
25  0.282103
26  0.279687
1 2  0.566274
1 3  0.571916
1 4  0.556869
1 5  0.550309
1 6  0.546461
1 7  0.560547
1 8  0.551832
1 9  0.546594
1 10  0.569482
1 11  0.548444
1 12  0.545639
1 13  0.566694
1 14  0.258285
1 15  0.552537
1 16  0.553291
1 17  0.570363
1 18  0.574039
1 19  0.552790
1 20  0.547851
1 21  0.555397
1 22  0.570935
1 23  0.569883
1 24  0.549196
1 25  0.552194
1 26  0.550794
2 3  0.599939
2 4  0.598350
2 5  0.579371
2 6  0.579590
2 7  0.578447
2 8  0.586645
2 9  0.575684
2 10  0.592183
2 11  0.577184
2 12  0.573729
2 13  0.562627
2 14  0.575132
2 15  0.570985
2 16  0.603584
2 17  0.595097
2 18  0.602200
2 19  0.581805
2 20  0.576148
2 21  0.588451
2 22  0.354684
2 23  0.558577
2 24  0.578257
2 25  0.581515
2 26  0.579692
3 4  0.603434
3 5  0.543103
3 6  0.580612
3 7  0.609681
3 8  0.587548
3 9  0.542458
3 10  0.592112
3 11  0.576005
3 12  0.573973
3 13  0.591824
3 14  0.578643
3 15  0.606893
3 16  0.605019
3 17  0.590650
3 18  0.366208
3 19  0.535981
3 20  0.577675
3 21  0.589624
3 22  0.602627
3 23  0.591365
3 24  0.534754
3 25  0.582613
3 26  0.578290
4 5  0.581868
4 6  0.551118
4 7  0.606898
4 8  0.553699
4 9  0.578161
4 10  0.601271
4 11  0.580044
4 12  0.577291
4 13  0.598005
4 14  0.558642
4 15  0.600148
4 16  0.378336
4 17  0.603005
4 18  0.605309
4 19  0.584133
4 20  0.579787
4 21  0.546122
4 22  0.603857
4 23  0.601290
4 24  0.580716
4 25  0.544704
4 26  0.582382
5 6  0.558924
5 7  0.588373
5 8  0.565830
5 9  0.505321
5 10  0.577019
5 11  0.556271
5 12  0.553636
5 13  0.575722
5 14  0.556920
5 15  0.587507
5 16  0.583329
5 17  0.579107
5 18  0.536086
5 19  0.280914
5 20  0.556123
5 21  0.568006
5 22  0.581493
5 23  0.578318
5 24  0.503052
5 25  0.561162
5 26  0.558714
6 7  0.586836
6 8  0.518631
6 9  0.555206
6 10  0.578453
6 11  0.557081
6 12  0.554336
6 13  0.577439
6 14  0.556427
6 15  0.587759
6 16  0.544113
6 17  0.579826
6 18  0.582326
6 19  0.561318
6 20  0.556899
6 21  0.515620
6 22  0.581306
6 23  0.579893
6 24  0.557836
6 25  0.286590
6 26  0.559464
7 8  0.595215
7 9  0.584713
7 10  0.606203
7 11  0.586616
7 12  0.583397
7 13  0.575845
7 14  0.559262
7 15  0.404869
7 16  0.602469
7 17  0.606371
7 18  0.609788
7 19  0.590821
7 20  0.585996
7 21  0.597672
7 22  0.573509
7 23  0.571651
7 24  0.587566
7 25  0.590899
7 26  0.589141
8 9  0.562108
8 10  0.585348
8 11  0.563976
8 12  0.561228
8 13  0.584806
8 14  0.559802
8 15  0.594485
8 16  0.546981
8 17  0.586707
8 18  0.589496
8 19  0.568308
8 20  0.563750
8 21  0.291419
8 22  0.588476
8 23  0.587577
8 24  0.564747
8 25  0.515857
8 26  0.566358
9 10  0.572440
9 11  0.552248
9 12  0.549786
9 13  0.572650
9 14  0.553156
9 15  0.584032
9 16  0.579749
9 17  0.574256
9 18  0.535302
9 19  0.502558
9 20  0.552326
9 21  0.564288
9 22  0.577819
9 23  0.576261
9 24  0.277875
9 25  0.557521
9 26  0.554095
10 11  0.539765
10 12  0.538528
10 13  0.595672
10 14  0.575343
10 15  0.603439
10 16  0.603087
10 17  0.364316
10 18  0.591204
10 19  0.580016
10 20  0.531907
10 21  0.587328
10 22  0.595619
10 23  0.596598
10 24  0.575264
10 25  0.580631
10 26  0.532218
11 12  0.504513
11 13  0.575460
11 14  0.555044
11 15  0.585851
11 16  0.581685
11 17  0.532705
11 18  0.578037
11 19  0.558836
11 20  0.501430
11 21  0.566154
11 22  0.579514
11 23  0.578273
11 24  0.554356
11 25  0.559401
11 26  0.278066
12 13  0.572214
12 14  0.551891
12 15  0.582551
12 16  0.578858
12 17  0.530998
12 18  0.577150
12 19  0.556039
12 20  0.278460
12 21  0.563377
12 22  0.575845
12 23  0.575561
12 24  0.552366
12 25  0.556664
12 26  0.501832
13 14  0.573532
13 15  0.568495
13 16  0.600701
13 17  0.595368
13 18  0.590731
13 19  0.577851
13 20  0.575352
13 21  0.586985
13 22  0.558393
13 23  0.370091
13 24  0.576092
13 25  0.579465
13 26  0.577896
14 15  0.565140
14 16  0.563087
14 17  0.577592
14 18  0.580569
14 19  0.559442
14 20  0.554856
14 21  0.560312
14 22  0.574988
14 23  0.575274
14 24  0.555880
14 25  0.554103
14 26  0.557467
15 16  0.607905
15 17  0.606565
15 18  0.610661
15 19  0.589962
15 20  0.585013
15 21  0.596242
15 22  0.580027
15 23  0.579508
15 24  0.586473
15 25  0.587968
15 26  0.588040
16 17  0.604496
16 18  0.607125
16 19  0.586060
16 20  0.581580
16 21  0.558187
16 22  0.601175
16 23  0.602056
16 24  0.582511
16 25  0.555010
16 26  0.584143
17 18  0.594546
17 19  0.580772
17 20  0.542821
17 21  0.589140
17 22  0.594809
17 23  0.599940
17 24  0.576432
17 25  0.582390
17 26  0.544316
18 19  0.548056
18 20  0.578043
18 21  0.591767
18 22  0.604115
18 23  0.595434
18 24  0.547331
18 25  0.584969
18 26  0.580127
19 20  0.558703
19 21  0.570488
19 22  0.584031
19 23  0.580559
19 24  0.509631
19 25  0.563729
19 26  0.561087
20 21  0.565985
20 22  0.578260
20 23  0.577445
20 24  0.554922
20 25  0.559239
20 26  0.508631
21 22  0.591036
21 23  0.589666
21 24  0.566920
21 25  0.522422
21 26  0.568534
22 23  0.566849
22 24  0.580516
22 25  0.583933
22 26  0.581618
23 24  0.577460
23 25  0.582404
23 26  0.580528
24 25  0.560167
24 26  0.557223
25 26  0.561788
