   -993.90978383
   -994.22412101
0.00000142509949
2 2 2 2 2 2 2 2 2 2 2 2 2 0 0 0 0 0 0 0 0 0 0 0 0 0 
1  0.272937
2  0.304241
3  0.310292
4  0.304130
5  0.285503
6  0.280622
7  0.312922
8  0.287405
9  0.281545
10  0.306208
11  0.284099
12  0.281246
13  0.303917
14  0.279724
15  0.311956
16  0.305876
17  0.307613
18  0.311978
19  0.288309
20  0.283849
21  0.289589
22  0.306450
23  0.306653
24  0.284302
25  0.282971
26  0.286785
1 2  0.571852
1 3  0.583058
1 4  0.560003
1 5  0.558407
1 6  0.549028
1 7  0.565455
1 8  0.554306
1 9  0.554457
1 10  0.578725
1 11  0.556977
1 12  0.554051
1 13  0.573902
1 14  0.261803
1 15  0.557630
1 16  0.556524
1 17  0.579438
1 18  0.584836
1 19  0.561205
1 20  0.556232
1 21  0.557922
1 22  0.576649
1 23  0.577094
1 24  0.557143
1 25  0.554811
1 26  0.559650
2 3  0.613208
2 4  0.603464
2 5  0.589595
2 6  0.584349
2 7  0.585812
2 8  0.591291
2 9  0.585718
2 10  0.603230
2 11  0.587776
2 12  0.584118
2 13  0.572367
2 14  0.580946
2 15  0.578406
2 16  0.608874
2 17  0.606300
2 18  0.615127
2 19  0.592340
2 20  0.586698
2 21  0.593066
2 22  0.362049
2 23  0.568281
2 24  0.588391
2 25  0.586332
2 26  0.590647
3 4  0.614206
3 5  0.556905
3 6  0.590854
3 7  0.622390
3 8  0.597679
3 9  0.556376
3 10  0.608696
3 11  0.591995
3 12  0.589928
3 13  0.606026
3 14  0.589933
3 15  0.619633
3 16  0.615829
3 17  0.607253
3 18  0.382935
3 19  0.550209
3 20  0.593704
3 21  0.599775
3 22  0.615911
3 23  0.606161
3 24  0.548770
3 25  0.592867
3 26  0.594747
4 5  0.589579
4 6  0.553369
4 7  0.611652
4 8  0.555893
4 9  0.585642
4 10  0.610159
4 11  0.588226
4 12  0.585357
4 13  0.604821
4 14  0.561956
4 15  0.604875
4 16  0.381286
4 17  0.611707
4 18  0.615724
4 19  0.592110
4 20  0.587864
4 21  0.548319
4 22  0.609136
4 23  0.608206
4 24  0.588309
4 25  0.547005
4 26  0.590843
5 6  0.566089
5 7  0.597994
5 8  0.572891
5 9  0.518508
5 10  0.590780
5 11  0.569381
5 12  0.566636
5 13  0.587022
5 14  0.565139
5 15  0.597128
5 16  0.590999
5 17  0.592692
5 18  0.549738
5 19  0.293283
5 20  0.569156
5 21  0.575080
5 22  0.591715
5 23  0.589863
5 24  0.515995
5 25  0.568318
5 26  0.572123
6 7  0.591005
6 8  0.520310
6 9  0.562143
6 10  0.586820
6 11  0.564714
6 12  0.561861
6 13  0.583760
6 14  0.559150
6 15  0.591924
6 16  0.546433
6 17  0.587988
6 18  0.592194
6 19  0.568775
6 20  0.564448
6 21  0.517331
6 22  0.586102
6 23  0.586215
6 24  0.564901
6 25  0.288307
6 26  0.567404
7 8  0.599310
7 9  0.594115
7 10  0.616988
7 11  0.596728
7 12  0.593325
7 13  0.584502
7 14  0.564559
7 15  0.411531
7 16  0.607279
7 17  0.617146
7 18  0.622224
7 19  0.600830
7 20  0.596057
7 21  0.601795
7 22  0.580983
7 23  0.580489
7 24  0.597164
7 25  0.595144
7 26  0.599606
8 9  0.568942
8 10  0.593605
8 11  0.571496
8 12  0.568641
8 13  0.591056
8 14  0.562445
8 15  0.598538
8 16  0.549201
8 17  0.594730
8 18  0.599278
8 19  0.575700
8 20  0.571171
8 21  0.292927
8 22  0.593097
8 23  0.593813
8 24  0.571706
8 25  0.517586
8 26  0.574188
9 10  0.585811
9 11  0.565088
9 12  0.562533
9 13  0.583834
9 14  0.561086
9 15  0.593441
9 16  0.587249
9 17  0.587592
9 18  0.548866
9 19  0.515674
9 20  0.565137
9 21  0.571133
9 22  0.587834
9 23  0.587776
9 24  0.289447
9 25  0.564493
9 26  0.567320
10 11  0.552194
10 12  0.551838
10 13  0.608649
10 14  0.584760
10 15  0.614415
10 16  0.612027
10 17  0.379124
10 18  0.607694
10 19  0.594122
10 20  0.544680
10 21  0.595564
10 22  0.607022
10 23  0.609648
10 24  0.588945
10 25  0.589011
10 26  0.544733
11 12  0.517195
11 13  0.587741
11 14  0.563725
11 15  0.595945
11 16  0.589865
11 17  0.544948
11 18  0.593870
11 19  0.572261
11 20  0.514119
11 21  0.573686
11 22  0.590181
11 23  0.590525
11 24  0.567406
11 25  0.567056
11 26  0.291266
12 13  0.584326
12 14  0.560361
12 15  0.592512
12 16  0.586931
12 17  0.543883
12 18  0.592798
12 19  0.569367
12 20  0.289588
12 21  0.570783
12 22  0.586366
12 23  0.587731
12 24  0.565279
12 25  0.564215
12 26  0.514433
13 14  0.580895
13 15  0.577299
13 16  0.607669
13 17  0.608246
13 18  0.605251
13 19  0.589793
13 20  0.587571
13 21  0.593254
13 22  0.568088
13 23  0.380761
13 24  0.587719
13 25  0.585844
13 26  0.590491
14 15  0.570103
14 16  0.566387
14 17  0.586762
14 18  0.591482
14 19  0.567995
14 20  0.563424
14 21  0.562924
14 22  0.580711
14 23  0.582567
14 24  0.564000
14 25  0.556818
14 26  0.566431
15 16  0.612627
15 17  0.617081
15 18  0.622941
15 19  0.599859
15 20  0.594912
15 21  0.600281
15 22  0.587372
15 23  0.588132
15 24  0.595952
15 25  0.592100
15 26  0.598384
16 17  0.613199
16 18  0.617560
16 19  0.594125
16 20  0.589701
16 21  0.560412
16 22  0.606317
16 23  0.608868
16 24  0.590140
16 25  0.557308
16 26  0.592656
17 18  0.610595
17 19  0.594608
17 20  0.555923
17 21  0.597197
17 22  0.605713
17 23  0.612689
17 24  0.589731
17 25  0.590574
17 26  0.556865
18 19  0.561726
18 20  0.593651
18 21  0.601541
18 22  0.617044
18 23  0.609377
18 24  0.561049
18 25  0.594872
18 26  0.596040
19 20  0.572053
19 21  0.577879
19 22  0.594581
19 23  0.592090
19 24  0.523311
19 25  0.571242
19 26  0.574821
20 21  0.573432
20 22  0.588650
20 23  0.589560
20 24  0.567813
20 25  0.566814
20 26  0.521724
21 22  0.595698
21 23  0.595896
21 24  0.573885
21 25  0.524141
21 26  0.576367
22 23  0.576536
22 24  0.590677
22 25  0.588719
22 26  0.592483
23 24  0.588591
23 25  0.588721
23 26  0.593086
24 25  0.567250
24 26  0.570483
25 26  0.569751
