  -1146.53998305
  -1146.90623649
0.00008904252580
2 2 2 2 2 2 2 2 2 2 2 2 2 2 2 0 0 0 0 0 0 0 0 0 0 0 0 0 0 0 
1  0.266989
2  0.270365
3  0.279964
4  0.278510
5  0.302619
6  0.311968
7  0.300961
8  0.303025
9  0.309238
10  0.304095
11  0.311140
12  0.280624
13  0.314114
14  0.285311
15  0.302329
16  0.302738
17  0.278757
18  0.275460
19  0.283498
20  0.281258
21  0.311246
22  0.310934
23  0.317430
24  0.309135
25  0.302228
26  0.313272
27  0.285294
28  0.305643
29  0.306151
30  0.284869
1 2  0.537231
1 3  0.546069
1 4  0.545133
1 5  0.568100
1 6  0.578925
1 7  0.566385
1 8  0.550776
1 9  0.575129
1 10  0.550956
1 11  0.575147
1 12  0.547611
1 13  0.578340
1 14  0.552296
1 15  0.568604
1 16  0.568642
1 17  0.247125
1 18  0.541778
1 19  0.548790
1 20  0.548003
1 21  0.573324
1 22  0.572507
1 23  0.584333
1 24  0.575151
1 25  0.567665
1 26  0.559512
1 27  0.552242
1 28  0.572541
1 29  0.555402
1 30  0.551843
2 3  0.550328
2 4  0.548875
2 5  0.572396
2 6  0.564811
2 7  0.571306
2 8  0.573379
2 9  0.558193
2 10  0.573296
2 11  0.581499
2 12  0.547564
2 13  0.582423
2 14  0.550338
2 15  0.569629
2 16  0.572898
2 17  0.548115
2 18  0.252078
2 19  0.553829
2 20  0.551605
2 21  0.575101
2 22  0.581274
2 23  0.563877
2 24  0.563781
2 25  0.572592
2 26  0.581918
2 27  0.551769
2 28  0.571989
2 29  0.576374
2 30  0.554494
3 4  0.514002
3 5  0.582409
3 6  0.591932
3 7  0.576060
3 8  0.575930
3 9  0.589201
3 10  0.583991
3 11  0.568820
3 12  0.560586
3 13  0.594036
3 14  0.565273
3 15  0.582293
3 16  0.582628
3 17  0.556982
3 18  0.555381
3 19  0.273436
3 20  0.511215
3 21  0.591196
3 22  0.559157
3 23  0.597365
3 24  0.588991
3 25  0.580963
3 26  0.592943
3 27  0.565258
3 28  0.585545
3 29  0.583289
3 30  0.564831
4 5  0.580719
4 6  0.590478
4 7  0.572651
4 8  0.576039
4 9  0.587747
4 10  0.582558
4 11  0.568461
4 12  0.559132
4 13  0.592561
4 14  0.563820
4 15  0.580832
4 16  0.580380
4 17  0.557071
4 18  0.553931
4 19  0.511962
4 20  0.270706
4 21  0.589630
4 22  0.558786
4 23  0.595877
4 24  0.587491
4 25  0.577806
4 26  0.591755
4 27  0.563800
4 28  0.583966
4 29  0.583526
4 30  0.563363
5 6  0.613961
5 7  0.592656
5 8  0.604950
5 9  0.606954
5 10  0.573864
5 11  0.612219
5 12  0.583148
5 13  0.595877
5 14  0.587916
5 15  0.597972
5 16  0.353956
5 17  0.578962
5 18  0.577956
5 19  0.586024
5 20  0.583041
5 21  0.592098
5 22  0.611041
5 23  0.619384
5 24  0.610095
5 25  0.594597
5 26  0.575877
5 27  0.587782
5 28  0.604856
5 29  0.608214
5 30  0.587058
6 7  0.612903
6 8  0.614989
6 9  0.619637
6 10  0.615518
6 11  0.623104
6 12  0.557503
6 13  0.624935
6 14  0.559738
6 15  0.604514
6 16  0.614449
6 17  0.590583
6 18  0.567826
6 19  0.595444
6 20  0.593194
6 21  0.619304
6 22  0.622893
6 23  0.394101
6 24  0.619264
6 25  0.614081
6 26  0.625096
6 27  0.549093
6 28  0.605948
6 29  0.618104
6 30  0.553789
7 8  0.569750
7 9  0.609983
7 10  0.604412
7 11  0.587225
7 12  0.581580
7 13  0.613990
7 14  0.586269
7 15  0.602897
7 16  0.594855
7 17  0.577671
7 18  0.576367
7 19  0.583102
7 20  0.579527
7 21  0.610150
7 22  0.580298
7 23  0.618083
7 24  0.609747
7 25  0.347868
7 26  0.613587
7 27  0.586207
7 28  0.605528
7 29  0.566530
7 30  0.585686
8 9  0.612172
8 10  0.605588
8 11  0.589255
8 12  0.583647
8 13  0.616964
8 14  0.588334
8 15  0.605259
8 16  0.605179
8 17  0.562688
8 18  0.578342
8 19  0.583753
8 20  0.583008
8 21  0.613504
8 22  0.583093
8 23  0.620443
8 24  0.611864
8 25  0.565662
8 26  0.613312
8 27  0.588311
8 28  0.608629
8 29  0.354754
8 30  0.587889
9 10  0.605787
9 11  0.620316
9 12  0.589352
9 13  0.600185
9 14  0.594205
9 15  0.574752
9 16  0.610584
9 17  0.586222
9 18  0.563208
9 19  0.592662
9 20  0.590451
9 21  0.596021
9 22  0.620126
9 23  0.622278
9 24  0.381001
9 25  0.611440
9 26  0.619081
9 27  0.594189
9 28  0.572885
9 29  0.615000
9 30  0.593995
10 11  0.614934
10 12  0.584704
10 13  0.599614
10 14  0.589385
10 15  0.598366
10 16  0.572498
10 17  0.564816
10 18  0.578712
10 19  0.587165
10 20  0.585244
10 21  0.586426
10 22  0.614307
10 23  0.621487
10 24  0.611653
10 25  0.605766
10 26  0.367324
10 27  0.589236
10 28  0.608396
10 29  0.607820
10 30  0.588811
11 12  0.591763
11 13  0.625177
11 14  0.596450
11 15  0.613367
11 16  0.611726
11 17  0.584232
11 18  0.586598
11 19  0.562711
11 20  0.561864
11 21  0.621226
11 22  0.401787
11 23  0.628523
11 24  0.620264
11 25  0.581858
11 26  0.623442
11 27  0.596414
11 28  0.616592
11 29  0.586030
11 30  0.595967
12 13  0.594124
12 14  0.517693
12 15  0.581188
12 16  0.582944
12 17  0.559293
12 18  0.554526
12 19  0.564122
12 20  0.561876
12 21  0.591700
12 22  0.591523
12 23  0.551319
12 24  0.589535
12 25  0.582756
12 26  0.593656
12 27  0.515108
12 28  0.584807
12 29  0.586761
12 30  0.292101
13 14  0.599204
13 15  0.596800
13 16  0.588223
13 17  0.587900
13 18  0.583423
13 19  0.597601
13 20  0.595267
13 21  0.447244
13 22  0.623837
13 23  0.627750
13 24  0.591435
13 25  0.614189
13 26  0.604072
13 27  0.599359
13 28  0.595203
13 29  0.619491
13 30  0.598499
14 15  0.586888
14 16  0.587906
14 17  0.563931
14 18  0.555418
14 19  0.568808
14 20  0.566568
14 21  0.596372
14 22  0.596227
14 23  0.559476
14 24  0.593777
14 25  0.587511
14 26  0.598333
14 27  0.294965
14 28  0.590712
14 29  0.591448
14 30  0.513607
15 16  0.603419
15 17  0.580642
15 18  0.575126
15 19  0.585731
15 20  0.583447
15 21  0.581642
15 22  0.613225
15 23  0.612606
15 24  0.573085
15 25  0.604065
15 26  0.614017
15 27  0.587066
15 28  0.370484
15 29  0.608367
15 30  0.585262
16 17  0.579629
16 18  0.577160
16 19  0.585980
16 20  0.583490
16 21  0.597089
16 22  0.611959
16 23  0.619409
16 24  0.602377
16 25  0.592976
16 26  0.581013
16 27  0.588003
16 28  0.601037
16 29  0.608093
16 30  0.587504
17 18  0.554035
17 19  0.561194
17 20  0.559469
17 21  0.587434
17 22  0.586230
17 23  0.596152
17 24  0.586857
17 25  0.578851
17 26  0.567413
17 27  0.564050
17 28  0.583815
17 29  0.563199
17 30  0.563625
18 19  0.558957
18 20  0.556717
18 21  0.583332
18 22  0.586384
18 23  0.571508
18 24  0.563014
18 25  0.577643
18 26  0.587159
18 27  0.555753
18 28  0.578136
18 29  0.581598
18 30  0.556504
19 20  0.519227
19 21  0.594692
19 22  0.571755
19 23  0.600927
19 24  0.592630
19 25  0.579681
19 26  0.596664
19 27  0.568790
19 28  0.589136
19 29  0.582052
19 30  0.568367
20 21  0.592396
20 22  0.570731
20 23  0.598686
20 24  0.590378
20 25  0.576320
20 26  0.594422
20 27  0.566550
20 28  0.586878
20 29  0.580500
20 30  0.566126
21 22  0.621990
21 23  0.627808
21 24  0.599897
21 25  0.611978
21 26  0.603476
21 27  0.596195
21 28  0.595876
21 29  0.617280
21 30  0.595631
22 23  0.628357
22 24  0.619939
22 25  0.589136
22 26  0.624039
22 27  0.596227
22 28  0.616436
22 29  0.592744
22 30  0.595803
23 24  0.624360
23 25  0.619602
23 26  0.630228
23 27  0.567462
23 28  0.612554
23 29  0.623576
23 30  0.565712
24 25  0.610796
24 26  0.614435
24 27  0.594241
24 28  0.576629
24 29  0.615191
24 30  0.593743
25 26  0.614698
25 27  0.587519
25 28  0.607224
25 29  0.572631
25 30  0.587089
26 27  0.598549
26 28  0.613218
26 29  0.617936
26 30  0.598117
27 28  0.588953
27 29  0.591444
27 30  0.521321
28 29  0.611715
28 30  0.587645
29 30  0.591020
