  -1146.53998305
  -1146.90840533
0.00002799995630
2 2 2 2 2 2 2 2 2 2 2 2 2 2 2 0 0 0 0 0 0 0 0 0 0 0 0 0 0 0 
1  0.273108
2  0.274894
3  0.282652
4  0.281404
5  0.310900
6  0.315409
7  0.307397
8  0.307955
9  0.315228
10  0.310673
11  0.315470
12  0.282738
13  0.320972
14  0.287155
15  0.309193
16  0.310762
17  0.285300
18  0.280064
19  0.286327
20  0.284199
21  0.317815
22  0.314969
23  0.320741
24  0.315391
25  0.308699
26  0.319579
27  0.287176
28  0.312669
29  0.311030
30  0.287149
1 2  0.547826
1 3  0.554776
1 4  0.554061
1 5  0.582440
1 6  0.588478
1 7  0.578904
1 8  0.560658
1 9  0.587076
1 10  0.562221
1 11  0.585394
1 12  0.555842
1 13  0.591080
1 14  0.560257
1 15  0.581432
1 16  0.582714
1 17  0.258228
1 18  0.552319
1 19  0.557650
1 20  0.557029
1 21  0.585968
1 22  0.582668
1 23  0.593735
1 24  0.587394
1 25  0.580205
1 26  0.571652
1 27  0.560218
1 28  0.585662
1 29  0.566114
1 30  0.560234
2 3  0.557545
2 4  0.556298
2 5  0.585074
2 6  0.572435
2 7  0.582267
2 8  0.582834
2 9  0.567447
2 10  0.584232
2 11  0.590357
2 12  0.554028
2 13  0.593618
2 14  0.556477
2 15  0.580929
2 16  0.585419
2 17  0.559034
2 18  0.260243
2 19  0.561151
2 20  0.559048
2 21  0.586190
2 22  0.589833
2 23  0.571809
2 24  0.574188
2 25  0.583590
2 26  0.592690
2 27  0.558144
2 28  0.583551
2 29  0.585747
2 30  0.561250
3 4  0.519876
3 5  0.593318
3 6  0.598061
3 7  0.584738
3 8  0.583102
3 9  0.597877
3 10  0.593235
3 11  0.575707
3 12  0.565388
3 13  0.603560
3 14  0.569805
3 15  0.591843
3 16  0.593298
3 17  0.566140
3 18  0.562647
3 19  0.278689
3 20  0.517282
3 21  0.600454
3 22  0.565922
3 23  0.603347
3 24  0.597900
3 25  0.589997
3 26  0.601915
3 27  0.569828
3 28  0.595210
3 29  0.590775
3 30  0.569796
4 5  0.591788
4 6  0.596813
4 7  0.581397
4 8  0.583497
4 9  0.596629
4 10  0.592006
4 11  0.575478
4 12  0.564140
4 13  0.602287
4 14  0.568558
4 15  0.590583
4 16  0.591268
4 17  0.566477
4 18  0.561406
4 19  0.518122
4 20  0.276185
4 21  0.599082
4 22  0.565736
4 23  0.602051
4 24  0.596593
4 25  0.587021
4 26  0.600953
4 27  0.568576
4 28  0.593805
4 29  0.591186
4 30  0.568527
5 6  0.625557
5 7  0.606103
5 8  0.618128
5 9  0.620630
5 10  0.588780
5 11  0.624621
5 12  0.593523
5 13  0.610116
5 14  0.598032
5 15  0.612342
5 16  0.368939
5 17  0.593758
5 18  0.590820
5 19  0.597089
5 20  0.594176
5 21  0.606532
5 22  0.623351
5 23  0.631014
5 24  0.624446
5 25  0.609172
5 26  0.590749
5 27  0.597896
5 28  0.619940
5 29  0.621354
5 30  0.597545
6 7  0.622767
6 8  0.623357
6 9  0.628949
6 10  0.625422
6 11  0.630872
6 12  0.563101
6 13  0.635092
6 14  0.565172
6 15  0.613986
6 16  0.625877
6 17  0.600523
6 18  0.575865
6 19  0.601687
6 20  0.599538
6 21  0.629244
6 22  0.630362
6 23  0.400965
6 24  0.628944
6 25  0.623937
6 26  0.634833
6 27  0.554524
6 28  0.616379
6 29  0.626415
6 30  0.559544
7 8  0.581263
7 9  0.622360
7 10  0.617384
7 11  0.597185
7 12  0.590126
7 13  0.627134
7 14  0.594548
7 15  0.616091
7 16  0.609066
7 17  0.590606
7 18  0.587390
7 19  0.592243
7 20  0.588727
7 21  0.623191
7 22  0.590401
7 23  0.627807
7 24  0.622383
7 25  0.359754
7 26  0.626317
7 27  0.594519
7 28  0.618976
7 29  0.577933
7 30  0.594374
8 9  0.623060
8 10  0.616890
8 11  0.598231
8 12  0.590691
8 13  0.628732
8 14  0.595109
8 15  0.617001
8 16  0.618126
8 17  0.573725
8 18  0.587852
8 19  0.591389
8 20  0.590762
8 21  0.624993
8 22  0.591960
8 23  0.628676
8 24  0.623026
8 25  0.577240
8 26  0.624407
8 27  0.595121
8 28  0.620578
8 29  0.363858
8 30  0.595098
9 10  0.617860
9 11  0.630601
9 12  0.597330
9 13  0.612719
9 14  0.602003
9 15  0.587682
9 16  0.624405
9 17  0.598691
9 18  0.573344
9 19  0.601420
9 20  0.599329
9 21  0.608435
9 22  0.630150
9 23  0.631591
9 24  0.392493
9 25  0.623884
9 26  0.631247
9 27  0.602067
9 28  0.586171
9 29  0.625852
9 30  0.602245
10 11  0.625809
10 12  0.593382
10 13  0.613004
10 14  0.597807
10 15  0.610941
10 16  0.587277
10 17  0.577442
10 18  0.589799
10 19  0.596578
10 20  0.594761
10 21  0.599505
10 22  0.624915
10 23  0.631370
10 24  0.624415
10 25  0.618820
10 26  0.379539
10 27  0.597667
10 28  0.621815
10 29  0.619017
10 30  0.597637
11 12  0.598206
11 13  0.636352
11 14  0.602625
11 15  0.624505
11 16  0.624029
11 17  0.595060
11 18  0.595531
11 19  0.569893
11 20  0.569130
11 21  0.632142
11 22  0.409948
11 23  0.636164
11 24  0.630853
11 25  0.592263
11 26  0.634105
11 27  0.602621
11 28  0.627962
11 29  0.595079
11 30  0.602564
12 13  0.602997
12 14  0.521898
12 15  0.590029
12 16  0.593042
12 17  0.567940
12 18  0.561186
12 19  0.569064
12 20  0.566928
12 21  0.600394
12 22  0.597658
12 23  0.556809
12 24  0.597800
12 25  0.591300
12 26  0.602071
12 27  0.519368
12 28  0.593858
12 29  0.593755
12 30  0.296439
13 14  0.607865
13 15  0.609956
13 16  0.602718
13 17  0.601345
13 18  0.594818
13 19  0.607281
13 20  0.605084
13 21  0.460411
13 22  0.634787
13 23  0.637900
13 24  0.604335
13 25  0.627390
13 26  0.617135
13 27  0.608089
13 28  0.608504
13 29  0.631332
13 30  0.607613
14 15  0.595439
14 16  0.597723
14 17  0.572258
14 18  0.561844
14 19  0.573479
14 20  0.571354
14 21  0.604797
14 22  0.602099
14 23  0.564734
14 24  0.601932
14 25  0.595810
14 26  0.606407
14 27  0.298614
14 28  0.599544
14 29  0.598167
14 30  0.518046
15 16  0.618191
15 17  0.594006
15 18  0.586565
15 19  0.595378
15 20  0.593188
15 21  0.594729
15 22  0.624123
15 23  0.622618
15 24  0.586279
15 25  0.617343
15 26  0.626996
15 27  0.595753
15 28  0.383302
15 29  0.620095
15 30  0.594337
16 17  0.594119
16 18  0.589588
16 19  0.596775
16 20  0.594350
16 21  0.611152
16 22  0.623781
16 23  0.630593
16 24  0.615738
16 25  0.606081
16 26  0.595533
16 27  0.597892
16 28  0.615349
16 29  0.620955
16 30  0.597778
17 18  0.565130
17 19  0.570453
17 20  0.568890
17 21  0.600343
17 22  0.596569
17 23  0.606000
17 24  0.599533
17 25  0.591816
17 26  0.578980
17 27  0.572475
17 28  0.597304
17 29  0.573351
17 30  0.572446
18 19  0.566390
18 20  0.564262
18 21  0.594261
18 22  0.595017
18 23  0.579232
18 24  0.572573
18 25  0.588705
18 26  0.597891
18 27  0.562101
18 28  0.589674
18 29  0.591070
18 30  0.563267
19 20  0.525330
19 21  0.604061
19 22  0.578428
19 23  0.607067
19 24  0.601715
19 25  0.588485
19 26  0.605770
19 27  0.573501
19 28  0.598991
19 29  0.589364
19 30  0.573475
20 21  0.601856
20 22  0.577502
20 23  0.604936
20 24  0.599570
20 25  0.585189
20 26  0.603634
20 27  0.571373
20 28  0.596834
20 29  0.587944
20 30  0.571346
21 22  0.632564
21 23  0.637572
21 24  0.612677
21 25  0.624837
21 26  0.615964
21 27  0.604582
21 28  0.608704
21 29  0.628698
21 30  0.604380
22 23  0.635697
22 24  0.630173
22 25  0.599111
22 26  0.634347
22 27  0.602144
22 28  0.627441
22 29  0.601525
22 30  0.602115
23 24  0.633818
23 25  0.629363
23 26  0.639749
23 27  0.572797
23 28  0.622263
23 29  0.631761
23 30  0.571188
24 25  0.623400
24 26  0.626518
24 27  0.602352
24 28  0.589826
24 29  0.626277
24 30  0.602219
25 26  0.627438
25 27  0.595869
25 28  0.620609
25 29  0.584075
25 30  0.595834
26 27  0.606734
26 28  0.625978
26 29  0.628977
26 30  0.606692
27 28  0.597619
27 29  0.598205
27 30  0.525696
28 29  0.623567
28 30  0.596744
29 30  0.598177
