  -1146.53998305
  -1146.90903745
0.00000801339596
2 2 2 2 2 2 2 2 2 2 2 2 2 2 2 0 0 0 0 0 0 0 0 0 0 0 0 0 0 0 
1  0.275138
2  0.276365
3  0.283497
4  0.282322
5  0.313493
6  0.316506
7  0.309309
8  0.309375
9  0.317221
10  0.312777
11  0.316767
12  0.283434
13  0.323193
14  0.287771
15  0.311307
16  0.313257
17  0.287473
18  0.281602
19  0.287204
20  0.285111
21  0.319917
22  0.316258
23  0.321861
24  0.317323
25  0.310568
26  0.321720
27  0.287758
28  0.314874
29  0.312427
30  0.287890
1 2  0.551293
1 3  0.557596
1 4  0.556987
1 5  0.587050
1 6  0.591595
1 7  0.582837
1 8  0.563753
1 9  0.591037
1 10  0.565882
1 11  0.588642
1 12  0.558569
1 13  0.595240
1 14  0.562903
1 15  0.585523
1 16  0.587217
1 17  0.262041
1 18  0.555814
1 19  0.560487
1 20  0.559966
1 21  0.590083
1 22  0.585973
1 23  0.596875
1 24  0.591335
1 25  0.584086
1 26  0.575755
1 27  0.562805
1 28  0.589891
1 29  0.569479
1 30  0.563000
2 3  0.559861
2 4  0.558686
2 5  0.589080
2 6  0.574941
2 7  0.585642
2 8  0.585718
2 9  0.570453
2 10  0.587750
2 11  0.593121
2 12  0.556162
2 13  0.597250
2 14  0.558528
2 15  0.584474
2 16  0.589379
2 17  0.562581
2 18  0.263054
2 19  0.563474
2 20  0.561417
2 21  0.589767
2 22  0.592586
2 23  0.574424
2 24  0.577471
2 25  0.586929
2 26  0.596283
2 27  0.560207
2 28  0.587226
2 29  0.588578
2 30  0.563451
3 4  0.521726
3 5  0.596729
3 6  0.600002
3 7  0.587383
3 8  0.585309
3 9  0.600715
3 10  0.596176
3 11  0.577830
3 12  0.566928
3 13  0.606616
3 14  0.571265
3 15  0.594801
3 16  0.596630
3 17  0.569088
3 18  0.565006
3 19  0.280455
3 20  0.519176
3 21  0.603396
3 22  0.568065
3 23  0.605294
3 24  0.600632
3 25  0.592677
3 26  0.604909
3 27  0.571255
3 28  0.598249
3 29  0.593016
3 30  0.571381
4 5  0.595254
4 6  0.598826
4 7  0.584104
4 8  0.585759
4 9  0.599537
4 10  0.595015
4 11  0.577658
4 12  0.565752
4 13  0.605407
4 14  0.570090
4 15  0.593612
4 16  0.594622
4 17  0.569558
4 18  0.563844
4 19  0.520055
4 20  0.278038
4 21  0.602095
4 22  0.567953
4 23  0.604054
4 24  0.599415
4 25  0.589799
4 26  0.604002
4 27  0.570075
4 28  0.596888
4 29  0.593474
4 30  0.570174
5 6  0.629183
5 7  0.610245
5 8  0.622134
5 9  0.625018
5 10  0.593513
5 11  0.628442
5 12  0.596791
5 13  0.614634
5 14  0.601231
5 15  0.616827
5 16  0.373825
5 17  0.598509
5 18  0.594944
5 19  0.600552
5 20  0.597629
5 21  0.611108
5 22  0.627236
5 23  0.634703
5 24  0.628891
5 25  0.613552
5 26  0.595580
5 27  0.601065
5 28  0.624708
5 29  0.625332
5 30  0.600831
6 7  0.625767
6 8  0.625869
6 9  0.632013
6 10  0.628569
6 11  0.633262
6 12  0.564917
6 13  0.638371
6 14  0.566956
6 15  0.616983
6 16  0.629446
6 17  0.603785
6 18  0.578509
6 19  0.603647
6 20  0.601522
6 21  0.632417
6 22  0.632744
6 23  0.403343
6 24  0.631962
6 25  0.626878
6 26  0.638061
6 27  0.556271
6 28  0.619662
6 29  0.628896
6 30  0.561418
7 8  0.584652
7 9  0.626225
7 10  0.621394
7 11  0.600199
7 12  0.592730
7 13  0.631213
7 14  0.597072
7 15  0.620075
7 16  0.613370
7 17  0.594671
7 18  0.590833
7 19  0.594999
7 20  0.591538
7 21  0.627221
7 22  0.593504
7 23  0.630803
7 24  0.626222
7 25  0.363400
7 26  0.630363
7 27  0.597005
7 28  0.623064
7 29  0.581282
7 30  0.596988
8 9  0.626463
8 10  0.620360
8 11  0.600884
8 12  0.592805
8 13  0.632363
8 14  0.597144
8 15  0.620503
8 16  0.622029
8 17  0.577225
8 18  0.590759
8 19  0.593675
8 20  0.593069
8 21  0.628502
8 22  0.594618
8 23  0.631205
8 24  0.626400
8 25  0.580599
8 26  0.627913
8 27  0.597119
8 28  0.624193
8 29  0.366569
8 30  0.597259
9 10  0.621832
9 11  0.633874
9 12  0.599991
9 13  0.616775
9 14  0.604604
9 15  0.591868
9 16  0.628829
9 17  0.602821
9 18  0.576729
9 19  0.604248
9 20  0.602218
9 21  0.612452
9 22  0.633420
9 23  0.634697
9 24  0.396338
9 25  0.627741
9 26  0.635358
9 27  0.604641
9 28  0.590450
9 29  0.629284
9 30  0.604971
10 11  0.629198
10 12  0.596176
10 13  0.617290
10 14  0.600522
10 15  0.614891
10 16  0.591948
10 17  0.581578
10 18  0.593407
10 19  0.599551
10 20  0.597765
10 21  0.603652
10 22  0.628301
10 23  0.634586
10 24  0.628453
10 25  0.622780
10 26  0.383700
10 27  0.600306
10 28  0.626037
10 29  0.622490
10 30  0.600479
11 12  0.600198
11 13  0.639860
11 14  0.604536
11 15  0.627890
11 16  0.627832
11 17  0.598529
11 18  0.598363
11 19  0.572079
11 20  0.571344
11 21  0.635522
11 22  0.412704
11 23  0.638576
11 24  0.634084
11 25  0.595339
11 26  0.637533
11 27  0.604491
11 28  0.631451
11 29  0.597741
11 30  0.604583
12 13  0.605859
12 14  0.523295
12 15  0.592791
12 16  0.596160
12 17  0.570801
12 18  0.563404
12 19  0.570637
12 20  0.568529
12 21  0.603192
12 22  0.599625
12 23  0.558676
12 24  0.600423
12 25  0.593833
12 26  0.604900
12 27  0.520756
12 28  0.596768
12 29  0.595841
12 30  0.297932
13 14  0.610673
13 15  0.614127
13 16  0.607295
13 17  0.605732
13 18  0.598529
13 19  0.610371
13 20  0.608199
13 21  0.464993
13 22  0.638282
13 23  0.641210
13 24  0.608388
13 25  0.631484
13 26  0.621424
13 27  0.610886
13 28  0.612780
13 29  0.634934
13 30  0.610564
14 15  0.598130
14 16  0.600821
14 17  0.575018
14 18  0.564007
14 19  0.574971
14 20  0.572882
14 21  0.607503
14 22  0.603994
14 23  0.566531
14 24  0.604485
14 25  0.598289
14 26  0.609102
14 27  0.299859
14 28  0.602345
14 29  0.600165
14 30  0.519526
15 16  0.622799
15 17  0.598288
15 18  0.590203
15 19  0.598347
15 20  0.596170
15 21  0.598800
15 22  0.627522
15 23  0.625808
15 24  0.590405
15 25  0.621283
15 26  0.631186
15 27  0.598417
15 28  0.387457
15 29  0.623586
15 30  0.597189
16 17  0.598772
16 18  0.593557
16 19  0.600116
16 20  0.597711
16 21  0.615596
16 22  0.627496
16 23  0.634136
16 24  0.619841
16 25  0.610077
16 26  0.600260
16 27  0.600960
16 28  0.619847
16 29  0.624826
16 30  0.601003
17 18  0.568813
17 19  0.573438
17 20  0.571957
17 21  0.604514
17 22  0.599954
17 23  0.609286
17 24  0.603587
17 25  0.595846
17 26  0.582839
17 27  0.575228
17 28  0.601646
17 29  0.576525
17 30  0.575359
18 19  0.568806
18 20  0.566713
18 21  0.597827
18 22  0.597840
18 23  0.581838
18 24  0.575612
18 25  0.592099
18 26  0.601480
18 27  0.564203
18 28  0.593398
18 29  0.594000
18 30  0.565529
19 20  0.527223
19 21  0.607031
19 22  0.580557
19 23  0.609063
19 24  0.604524
19 25  0.591108
19 26  0.608789
19 27  0.574960
19 28  0.602071
19 29  0.591580
19 30  0.575092
20 21  0.604846
20 22  0.579663
20 23  0.606967
20 24  0.602410
20 25  0.587872
20 26  0.606659
20 27  0.572867
20 28  0.599945
20 29  0.590179
20 30  0.572998
21 22  0.635944
21 23  0.640754
21 24  0.616709
21 25  0.628754
21 26  0.620034
21 27  0.607239
21 28  0.612774
21 29  0.632189
21 30  0.607183
22 23  0.638102
22 24  0.633372
22 25  0.602100
22 26  0.637766
22 27  0.604013
22 28  0.630904
22 29  0.604170
22 30  0.604145
23 24  0.636845
23 25  0.632340
23 26  0.642989
23 27  0.574589
23 28  0.625403
23 29  0.634274
23 30  0.573034
24 25  0.627143
24 26  0.630472
24 27  0.604862
24 28  0.593949
24 29  0.629602
24 30  0.604874
25 26  0.631432
25 27  0.598315
25 28  0.624618
25 29  0.587408
25 30  0.598439
26 27  0.609456
26 28  0.630099
26 29  0.632467
26 30  0.609571
27 28  0.600335
27 29  0.600184
27 30  0.527108
28 29  0.627137
28 30  0.599618
29 30  0.600314
