  -1146.53998305
  -1146.90923454
0.00000005863049
2 2 2 2 2 2 2 2 2 2 2 2 2 2 2 0 0 0 0 0 0 0 0 0 0 0 0 0 0 0 
1  0.275911
2  0.276927
3  0.283800
4  0.282660
5  0.314478
6  0.316914
7  0.310030
8  0.309893
9  0.317962
10  0.313584
11  0.317231
12  0.283708
13  0.324036
14  0.288009
15  0.312071
16  0.314207
17  0.288313
18  0.282181
19  0.287526
20  0.285454
21  0.320715
22  0.316710
23  0.322276
24  0.318047
25  0.311272
26  0.322527
27  0.287994
28  0.315665
29  0.312930
30  0.288184
1 2  0.552611
1 3  0.558662
1 4  0.558091
1 5  0.588799
1 6  0.592772
1 7  0.584325
1 8  0.564914
1 9  0.592537
1 10  0.567272
1 11  0.589857
1 12  0.559615
1 13  0.596826
1 14  0.563912
1 15  0.587036
1 16  0.588928
1 17  0.263520
1 18  0.557150
1 19  0.561576
1 20  0.561083
1 21  0.591658
1 22  0.587203
1 23  0.598058
1 24  0.592830
1 25  0.585552
1 26  0.577289
1 27  0.563805
1 28  0.591450
1 29  0.570724
1 30  0.564061
2 3  0.560725
2 4  0.559586
2 5  0.590602
2 6  0.575896
2 7  0.586920
2 8  0.586796
2 9  0.571592
2 10  0.589105
2 11  0.594146
2 12  0.556990
2 13  0.598628
2 14  0.559319
2 15  0.585788
2 16  0.590890
2 17  0.563965
2 18  0.264126
2 19  0.564332
2 20  0.562313
2 21  0.591127
2 22  0.593593
2 23  0.575414
2 24  0.578703
2 25  0.588194
2 26  0.597657
2 27  0.561009
2 28  0.588576
2 29  0.589630
2 30  0.564303
3 4  0.522403
3 5  0.598005
3 6  0.600713
3 7  0.588366
3 8  0.586118
3 9  0.601758
3 10  0.597283
3 11  0.578595
3 12  0.567505
3 13  0.607757
3 14  0.571806
3 15  0.595867
3 16  0.597878
3 17  0.570226
3 18  0.565866
3 19  0.281105
3 20  0.519876
3 21  0.604494
3 22  0.568834
3 23  0.606008
3 24  0.601639
3 25  0.593671
3 26  0.606027
3 27  0.571794
3 28  0.599342
3 29  0.593820
3 30  0.571979
4 5  0.596564
4 6  0.599572
4 7  0.585135
4 8  0.586592
4 9  0.600613
4 10  0.596150
4 11  0.578451
4 12  0.566364
4 13  0.606582
4 14  0.570665
4 15  0.594712
4 16  0.595909
4 17  0.570734
4 18  0.564747
4 19  0.520769
4 20  0.278738
4 21  0.603229
4 22  0.568757
4 23  0.604795
4 24  0.600475
4 25  0.590840
4 26  0.605145
4 27  0.570648
4 28  0.597986
4 29  0.594308
4 30  0.570802
5 6  0.630562
5 7  0.611803
5 8  0.623635
5 9  0.626649
5 10  0.595340
5 11  0.629866
5 12  0.598044
5 13  0.616345
5 14  0.602450
5 15  0.618516
5 16  0.375710
5 17  0.600324
5 18  0.596502
5 19  0.601856
5 20  0.598953
5 21  0.612828
5 22  0.628681
5 23  0.636099
5 24  0.630563
5 25  0.615202
5 26  0.597417
5 27  0.602287
5 28  0.626470
5 29  0.626812
5 30  0.602094
6 7  0.626892
6 8  0.626792
6 9  0.633150
6 10  0.629769
6 11  0.634133
6 12  0.565615
6 13  0.639605
6 14  0.567633
6 15  0.618078
6 16  0.630800
6 17  0.605023
6 18  0.579500
6 19  0.604366
6 20  0.602256
6 21  0.633625
6 22  0.633605
6 23  0.404249
6 24  0.633086
6 25  0.627976
6 26  0.639276
6 27  0.556942
6 28  0.620857
6 29  0.629799
6 30  0.562137
7 8  0.585927
7 9  0.627671
7 10  0.622919
7 11  0.601325
7 12  0.593722
7 13  0.632755
7 14  0.598028
7 15  0.621551
7 16  0.614993
7 17  0.596223
7 18  0.592127
7 19  0.596028
7 20  0.592598
7 21  0.628755
7 22  0.594642
7 23  0.631923
7 24  0.627668
7 25  0.364799
7 26  0.631884
7 27  0.597961
7 28  0.624585
7 29  0.582534
7 30  0.597982
8 9  0.627720
8 10  0.621664
8 11  0.601859
8 12  0.593598
8 13  0.633720
8 14  0.597900
8 15  0.621766
8 16  0.623491
8 17  0.578533
8 18  0.591842
8 19  0.594512
8 20  0.593921
8 21  0.629819
8 22  0.595584
8 23  0.632127
8 24  0.627655
8 25  0.581856
8 26  0.629217
8 27  0.597864
8 28  0.625502
8 29  0.367577
8 30  0.598071
9 10  0.623342
9 11  0.635074
9 12  0.600995
9 13  0.618301
9 14  0.605580
9 15  0.593413
9 16  0.630484
9 17  0.604393
9 18  0.577981
9 19  0.605288
9 20  0.603298
9 21  0.613963
9 22  0.634610
9 23  0.635846
9 24  0.397758
9 25  0.629181
9 26  0.636889
9 27  0.605619
9 28  0.592027
9 29  0.630547
9 30  0.606002
10 11  0.630464
10 12  0.597254
10 13  0.618920
10 14  0.601566
10 15  0.616351
10 16  0.593738
10 17  0.583144
10 18  0.594794
10 19  0.600690
10 20  0.598915
10 21  0.605230
10 22  0.629563
10 23  0.635807
10 24  0.629980
10 25  0.624283
10 26  0.385278
10 27  0.601327
10 28  0.627599
10 29  0.623780
10 30  0.601583
11 12  0.600936
11 13  0.641164
11 14  0.605237
11 15  0.629108
11 16  0.629251
11 17  0.599833
11 18  0.599403
11 19  0.572875
11 20  0.572159
11 21  0.636778
11 22  0.413715
11 23  0.639456
11 24  0.635272
11 25  0.596478
11 26  0.638806
11 27  0.605187
11 28  0.632699
11 29  0.598709
11 30  0.605335
12 13  0.606959
12 14  0.523841
12 15  0.593818
12 16  0.597368
12 17  0.571911
12 18  0.564252
12 19  0.571232
12 20  0.569141
12 21  0.604262
12 22  0.600341
12 23  0.559388
12 24  0.601418
12 25  0.594794
12 26  0.605982
12 27  0.521308
12 28  0.597836
12 29  0.596617
12 30  0.298530
13 14  0.611746
13 15  0.615674
13 16  0.609029
13 17  0.607419
13 18  0.599946
13 19  0.611535
13 20  0.609383
13 21  0.466763
13 22  0.639570
13 23  0.642463
13 24  0.609915
13 25  0.633038
13 26  0.623045
13 27  0.611963
13 28  0.614340
13 29  0.636284
13 30  0.611699
14 15  0.599114
14 16  0.602007
14 17  0.576081
14 18  0.564827
14 19  0.575530
14 20  0.573463
14 21  0.608536
14 22  0.604678
14 23  0.567214
14 24  0.605452
14 25  0.599233
14 26  0.610130
14 27  0.300361
14 28  0.603366
14 29  0.600893
14 30  0.520106
15 16  0.624512
15 17  0.599890
15 18  0.591538
15 19  0.599427
15 20  0.597247
15 21  0.600309
15 22  0.628734
15 23  0.626965
15 24  0.591926
15 25  0.622752
15 26  0.632719
15 27  0.599404
15 28  0.388989
15 29  0.624853
15 30  0.598249
16 17  0.600551
16 18  0.595059
16 19  0.601375
16 20  0.598990
16 21  0.617284
16 22  0.628878
16 23  0.635483
16 24  0.621388
16 25  0.611568
16 26  0.602058
16 27  0.602139
16 28  0.621525
16 29  0.626274
16 30  0.602244
17 18  0.570216
17 19  0.574585
17 20  0.573133
17 21  0.606114
17 22  0.601222
17 23  0.610536
17 24  0.605136
17 25  0.597381
17 26  0.584309
17 27  0.576303
17 28  0.603266
17 29  0.577722
17 30  0.576491
18 19  0.569705
18 20  0.567634
18 21  0.599178
18 22  0.598868
18 23  0.582819
18 24  0.576749
18 25  0.593373
18 26  0.602843
18 27  0.565012
18 28  0.594758
18 29  0.595077
18 30  0.566399
19 20  0.527926
19 21  0.608147
19 22  0.581326
19 23  0.609798
19 24  0.605569
19 25  0.592090
19 26  0.609915
19 27  0.575516
19 28  0.603182
19 29  0.592388
19 30  0.575707
20 21  0.605976
20 22  0.580450
20 23  0.607725
20 24  0.603474
20 25  0.588892
20 26  0.607796
20 27  0.573444
20 28  0.601075
20 29  0.591009
20 30  0.573634
21 22  0.637190
21 23  0.641950
21 24  0.618224
21 25  0.630235
21 26  0.621575
21 27  0.608260
21 28  0.614273
21 29  0.633484
21 30  0.608262
22 23  0.638969
22 24  0.634540
22 25  0.603214
22 26  0.639020
22 27  0.604699
22 28  0.632135
22 29  0.605122
22 30  0.604890
23 24  0.637976
23 25  0.633457
23 26  0.644202
23 27  0.575278
23 28  0.626543
23 29  0.635189
23 30  0.573747
24 25  0.628549
24 26  0.631965
24 27  0.605820
24 28  0.595491
24 29  0.630825
24 30  0.605885
25 26  0.632936
25 27  0.599250
25 28  0.626096
25 29  0.588650
25 30  0.599433
26 27  0.610497
26 28  0.631603
26 29  0.633757
26 30  0.610670
27 28  0.601336
27 29  0.600923
27 30  0.527670
28 29  0.628413
28 30  0.600682
29 30  0.601111
