  -1146.52583616
  -1146.88789505
0.00020699273700
2 2 2 2 2 2 2 2 2 2 2 2 2 2 2 0 0 0 0 0 0 0 0 0 0 0 0 0 0 0 
1  0.274799
2  0.280747
3  0.267935
4  0.289275
5  0.276975
6  0.308755
7  0.307569
8  0.296090
9  0.271861
10  0.269991
11  0.305382
12  0.300128
13  0.288469
14  0.289778
15  0.300881
16  0.280849
17  0.280093
18  0.282796
19  0.280307
20  0.287153
21  0.305317
22  0.296991
23  0.300775
24  0.305912
25  0.272297
26  0.308204
27  0.290977
28  0.290807
29  0.304477
30  0.273678
1 2  0.510985
1 3  0.542686
1 4  0.564072
1 5  0.551773
1 6  0.583075
1 7  0.582365
1 8  0.570621
1 9  0.546651
1 10  0.544771
1 11  0.580177
1 12  0.556641
1 13  0.556251
1 14  0.557967
1 15  0.575668
1 16  0.267244
1 17  0.507139
1 18  0.557313
1 19  0.555102
1 20  0.561952
1 21  0.580084
1 22  0.571769
1 23  0.544492
1 24  0.580686
1 25  0.547001
1 26  0.582396
1 27  0.564565
1 28  0.563337
1 29  0.579271
1 30  0.548351
2 3  0.548670
2 4  0.570020
2 5  0.557721
2 6  0.589284
2 7  0.588315
2 8  0.576383
2 9  0.552586
2 10  0.550646
2 11  0.586127
2 12  0.557970
2 13  0.562257
2 14  0.566345
2 15  0.581618
2 16  0.508705
2 17  0.269640
2 18  0.563516
2 19  0.561053
2 20  0.567892
2 21  0.586049
2 22  0.577035
2 23  0.552017
2 24  0.586631
2 25  0.552920
2 26  0.588910
2 27  0.568327
2 28  0.570137
2 29  0.585199
2 30  0.553933
3 4  0.555755
3 5  0.543929
3 6  0.546950
3 7  0.559298
3 8  0.563326
3 9  0.539614
3 10  0.537832
3 11  0.568527
3 12  0.567902
3 13  0.556274
3 14  0.556539
3 15  0.563924
3 16  0.548350
3 17  0.547922
3 18  0.267212
3 19  0.547733
3 20  0.554937
3 21  0.552690
3 22  0.564800
3 23  0.567963
3 24  0.568734
3 25  0.540219
3 26  0.547707
3 27  0.558855
3 28  0.555873
3 29  0.570511
3 30  0.541544
4 5  0.522431
4 6  0.597432
4 7  0.589132
4 8  0.585355
4 9  0.561131
4 10  0.559263
4 11  0.571085
4 12  0.589402
4 13  0.577743
4 14  0.579040
4 15  0.586434
4 16  0.570103
4 17  0.569365
4 18  0.570154
4 19  0.283387
4 20  0.521919
4 21  0.589787
4 22  0.586226
4 23  0.589988
4 24  0.572131
4 25  0.561562
4 26  0.597152
4 27  0.580240
4 28  0.579913
4 29  0.591120
4 30  0.562952
5 6  0.584702
5 7  0.572803
5 8  0.573013
5 9  0.548819
5 10  0.546957
5 11  0.570308
5 12  0.577102
5 13  0.565442
5 14  0.566746
5 15  0.571311
5 16  0.557819
5 17  0.557068
5 18  0.559457
5 19  0.514985
5 20  0.278868
5 21  0.580567
5 22  0.573779
5 23  0.577715
5 24  0.551721
5 25  0.549212
5 26  0.585000
5 27  0.567942
5 28  0.567722
5 29  0.580127
5 30  0.550646
6 7  0.611591
6 8  0.594154
6 9  0.577489
6 10  0.577011
6 11  0.612640
6 12  0.608083
6 13  0.596067
6 14  0.589939
6 15  0.596291
6 16  0.588719
6 17  0.588808
6 18  0.556641
6 19  0.588966
6 20  0.594865
6 21  0.608530
6 22  0.592269
6 23  0.605842
6 24  0.609712
6 25  0.578782
6 26  0.364245
6 27  0.598119
6 28  0.591251
6 29  0.605361
6 30  0.582218
7 8  0.603547
7 9  0.579388
7 10  0.577534
7 11  0.584848
7 12  0.607690
7 13  0.596035
7 14  0.597285
7 15  0.573499
7 16  0.588377
7 17  0.587655
7 18  0.579059
7 19  0.586614
7 20  0.591256
7 21  0.436910
7 22  0.604457
7 23  0.608246
7 24  0.569599
7 25  0.579835
7 26  0.613895
7 27  0.598536
7 28  0.598067
7 29  0.570993
7 30  0.581242
8 9  0.531331
8 10  0.531838
8 11  0.601430
8 12  0.595040
8 13  0.577447
8 14  0.585077
8 15  0.596315
8 16  0.576919
8 17  0.575708
8 18  0.578763
8 19  0.576242
8 20  0.582803
8 21  0.601312
8 22  0.362633
8 23  0.593440
8 24  0.601361
8 25  0.521796
8 26  0.593063
8 27  0.578257
8 28  0.585555
8 29  0.599207
8 30  0.526502
9 10  0.496159
9 11  0.577237
9 12  0.571793
9 13  0.559687
9 14  0.561460
9 15  0.572567
9 16  0.552552
9 17  0.551826
9 18  0.554628
9 19  0.552110
9 20  0.558838
9 21  0.577116
9 22  0.525341
9 23  0.572612
9 24  0.577476
9 25  0.275439
9 26  0.577544
9 27  0.562619
9 28  0.562516
9 29  0.575692
9 30  0.492816
10 11  0.575370
10 12  0.569595
10 13  0.556993
10 14  0.559323
10 15  0.570778
10 16  0.550680
10 17  0.549663
10 18  0.552674
10 19  0.550291
10 20  0.557105
10 21  0.575283
10 22  0.522239
10 23  0.570419
10 24  0.575826
10 25  0.492787
10 26  0.577739
10 27  0.559324
10 28  0.560755
10 29  0.574365
10 30  0.272406
11 12  0.605499
11 13  0.593847
11 14  0.595094
11 15  0.579096
11 16  0.586176
11 17  0.585454
11 18  0.581850
11 19  0.555203
11 20  0.573413
11 21  0.582054
11 22  0.602252
11 23  0.606102
11 24  0.478961
11 25  0.577631
11 26  0.609675
11 27  0.596358
11 28  0.595928
11 29  0.564859
11 30  0.579049
12 13  0.563685
12 14  0.564250
12 15  0.600962
12 16  0.554191
12 17  0.547561
12 18  0.582274
12 19  0.580392
12 20  0.587251
12 21  0.605423
12 22  0.593975
12 23  0.398091
12 24  0.606038
12 25  0.572387
12 26  0.604643
12 27  0.562018
12 28  0.556064
12 29  0.604542
12 30  0.573159
13 14  0.542656
13 15  0.589326
13 16  0.567797
13 17  0.566483
13 18  0.571244
13 19  0.568767
13 20  0.575598
13 21  0.593776
13 22  0.579076
13 23  0.554857
13 24  0.594339
13 25  0.560388
13 26  0.595494
13 27  0.338017
13 28  0.539765
13 29  0.592918
13 30  0.560190
14 15  0.590434
14 16  0.567290
14 17  0.568378
14 18  0.569180
14 19  0.569966
14 20  0.576901
14 21  0.594831
14 22  0.584284
14 23  0.561253
14 24  0.595632
14 25  0.561989
14 26  0.586058
14 27  0.537565
14 28  0.344326
14 29  0.594145
14 30  0.563382
15 16  0.581685
15 17  0.580924
15 18  0.575740
15 19  0.578824
15 20  0.583352
15 21  0.560615
15 22  0.596432
15 23  0.601648
15 24  0.578401
15 25  0.572575
15 26  0.592292
15 27  0.591821
15 28  0.591604
15 29  0.434572
15 30  0.574476
16 17  0.515136
16 18  0.563576
16 19  0.561155
16 20  0.568002
16 21  0.586163
16 22  0.577537
16 23  0.560195
16 24  0.586756
16 25  0.553139
16 26  0.588433
16 27  0.565368
16 28  0.564495
16 29  0.585318
16 30  0.554502
17 18  0.562868
17 19  0.560399
17 20  0.567246
17 21  0.585408
17 22  0.576544
17 23  0.560121
17 24  0.586002
17 25  0.552347
17 26  0.587906
17 27  0.563688
17 28  0.564205
17 29  0.584563
17 30  0.553666
18 19  0.561553
18 20  0.568978
18 21  0.564804
18 22  0.578808
18 23  0.583239
18 24  0.585660
18 25  0.554958
18 26  0.559456
18 27  0.573554
18 28  0.572139
18 29  0.582882
18 30  0.556441
19 20  0.522755
19 21  0.577756
19 22  0.577265
19 23  0.581080
19 24  0.570580
19 25  0.552595
19 26  0.587457
19 27  0.571283
19 28  0.571102
19 29  0.574434
19 30  0.553981
20 21  0.586959
20 22  0.584065
20 23  0.587925
20 24  0.571298
20 25  0.559429
20 26  0.594166
20 27  0.578129
20 28  0.577945
20 29  0.583969
20 30  0.560823
21 22  0.602028
21 23  0.606070
21 24  0.586116
21 25  0.577547
21 26  0.610539
21 27  0.596266
21 28  0.596069
21 29  0.570062
21 30  0.578977
22 23  0.596754
22 24  0.602562
22 25  0.534496
22 26  0.593610
22 27  0.579563
22 28  0.587025
22 29  0.600598
22 30  0.535394
23 24  0.606673
23 25  0.572781
23 26  0.607634
23 27  0.567297
23 28  0.567610
23 29  0.605216
23 30  0.573941
24 25  0.578115
24 26  0.611276
24 27  0.596876
24 28  0.596670
24 29  0.585690
24 30  0.579560
25 26  0.577429
25 27  0.561876
25 28  0.562938
25 29  0.576511
25 30  0.499620
26 27  0.598177
26 28  0.589317
26 29  0.599562
26 30  0.579863
27 28  0.544249
27 29  0.595427
27 30  0.562424
28 29  0.595083
28 30  0.564156
29 30  0.578048
