  -1146.52583616
  -1146.89028569
0.00013512525900
2 2 2 2 2 2 2 2 2 2 2 2 2 2 2 0 0 0 0 0 0 0 0 0 0 0 0 0 0 0 
1  0.277476
2  0.283319
3  0.273434
4  0.291534
5  0.279129
6  0.318799
7  0.311449
8  0.303700
9  0.278000
10  0.276404
11  0.308787
12  0.304779
13  0.294265
14  0.297677
15  0.305467
16  0.284073
17  0.282831
18  0.288173
19  0.282557
20  0.289696
21  0.308855
22  0.304407
23  0.306014
24  0.309480
25  0.278516
26  0.317039
27  0.296877
28  0.299342
29  0.308895
30  0.279953
1 2  0.516556
1 3  0.550826
1 4  0.569008
1 5  0.556605
1 6  0.595619
1 7  0.588918
1 8  0.580843
1 9  0.555468
1 10  0.553856
1 11  0.586258
1 12  0.563900
1 13  0.564337
1 14  0.568086
1 15  0.582929
1 16  0.272869
1 17  0.512934
1 18  0.565213
1 19  0.560024
1 20  0.567172
1 21  0.586280
1 22  0.581855
1 23  0.552475
1 24  0.586920
1 25  0.555883
1 26  0.593845
1 27  0.573058
1 28  0.574488
1 29  0.586368
1 30  0.557282
2 3  0.556730
2 4  0.574852
2 5  0.562447
2 6  0.601809
2 7  0.594765
2 8  0.586503
2 9  0.561288
2 10  0.559618
2 11  0.592105
2 12  0.564983
2 13  0.570238
2 14  0.576533
2 15  0.588778
2 16  0.514954
2 17  0.274731
2 18  0.571432
2 19  0.565876
2 20  0.573009
2 21  0.592154
2 22  0.586993
2 23  0.559905
2 24  0.592768
2 25  0.561689
2 26  0.600314
2 27  0.576700
2 28  0.581152
2 29  0.592192
2 30  0.562751
3 4  0.563373
3 5  0.551431
3 6  0.562095
3 7  0.567683
3 8  0.576404
3 9  0.551238
3 10  0.549732
3 11  0.577203
3 12  0.577992
3 13  0.567529
3 14  0.569682
3 15  0.573986
3 16  0.556857
3 17  0.556113
3 18  0.276933
3 19  0.555379
3 20  0.562976
3 21  0.561299
3 22  0.577684
3 23  0.578434
3 24  0.577741
3 25  0.551931
3 26  0.562144
3 27  0.570240
3 28  0.569730
3 29  0.580429
3 30  0.553297
4 5  0.527117
4 6  0.609620
4 7  0.595053
4 8  0.595224
4 9  0.569528
4 10  0.567935
4 11  0.576299
4 12  0.596312
4 13  0.585797
4 14  0.589191
4 15  0.593089
4 16  0.575566
4 17  0.574359
4 18  0.577675
4 19  0.287876
4 20  0.527089
4 21  0.595476
4 22  0.595893
4 23  0.597447
4 24  0.577949
4 25  0.570034
4 26  0.608209
4 27  0.588394
4 28  0.590674
4 29  0.597704
4 30  0.571485
5 6  0.596716
5 7  0.578350
5 8  0.582769
5 9  0.557106
5 10  0.555521
5 11  0.575796
5 12  0.583907
5 13  0.573393
5 14  0.576794
5 15  0.577670
5 16  0.563192
5 17  0.561961
5 18  0.566969
5 19  0.519659
5 20  0.283495
5 21  0.586161
5 22  0.583311
5 23  0.585086
5 24  0.557427
5 25  0.557561
5 26  0.595943
5 27  0.575993
5 28  0.578394
5 29  0.586630
5 30  0.559070
6 7  0.625386
6 8  0.611258
6 9  0.593400
6 10  0.593249
6 11  0.626026
6 12  0.622552
6 13  0.611699
6 14  0.606067
6 15  0.610603
6 16  0.601913
6 17  0.601564
6 18  0.572295
6 19  0.601249
6 20  0.607451
6 21  0.622149
6 22  0.609650
6 23  0.620884
6 24  0.623291
6 25  0.594939
6 26  0.381647
6 27  0.613895
6 28  0.608664
6 29  0.619735
6 30  0.598420
7 8  0.615034
7 9  0.589401
7 10  0.587824
7 11  0.592133
7 12  0.616215
7 13  0.605707
7 14  0.609044
7 15  0.581970
7 16  0.595433
7 17  0.594268
7 18  0.587842
7 19  0.592691
7 20  0.597518
7 21  0.443751
7 22  0.615724
7 23  0.617268
7 24  0.576850
7 25  0.589931
7 26  0.626590
7 27  0.608311
7 28  0.610477
7 29  0.579274
7 30  0.591399
8 9  0.544692
8 10  0.545136
8 11  0.612432
8 12  0.607177
8 13  0.590072
8 14  0.600437
8 15  0.608431
8 16  0.587748
8 17  0.586024
8 18  0.591709
8 19  0.586070
8 20  0.592880
8 21  0.612467
8 22  0.376018
8 23  0.606291
8 24  0.612530
8 25  0.535044
8 26  0.609326
8 27  0.591548
8 28  0.601637
8 29  0.611217
8 30  0.539414
9 10  0.507614
9 11  0.586780
9 12  0.582545
9 13  0.571509
9 14  0.575482
9 15  0.583262
9 16  0.561877
9 17  0.560681
9 18  0.566136
9 19  0.560487
9 20  0.567472
9 21  0.586790
9 22  0.538324
9 23  0.583976
9 24  0.587131
9 25  0.284948
9 26  0.592437
9 27  0.574602
9 28  0.577184
9 29  0.586236
9 30  0.504199
10 11  0.585188
10 12  0.580567
10 13  0.569022
10 14  0.573594
10 15  0.581767
10 16  0.560280
10 17  0.558759
10 18  0.564444
10 19  0.558956
10 20  0.566060
10 21  0.585227
10 22  0.534964
10 23  0.582063
10 24  0.585804
10 25  0.504317
10 26  0.592888
10 27  0.571574
10 28  0.575689
10 29  0.585202
10 30  0.282462
11 12  0.613552
11 13  0.603044
11 14  0.606371
11 15  0.586588
11 16  0.592770
11 17  0.591583
11 18  0.590528
11 19  0.560711
11 20  0.579331
11 21  0.588899
11 22  0.613065
11 23  0.614718
11 24  0.485865
11 25  0.587249
11 26  0.621777
11 27  0.605662
11 28  0.607823
11 29  0.572125
11 30  0.588726
12 13  0.574020
12 14  0.576237
12 15  0.610182
12 16  0.562099
12 17  0.554994
12 18  0.592220
12 19  0.587277
12 20  0.594441
12 21  0.613604
12 22  0.606027
12 23  0.407658
12 24  0.614258
12 25  0.583244
12 26  0.618109
12 27  0.572504
12 28  0.568943
12 29  0.613589
12 30  0.584066
13 14  0.556390
13 15  0.599714
13 16  0.576695
13 17  0.574928
13 18  0.582407
13 19  0.576812
13 20  0.583928
13 21  0.603109
13 22  0.591982
13 23  0.565849
13 24  0.603694
13 25  0.572338
13 26  0.610058
13 27  0.348602
13 28  0.554110
13 29  0.603120
13 30  0.572207
14 15  0.602811
14 16  0.578228
14 17  0.578908
14 18  0.582575
14 19  0.580050
14 20  0.587329
14 21  0.606263
14 22  0.599592
14 23  0.573978
14 24  0.607096
14 25  0.576091
14 26  0.602202
14 27  0.551384
14 28  0.359267
14 29  0.606464
14 30  0.577538
15 16  0.589495
15 17  0.588236
15 18  0.585736
15 19  0.585553
15 20  0.590297
15 21  0.568786
15 22  0.608454
15 23  0.611468
15 24  0.586059
15 25  0.583371
15 26  0.605725
15 27  0.602308
15 28  0.604682
15 29  0.442755
15 30  0.585342
16 17  0.521436
16 18  0.572133
16 19  0.566628
16 20  0.573766
16 21  0.592922
16 22  0.588108
16 23  0.568365
16 24  0.593543
16 25  0.562578
16 26  0.600305
16 27  0.574153
16 28  0.575725
16 29  0.592949
16 30  0.563995
17 18  0.570969
17 19  0.565387
17 20  0.572526
17 21  0.591684
17 22  0.586606
17 23  0.568040
17 24  0.592305
17 25  0.561298
17 26  0.599366
17 27  0.571953
17 28  0.574952
17 29  0.591714
17 30  0.562666
18 19  0.568998
18 20  0.576802
18 21  0.572818
18 22  0.591534
18 23  0.593746
18 24  0.594485
18 25  0.566543
18 26  0.573422
18 27  0.584762
18 28  0.585838
18 29  0.592631
18 30  0.568083
19 20  0.527794
19 21  0.583309
19 22  0.586925
19 23  0.588566
19 24  0.576360
19 25  0.561060
19 26  0.598367
19 27  0.579432
19 28  0.581882
19 29  0.580556
19 30  0.562504
20 21  0.592788
20 22  0.594008
20 23  0.595705
20 24  0.577017
20 25  0.568181
20 26  0.605360
20 27  0.586571
20 28  0.589018
20 29  0.590600
20 30  0.569633
21 22  0.612943
21 23  0.614832
21 24  0.593021
21 25  0.587289
21 26  0.622882
21 27  0.605678
21 28  0.608142
21 29  0.578224
21 30  0.588786
22 23  0.609298
22 24  0.613496
22 25  0.547590
22 26  0.609497
22 27  0.592153
22 28  0.602809
22 29  0.612340
22 30  0.548345
23 24  0.615477
23 25  0.584188
23 26  0.621424
23 27  0.578240
23 28  0.580816
23 29  0.614870
23 30  0.585381
24 25  0.587879
24 26  0.623508
24 27  0.606335
24 28  0.608765
24 29  0.593257
24 30  0.589387
25 26  0.592221
25 27  0.573838
25 28  0.577682
25 29  0.587116
25 30  0.511149
26 27  0.612763
26 28  0.604913
26 29  0.612207
26 30  0.594814
27 28  0.558777
27 29  0.605752
27 30  0.574402
28 29  0.607957
28 30  0.578943
29 30  0.588720
