  -1146.52583616
  -1146.89126114
0.00005660787590
2 2 2 2 2 2 2 2 2 2 2 2 2 2 2 0 0 0 0 0 0 0 0 0 0 0 0 0 0 0 
1  0.278676
2  0.284476
3  0.275904
4  0.292387
5  0.279912
6  0.323572
7  0.312723
8  0.307243
9  0.280767
10  0.279176
11  0.309937
12  0.306881
13  0.297169
14  0.301593
15  0.307105
16  0.285385
17  0.283979
18  0.290737
19  0.283344
20  0.290586
21  0.310092
22  0.307746
23  0.308231
24  0.310735
25  0.281307
26  0.321581
27  0.299756
28  0.303345
29  0.310414
30  0.282955
1 2  0.519046
1 3  0.554470
1 4  0.571060
1 5  0.558586
1 6  0.601480
1 7  0.591388
1 8  0.585528
1 9  0.559431
1 10  0.557825
1 11  0.588604
1 12  0.567220
1 13  0.568322
1 14  0.573041
1 15  0.585760
1 16  0.275364
1 17  0.515474
1 18  0.568885
1 19  0.562004
1 20  0.569262
1 21  0.588704
1 22  0.586390
1 23  0.555965
1 24  0.589373
1 25  0.559848
1 26  0.599536
1 27  0.577106
1 28  0.579688
1 29  0.589087
1 30  0.561475
2 3  0.560350
2 4  0.576861
2 5  0.564386
2 6  0.607682
2 7  0.597193
2 8  0.591145
2 9  0.565201
2 10  0.563532
2 11  0.594410
2 12  0.568204
2 13  0.574201
2 14  0.581492
2 15  0.591570
2 16  0.517639
2 17  0.277048
2 18  0.575138
2 19  0.567820
2 20  0.575052
2 21  0.594539
2 22  0.591452
2 23  0.563336
2 24  0.595171
2 25  0.565633
2 26  0.606006
2 27  0.580726
2 28  0.586280
2 29  0.594861
2 30  0.566871
3 4  0.566619
3 5  0.554624
3 6  0.569134
3 7  0.571086
3 8  0.582405
3 9  0.556464
3 10  0.554963
3 11  0.580748
3 12  0.582520
3 13  0.572878
3 14  0.575862
3 15  0.578119
3 16  0.560570
3 17  0.559709
3 18  0.281523
3 19  0.558615
3 20  0.566333
3 21  0.564936
3 22  0.583476
3 23  0.583121
3 24  0.581438
3 25  0.557187
3 26  0.569187
3 27  0.575591
3 28  0.576038
3 29  0.584426
3 30  0.558762
4 5  0.528841
4 6  0.615186
4 7  0.597145
4 8  0.599619
4 9  0.573146
4 10  0.571559
4 11  0.578179
4 12  0.599266
4 13  0.589554
4 14  0.593954
4 15  0.595517
4 16  0.577715
4 17  0.576358
4 18  0.581038
4 19  0.289551
4 20  0.528985
4 21  0.597556
4 22  0.600081
4 23  0.600489
4 24  0.580069
4 25  0.573675
4 26  0.613593
4 27  0.592124
4 28  0.595473
4 29  0.600052
4 30  0.575340
5 6  0.602188
5 7  0.580289
5 8  0.587087
5 9  0.560646
5 10  0.559067
5 11  0.577731
5 12  0.586791
5 13  0.577080
5 14  0.581488
5 15  0.579994
5 16  0.565284
5 17  0.563891
5 18  0.570308
5 19  0.521330
5 20  0.285173
5 21  0.588150
5 22  0.587378
5 23  0.588069
5 24  0.559502
5 25  0.561102
5 26  0.601241
5 27  0.579649
5 28  0.583168
5 29  0.588934
5 30  0.562852
6 7  0.631409
6 8  0.619347
6 9  0.600787
6 10  0.600640
6 11  0.631932
6 12  0.629326
6 13  0.619243
6 14  0.613640
6 15  0.616927
6 16  0.607947
6 17  0.607480
6 18  0.579675
6 19  0.606803
6 20  0.613091
6 21  0.628170
6 22  0.617770
6 23  0.627817
6 24  0.629280
6 25  0.602490
6 26  0.390437
6 27  0.621460
6 28  0.617080
6 29  0.626016
6 30  0.606149
7 8  0.619849
7 9  0.593435
7 10  0.591864
7 11  0.594578
7 12  0.619585
7 13  0.609885
7 14  0.614219
7 15  0.584949
7 16  0.598000
7 17  0.596687
7 18  0.591553
7 19  0.594744
7 20  0.599642
7 21  0.446108
7 22  0.620330
7 23  0.620744
7 24  0.579335
7 25  0.593991
7 26  0.632385
7 27  0.612465
7 28  0.615731
7 29  0.582140
7 30  0.595674
8 9  0.550863
8 10  0.551130
8 11  0.617120
8 12  0.612733
8 13  0.595922
8 14  0.607827
8 15  0.613572
8 16  0.592599
8 17  0.590684
8 18  0.597796
8 19  0.590395
8 20  0.597275
8 21  0.617248
8 22  0.383104
8 23  0.612028
8 24  0.617345
8 25  0.541084
8 26  0.617386
8 27  0.597660
8 28  0.609182
8 29  0.616308
8 30  0.545469
9 10  0.512593
9 11  0.590693
9 12  0.587391
9 13  0.577122
9 14  0.582144
9 15  0.587643
9 16  0.565931
9 17  0.564591
9 18  0.571460
9 19  0.564034
9 20  0.571092
9 21  0.590797
9 22  0.544303
9 23  0.588953
9 24  0.591139
9 25  0.289745
9 26  0.599739
9 27  0.580228
9 28  0.583955
9 29  0.590511
9 30  0.509270
10 11  0.589106
10 12  0.585396
10 13  0.574607
10 14  0.580249
10 15  0.586156
10 16  0.564352
10 17  0.562647
10 18  0.569760
10 19  0.562513
10 20  0.569719
10 21  0.589229
10 22  0.540805
10 23  0.587047
10 24  0.589835
10 25  0.509400
10 26  0.600156
10 27  0.577229
10 28  0.582457
10 29  0.589483
10 30  0.287997
11 12  0.616800
11 13  0.607097
11 14  0.611414
11 15  0.589228
11 16  0.595213
11 17  0.593871
11 18  0.594253
11 19  0.562631
11 20  0.581371
11 21  0.591282
11 22  0.617553
11 23  0.618078
11 24  0.488373
11 25  0.591179
11 26  0.627449
11 27  0.609691
11 28  0.612939
11 29  0.574617
11 30  0.592878
12 13  0.579013
12 14  0.582129
12 15  0.613918
12 16  0.565561
12 17  0.558307
12 18  0.596832
12 19  0.590147
12 20  0.597413
12 21  0.616941
12 22  0.611438
12 23  0.412017
12 24  0.617614
12 25  0.588128
12 26  0.624735
12 27  0.577492
12 28  0.575039
12 29  0.617205
12 30  0.589174
13 14  0.563247
13 15  0.604255
13 16  0.580881
13 17  0.578965
13 18  0.587865
13 19  0.580504
13 20  0.587717
13 21  0.607250
13 22  0.597948
13 23  0.570988
13 24  0.607853
13 25  0.578005
13 26  0.617464
13 27  0.354039
13 28  0.561091
13 29  0.607541
13 30  0.578105
14 15  0.608291
14 16  0.583439
14 17  0.583925
14 18  0.588941
14 19  0.584705
14 20  0.592139
14 21  0.611392
14 22  0.606864
14 23  0.580081
14 24  0.612247
14 25  0.582792
14 26  0.610206
14 27  0.558329
14 28  0.366644
14 29  0.611877
14 30  0.584442
15 16  0.592447
15 17  0.590994
15 18  0.589975
15 19  0.587927
15 20  0.592801
15 21  0.571720
15 22  0.613456
15 23  0.615318
15 24  0.588838
15 25  0.587778
15 26  0.611986
15 27  0.606824
15 28  0.610301
15 29  0.445779
15 30  0.589978
16 17  0.524038
16 18  0.575980
16 19  0.568725
16 20  0.575967
16 21  0.595470
16 22  0.592720
16 23  0.571835
16 24  0.596108
16 25  0.566678
16 26  0.606043
16 27  0.578252
16 28  0.580873
16 29  0.595775
16 30  0.568306
17 18  0.574666
17 19  0.567320
17 20  0.574563
17 21  0.594068
17 22  0.591035
17 23  0.571429
17 24  0.594706
17 25  0.565224
17 26  0.604981
17 27  0.575888
17 28  0.579930
17 29  0.594378
17 30  0.566803
18 19  0.572291
18 20  0.580225
18 21  0.576338
18 22  0.597411
18 23  0.598458
18 24  0.598277
18 25  0.571886
18 26  0.580358
18 27  0.590176
18 28  0.592172
18 29  0.596721
18 30  0.573644
19 20  0.529555
19 21  0.585286
19 22  0.591047
19 23  0.591568
19 24  0.578409
19 25  0.564631
19 26  0.603613
19 27  0.583096
19 28  0.586667
19 29  0.582717
19 30  0.566292
20 21  0.594850
20 22  0.598229
20 23  0.598810
20 24  0.579067
20 25  0.571852
20 26  0.610693
20 27  0.590339
20 28  0.593906
20 29  0.592955
20 30  0.573518
21 22  0.617499
21 23  0.618277
21 24  0.595445
21 25  0.591309
21 26  0.628667
21 27  0.609781
21 28  0.613375
21 29  0.581141
21 30  0.593022
22 23  0.614777
22 24  0.618061
22 25  0.553653
22 26  0.617200
22 27  0.597786
22 28  0.610080
22 29  0.617174
22 30  0.554323
23 24  0.618944
23 25  0.589167
23 26  0.628008
23 27  0.583305
23 28  0.586887
23 29  0.618602
23 30  0.590556
24 25  0.591911
24 26  0.629237
24 27  0.610459
24 28  0.614016
24 29  0.595938
24 30  0.593634
25 26  0.599419
25 27  0.579413
25 28  0.584465
25 29  0.591397
25 30  0.516264
26 27  0.620102
26 28  0.612324
26 29  0.618097
26 30  0.602264
27 28  0.565717
27 29  0.610149
27 30  0.580164
28 29  0.613434
28 30  0.585935
29 30  0.593221
