   -993.89047465
   -994.19642371
0.00048887849200
2 2 2 2 2 2 2 2 2 2 2 2 2 0 0 0 0 0 0 0 0 0 0 0 0 0 
1  0.272471
2  0.271617
3  0.257241
4  0.269196
5  0.271873
6  0.259200
7  0.284737
8  0.280774
9  0.257375
10  0.293722
11  0.275955
12  0.286948
13  0.277484
14  0.276443
15  0.274449
16  0.262433
17  0.271396
18  0.274163
19  0.286263
20  0.293249
21  0.288912
22  0.281313
23  0.283658
24  0.259187
25  0.279271
26  0.260953
1 2  0.499310
1 3  0.529703
1 4  0.541663
1 5  0.544342
1 6  0.531650
1 7  0.556960
1 8  0.553115
1 9  0.529838
1 10  0.545265
1 11  0.542481
1 12  0.559405
1 13  0.545508
1 14  0.256925
1 15  0.496451
1 16  0.534900
1 17  0.543797
1 18  0.546617
1 19  0.558059
1 20  0.534391
1 21  0.561255
1 22  0.552709
1 23  0.556115
1 24  0.531628
1 25  0.549381
1 26  0.533357
2 3  0.528854
2 4  0.540809
2 5  0.543488
2 6  0.530759
2 7  0.556224
2 8  0.552138
2 9  0.528976
2 10  0.544874
2 11  0.543301
2 12  0.558560
2 13  0.542781
2 14  0.496475
2 15  0.256012
2 16  0.534047
2 17  0.543006
2 18  0.545780
2 19  0.557871
2 20  0.535477
2 21  0.560513
2 22  0.550067
2 23  0.554630
2 24  0.530738
2 25  0.549920
2 26  0.532243
3 4  0.522727
3 5  0.523447
3 6  0.516336
3 7  0.511799
3 8  0.536669
3 9  0.514297
3 10  0.550903
3 11  0.532911
3 12  0.523770
3 13  0.534647
3 14  0.533669
3 15  0.531679
3 16  0.245817
3 17  0.527730
3 18  0.528134
3 19  0.506656
3 20  0.550484
3 21  0.519069
3 22  0.538485
3 23  0.538437
3 24  0.515370
3 25  0.536437
3 26  0.517987
4 5  0.494273
4 6  0.528384
4 7  0.549358
4 8  0.549887
4 9  0.526552
4 10  0.562898
4 11  0.545016
4 12  0.528991
4 13  0.546669
4 14  0.545573
4 15  0.543630
4 16  0.530706
4 17  0.262088
4 18  0.491364
4 19  0.553707
4 20  0.562228
4 21  0.521544
4 22  0.550451
4 23  0.552537
4 24  0.528348
4 25  0.547845
4 26  0.530118
5 6  0.531059
5 7  0.553884
5 8  0.552555
5 9  0.529229
5 10  0.565592
5 11  0.547797
5 12  0.531534
5 13  0.549347
5 14  0.548301
5 15  0.546320
5 16  0.530441
5 17  0.490553
5 18  0.262782
5 19  0.557372
5 20  0.565056
5 21  0.524042
5 22  0.553163
5 23  0.555036
5 24  0.530956
5 25  0.550987
5 26  0.532824
6 7  0.542934
6 8  0.506547
6 9  0.472810
6 10  0.552585
6 11  0.534938
6 12  0.546108
6 13  0.535168
6 14  0.535509
6 15  0.533244
6 16  0.521455
6 17  0.530586
6 18  0.533335
6 19  0.545226
6 20  0.551963
6 21  0.547996
6 22  0.538360
6 23  0.499966
6 24  0.468668
6 25  0.538421
6 26  0.254351
7 8  0.557229
7 9  0.540152
7 10  0.577602
7 11  0.554247
7 12  0.557615
7 13  0.561472
7 14  0.560569
7 15  0.559157
7 16  0.510291
7 17  0.554223
7 18  0.558164
7 19  0.322869
7 20  0.574476
7 21  0.550302
7 22  0.564586
7 23  0.556710
7 24  0.541941
7 25  0.556072
7 26  0.545477
8 9  0.503868
8 10  0.573746
8 11  0.556054
8 12  0.567467
8 13  0.552325
8 14  0.557203
8 15  0.554694
8 16  0.540371
8 17  0.552090
8 18  0.554319
8 19  0.555861
8 20  0.570672
8 21  0.569352
8 22  0.554385
8 23  0.333395
8 24  0.496541
8 25  0.558714
8 26  0.498703
9 10  0.550926
9 11  0.533160
9 12  0.544272
9 13  0.534310
9 14  0.533767
9 15  0.531743
9 16  0.518704
9 17  0.528764
9 18  0.531333
9 19  0.541683
9 20  0.550608
9 21  0.546056
9 22  0.538435
9 23  0.497770
9 24  0.256918
9 25  0.536457
9 26  0.469245
10 11  0.546501
10 12  0.580564
10 13  0.546481
10 14  0.539269
10 15  0.537990
10 16  0.556143
10 17  0.564913
10 18  0.567824
10 19  0.576645
10 20  0.372135
10 21  0.582327
10 22  0.543459
10 23  0.574047
10 24  0.552888
10 25  0.541732
10 26  0.554158
11 12  0.562412
11 13  0.517163
11 14  0.549859
11 15  0.549401
11 16  0.538317
11 17  0.546719
11 18  0.549969
11 19  0.553377
11 20  0.539769
11 21  0.563801
11 22  0.515393
11 23  0.557841
11 24  0.535035
11 25  0.309824
11 26  0.536884
12 13  0.564379
12 14  0.563237
12 15  0.561354
12 16  0.522049
12 17  0.522279
12 18  0.523105
12 19  0.550323
12 20  0.579857
12 21  0.348667
12 22  0.568229
12 23  0.570420
12 24  0.545981
12 25  0.565028
12 26  0.547685
13 14  0.552738
13 15  0.549576
13 16  0.539857
13 17  0.548827
13 18  0.551629
13 19  0.562294
13 20  0.538329
13 21  0.566346
13 22  0.314673
13 23  0.553674
13 24  0.536443
13 25  0.515432
13 26  0.536359
14 15  0.504719
14 16  0.538859
14 17  0.547832
14 18  0.550602
14 19  0.562356
14 20  0.548274
14 21  0.565329
14 22  0.552243
14 23  0.559922
14 24  0.535622
14 25  0.549377
14 26  0.537379
15 16  0.536875
15 17  0.545840
15 18  0.548609
15 19  0.560515
15 20  0.547391
15 21  0.563352
15 22  0.549088
15 23  0.557706
15 24  0.533600
15 25  0.547710
15 26  0.535333
16 17  0.528798
16 18  0.530414
16 19  0.518468
16 20  0.555593
16 21  0.528812
16 22  0.543629
16 23  0.544406
16 24  0.521231
16 25  0.541272
16 26  0.523209
17 18  0.498155
17 19  0.552874
17 20  0.564611
17 21  0.532929
17 22  0.552691
17 23  0.554987
17 24  0.530573
17 25  0.550445
17 26  0.532343
18 19  0.556773
18 20  0.567401
18 21  0.535981
18 22  0.555462
18 23  0.557741
18 24  0.533338
18 25  0.553356
18 26  0.535102
19 20  0.578351
19 21  0.561822
19 22  0.566796
19 23  0.560913
19 24  0.543412
19 25  0.557957
19 26  0.545822
20 21  0.582011
20 22  0.550551
20 23  0.575979
20 24  0.552176
20 25  0.549804
20 26  0.553840
21 22  0.570137
21 23  0.572123
21 24  0.548014
21 25  0.567458
21 26  0.549817
22 23  0.557361
22 24  0.539442
22 25  0.522962
22 26  0.540311
23 24  0.509022
23 25  0.562245
23 26  0.511120
24 25  0.538310
24 26  0.475706
25 26  0.539976
