   -993.89047465
   -994.19996674
0.00016264295500
2 2 2 2 2 2 2 2 2 2 2 2 2 0 0 0 0 0 0 0 0 0 0 0 0 0 
1  0.276905
2  0.276205
3  0.262777
4  0.272651
5  0.275203
6  0.267449
7  0.294475
8  0.291500
9  0.267148
10  0.301063
11  0.286381
12  0.292322
13  0.286621
14  0.281306
15  0.279270
16  0.268367
17  0.274994
18  0.277623
19  0.295736
20  0.300322
21  0.294021
22  0.290674
23  0.293696
24  0.268780
25  0.290165
26  0.269516
1 2  0.508524
1 3  0.539670
1 4  0.549549
1 5  0.552106
1 6  0.544336
1 7  0.570982
1 8  0.568222
1 9  0.544047
1 10  0.556713
1 11  0.556631
1 12  0.569200
1 13  0.558311
1 14  0.266166
1 15  0.506280
1 16  0.545262
1 17  0.551810
1 18  0.554511
1 19  0.571907
1 20  0.545771
1 21  0.570785
1 22  0.566273
1 23  0.570584
1 24  0.545620
1 25  0.564481
1 26  0.546348
2 3  0.538971
2 4  0.548852
2 5  0.551406
2 6  0.543558
2 7  0.570482
2 8  0.567314
2 9  0.543320
2 10  0.556571
2 11  0.557261
2 12  0.568521
2 13  0.555998
2 14  0.506500
2 15  0.265311
2 16  0.544547
2 17  0.551189
2 18  0.553828
2 19  0.571923
2 20  0.547195
2 21  0.570206
2 22  0.563833
2 23  0.569317
2 24  0.544874
2 25  0.565171
2 26  0.545326
3 4  0.531147
3 5  0.531916
3 6  0.530073
3 7  0.527182
3 8  0.552849
3 9  0.529580
3 10  0.563752
3 11  0.548751
3 12  0.534131
3 13  0.549340
3 14  0.544038
3 15  0.541995
3 16  0.255845
3 17  0.536710
3 18  0.537048
3 19  0.521759
3 20  0.563087
3 21  0.529420
3 22  0.553414
3 23  0.554022
3 24  0.530413
3 25  0.552829
3 26  0.532070
4 5  0.501239
4 6  0.540078
4 7  0.562165
4 8  0.564058
4 9  0.539764
4 10  0.573682
4 11  0.558835
4 12  0.537496
4 13  0.559256
4 14  0.553862
4 15  0.551907
4 16  0.539889
4 17  0.269192
4 18  0.498591
4 19  0.566611
4 20  0.572697
4 21  0.529851
4 22  0.563267
4 23  0.566080
4 24  0.541395
4 25  0.562013
4 26  0.542132
5 6  0.542626
5 7  0.566546
5 8  0.566581
5 9  0.542312
5 10  0.576262
5 11  0.561539
5 12  0.539933
5 13  0.561816
5 14  0.556495
5 15  0.554474
5 16  0.539658
5 17  0.497825
5 18  0.269714
5 19  0.570064
5 20  0.575441
5 21  0.532206
5 22  0.565852
5 23  0.568208
5 24  0.543814
5 25  0.565211
5 26  0.544718
6 7  0.560800
6 8  0.523885
6 9  0.489025
6 10  0.568065
6 11  0.553588
6 12  0.559732
6 13  0.552302
6 14  0.548606
6 15  0.546226
6 16  0.535643
6 17  0.542436
6 18  0.545034
6 19  0.562919
6 20  0.567275
6 21  0.561305
6 22  0.556018
6 23  0.516950
6 24  0.485233
6 25  0.557568
6 26  0.267153
7 8  0.577148
7 9  0.559429
7 10  0.594444
7 11  0.572713
7 12  0.572045
7 13  0.580231
7 14  0.574958
7 15  0.573718
7 16  0.526081
7 17  0.567421
7 18  0.571250
7 19  0.342596
7 20  0.591077
7 21  0.564785
7 22  0.583564
7 23  0.576445
7 24  0.561297
7 25  0.576082
7 26  0.563752
8 9  0.523058
8 10  0.591774
8 11  0.577120
8 12  0.583498
8 13  0.571331
8 14  0.572788
8 15  0.570253
8 16  0.556977
8 17  0.566372
8 18  0.568473
8 19  0.576102
8 20  0.588592
8 21  0.585140
8 22  0.573685
8 23  0.352081
8 24  0.515001
8 25  0.580436
8 26  0.516271
9 10  0.567960
9 11  0.553400
9 12  0.559415
9 13  0.552842
9 14  0.548298
9 15  0.546246
9 16  0.534282
9 17  0.542126
9 18  0.544521
9 19  0.560915
9 20  0.567451
9 21  0.560904
9 22  0.557491
9 23  0.516475
9 24  0.269067
9 25  0.557201
9 26  0.485691
10 11  0.562933
10 12  0.593220
10 13  0.562322
10 14  0.551315
10 15  0.550010
10 16  0.569401
10 17  0.575809
10 18  0.578587
10 19  0.593258
10 20  0.387427
10 21  0.594801
10 22  0.559482
10 23  0.591539
10 24  0.569819
10 25  0.558857
10 26  0.570048
11 12  0.577959
11 13  0.536749
11 14  0.564962
11 15  0.564384
11 16  0.554631
11 17  0.560576
11 18  0.563810
11 19  0.573443
11 20  0.556045
11 21  0.579178
11 22  0.534936
11 23  0.578344
11 24  0.555094
11 25  0.330594
11 26  0.555861
12 13  0.578884
12 14  0.573395
12 15  0.571515
12 16  0.533111
12 17  0.531020
12 18  0.531699
12 19  0.564552
12 20  0.592331
12 21  0.359747
12 22  0.582982
12 23  0.585817
12 24  0.560945
12 25  0.581177
12 26  0.561677
13 14  0.566507
13 15  0.563331
13 16  0.554939
13 17  0.561575
13 18  0.564194
13 19  0.580621
13 20  0.554178
13 21  0.580633
13 22  0.331678
13 23  0.572375
13 24  0.555117
13 25  0.535185
13 26  0.554130
14 15  0.514780
14 16  0.549651
14 17  0.556288
14 18  0.558923
14 19  0.576465
14 20  0.559637
14 21  0.575291
14 22  0.565811
14 23  0.574730
14 24  0.550077
14 25  0.564317
14 26  0.550797
15 16  0.547629
15 17  0.554259
15 18  0.556890
15 19  0.574677
15 20  0.558966
15 21  0.573283
15 22  0.562609
15 23  0.572447
15 24  0.548000
15 25  0.562423
15 26  0.548684
16 17  0.537855
16 18  0.539295
16 19  0.533693
16 20  0.568544
16 21  0.539513
16 22  0.558961
16 23  0.560308
16 24  0.536684
16 25  0.557883
16 26  0.537678
17 18  0.505461
17 19  0.565377
17 20  0.575266
17 21  0.541209
17 22  0.565643
17 23  0.568619
17 24  0.543758
17 25  0.564874
17 26  0.544503
18 19  0.569243
18 20  0.577928
18 21  0.544206
18 22  0.568282
18 23  0.571218
18 24  0.546385
18 25  0.567683
18 26  0.547125
19 20  0.594606
19 21  0.575868
19 22  0.585558
19 23  0.579993
19 24  0.562196
19 25  0.576522
19 26  0.563736
20 21  0.594145
20 22  0.566411
20 23  0.593066
20 24  0.568829
20 25  0.566874
20 26  0.569385
21 22  0.584609
21 23  0.587150
21 24  0.562706
21 25  0.583254
21 26  0.563486
22 23  0.576006
22 24  0.558003
22 25  0.542941
22 26  0.557986
23 24  0.527413
23 25  0.583056
23 26  0.528099
24 25  0.558821
24 26  0.492293
25 26  0.559431
