   -993.89047465
   -994.20176910
0.00011704087200
2 2 2 2 2 2 2 2 2 2 2 2 2 0 0 0 0 0 0 0 0 0 0 0 0 0 
1  0.279635
2  0.278680
3  0.265835
4  0.274639
5  0.276951
6  0.273219
7  0.302329
8  0.298282
9  0.272354
10  0.305854
11  0.294599
12  0.295457
13  0.292305
14  0.284262
15  0.281990
16  0.271518
17  0.277109
18  0.279492
19  0.303642
20  0.305039
21  0.297062
22  0.296356
23  0.300337
24  0.274162
25  0.298062
26  0.275141
1 2  0.514039
1 3  0.545452
1 4  0.554261
1 5  0.556582
1 6  0.552829
1 7  0.581377
1 8  0.577688
1 9  0.551981
1 10  0.564018
1 11  0.567059
1 12  0.575044
1 13  0.566457
1 14  0.271551
1 15  0.512153
1 16  0.551128
1 17  0.556616
1 18  0.559105
1 19  0.582466
1 20  0.553262
1 21  0.576448
1 22  0.574612
1 23  0.579949
1 24  0.553715
1 25  0.575036
1 26  0.554685
2 3  0.544505
2 4  0.553312
2 5  0.555628
2 6  0.551789
2 7  0.580704
2 8  0.576508
2 9  0.550990
2 10  0.563750
2 11  0.567525
2 12  0.574126
2 13  0.563795
2 14  0.512347
2 15  0.270241
2 16  0.550161
2 17  0.555774
2 18  0.558172
2 19  0.582291
2 20  0.554453
2 21  0.575684
2 22  0.571931
2 23  0.578425
2 24  0.552715
2 25  0.575439
2 26  0.553397
3 4  0.535994
3 5  0.536460
3 6  0.538898
3 7  0.538272
3 8  0.562575
3 9  0.537805
3 10  0.571579
3 11  0.559913
3 12  0.540109
3 13  0.558088
3 14  0.550040
3 15  0.547753
3 16  0.261330
3 17  0.541812
3 18  0.541863
3 19  0.533073
3 20  0.570851
3 21  0.535536
3 22  0.562152
3 23  0.563727
3 24  0.538804
3 25  0.563741
3 26  0.540761
4 5  0.505214
4 6  0.547823
4 7  0.571673
4 8  0.572818
4 9  0.546942
4 10  0.580449
4 11  0.568980
4 12  0.542489
4 13  0.566918
4 14  0.558775
4 15  0.556610
4 16  0.544962
4 17  0.273149
4 18  0.502712
4 19  0.576449
4 20  0.579332
4 21  0.534867
4 22  0.570946
4 23  0.574713
4 24  0.548758
4 25  0.571822
4 26  0.549746
5 6  0.550125
5 7  0.575934
5 8  0.575100
5 9  0.549247
5 10  0.582797
5 11  0.571478
5 12  0.544789
5 13  0.569246
5 14  0.561202
5 15  0.558940
5 16  0.544503
5 17  0.501955
5 18  0.273220
5 19  0.579672
5 20  0.581907
5 21  0.537009
5 22  0.573270
5 23  0.576554
5 24  0.550918
5 25  0.574827
5 26  0.552087
6 7  0.574312
6 8  0.535653
6 9  0.499095
6 10  0.578546
6 11  0.567562
6 12  0.568632
6 13  0.563547
6 14  0.557287
6 15  0.554651
6 16  0.544555
6 17  0.550321
6 18  0.552680
6 19  0.576508
6 20  0.577770
6 21  0.570087
6 22  0.567427
6 23  0.528303
6 24  0.495333
6 25  0.571221
6 26  0.276262
7 8  0.591375
7 9  0.572308
7 10  0.606814
7 11  0.587072
7 12  0.582696
7 13  0.593613
7 14  0.585734
7 15  0.584267
7 16  0.537355
7 17  0.577312
7 18  0.580915
7 19  0.356921
7 20  0.603603
7 21  0.575621
7 22  0.597017
7 23  0.590820
7 24  0.574455
7 25  0.591197
7 26  0.577149
8 9  0.534775
8 10  0.603228
8 11  0.591972
8 12  0.593378
8 13  0.583080
8 14  0.582521
8 15  0.579719
8 16  0.566931
8 17  0.575249
8 18  0.577084
8 19  0.590631
8 20  0.600053
8 21  0.594963
8 22  0.585853
8 23  0.364099
8 24  0.526637
8 25  0.595039
8 26  0.527695
9 10  0.577913
9 11  0.566817
9 12  0.567747
9 13  0.563585
9 14  0.556428
9 15  0.554135
9 16  0.542588
9 17  0.549445
9 18  0.551583
9 19  0.573970
9 20  0.577366
9 21  0.569140
9 22  0.568322
9 23  0.527769
9 24  0.277284
9 25  0.570301
9 26  0.495644
10 11  0.575332
10 12  0.601104
10 13  0.572616
10 14  0.559095
10 15  0.557585
10 16  0.577340
10 17  0.582647
10 18  0.585224
10 19  0.605754
10 20  0.396473
10 21  0.602578
10 22  0.569892
10 23  0.603001
10 24  0.579981
10 25  0.571232
10 26  0.580448
11 12  0.589168
11 13  0.550685
11 14  0.575972
11 15  0.575197
11 16  0.565955
11 17  0.570789
11 18  0.573863
11 19  0.588560
11 20  0.568625
11 21  0.590426
11 22  0.548817
11 23  0.593175
11 24  0.568673
11 25  0.344947
11 26  0.569685
12 13  0.587667
12 14  0.579389
12 15  0.577342
12 16  0.539329
12 17  0.536241
12 18  0.536689
12 19  0.575533
12 20  0.600087
12 21  0.365690
12 22  0.591793
12 23  0.595584
12 24  0.569451
12 25  0.592284
12 26  0.570398
13 14  0.575045
13 15  0.571617
13 16  0.563774
13 17  0.569373
13 18  0.571740
13 19  0.594085
13 20  0.564543
13 21  0.589352
13 22  0.341969
13 23  0.584408
13 24  0.566122
13 25  0.548783
13 26  0.565370
14 15  0.520773
14 16  0.555753
14 17  0.561348
14 18  0.563742
14 19  0.587151
14 20  0.567025
14 21  0.581273
14 22  0.574134
14 23  0.584271
14 24  0.558412
14 25  0.574668
14 26  0.559372
15 16  0.553496
15 17  0.559088
15 18  0.561476
15 19  0.585181
15 20  0.566303
15 21  0.579038
15 22  0.570632
15 23  0.581726
15 24  0.556095
15 25  0.572501
15 26  0.557012
16 17  0.542904
16 18  0.544080
16 19  0.544919
16 20  0.576417
16 21  0.545598
16 22  0.567799
16 23  0.569993
16 24  0.545173
16 25  0.568744
16 26  0.546403
17 18  0.509699
17 19  0.575048
17 20  0.582075
17 21  0.546191
17 22  0.573420
17 23  0.577369
17 24  0.551249
17 25  0.574822
17 26  0.552238
18 19  0.578757
18 20  0.584505
18 21  0.549074
18 22  0.575830
18 23  0.579716
18 24  0.553635
18 25  0.577420
18 26  0.554613
19 20  0.606984
19 21  0.586576
19 22  0.599009
19 23  0.594198
19 24  0.575320
19 25  0.590463
19 26  0.577129
20 21  0.601857
20 22  0.576650
20 23  0.604325
20 24  0.578875
20 25  0.578975
20 26  0.579657
21 22  0.593279
21 23  0.596784
21 24  0.571116
21 25  0.593992
21 26  0.572135
22 23  0.587614
22 24  0.568906
22 25  0.556533
22 26  0.569073
23 24  0.539000
23 25  0.597463
23 26  0.539587
24 25  0.572093
24 26  0.502496
25 26  0.572941
