   -993.89047465
   -994.20271700
0.00000138181355
2 2 2 2 2 2 2 2 2 2 2 2 2 0 0 0 0 0 0 0 0 0 0 0 0 0 
1  0.281308
2  0.280204
3  0.267925
4  0.275741
5  0.277859
6  0.277151
7  0.307783
8  0.302976
9  0.276356
10  0.308836
11  0.300102
12  0.297455
13  0.296200
14  0.286024
15  0.283581
16  0.273722
17  0.278263
18  0.280450
19  0.308932
20  0.308004
21  0.299023
22  0.300292
23  0.304901
24  0.278117
25  0.303501
26  0.279298
1 2  0.517410
1 3  0.549204
1 4  0.557017
1 5  0.559152
1 6  0.558429
1 7  0.588355
1 8  0.583993
1 9  0.557649
1 10  0.568623
1 11  0.574010
1 12  0.578699
1 13  0.571925
1 14  0.274975
1 15  0.515690
1 16  0.554992
1 17  0.559377
1 18  0.561727
1 19  0.589383
1 20  0.557988
1 21  0.580007
1 22  0.580181
1 23  0.586179
1 24  0.559308
1 25  0.582125
1 26  0.560503
2 3  0.548116
2 4  0.555931
2 5  0.558058
2 6  0.557225
2 7  0.587591
2 8  0.582661
2 9  0.556498
2 10  0.568275
2 11  0.574331
2 12  0.577643
2 13  0.569103
2 14  0.515913
2 15  0.273376
2 16  0.553844
2 17  0.558441
2 18  0.560654
2 19  0.589096
2 20  0.559042
2 21  0.579144
2 22  0.577389
2 23  0.584469
2 24  0.558189
2 25  0.582349
2 26  0.559033
3 4  0.539130
3 5  0.539425
3 6  0.544879
3 7  0.545967
3 8  0.569289
3 9  0.543845
3 10  0.576637
3 11  0.567349
3 12  0.544202
3 13  0.564068
3 14  0.553877
3 15  0.551364
3 16  0.265431
3 17  0.545040
3 18  0.544931
3 19  0.540687
3 20  0.575891
3 21  0.539664
3 22  0.568167
3 23  0.570431
3 24  0.544782
3 25  0.571211
3 26  0.546987
4 5  0.507373
4 6  0.552848
4 7  0.578099
4 8  0.578609
4 9  0.552032
4 10  0.584508
4 11  0.575546
4 12  0.545582
4 13  0.571907
4 14  0.561593
4 15  0.559299
4 16  0.548246
4 17  0.275426
4 18  0.504946
4 19  0.582827
4 20  0.583377
4 21  0.537995
4 22  0.575987
4 23  0.580385
4 24  0.553809
4 25  0.578304
4 26  0.555006
5 6  0.554938
5 7  0.582202
5 8  0.580694
5 9  0.554141
5 10  0.586678
5 11  0.577881
5 12  0.547793
5 13  0.574050
5 14  0.563872
5 15  0.561439
5 16  0.547632
5 17  0.504200
5 18  0.275169
5 19  0.585847
5 20  0.585780
5 21  0.539971
5 22  0.578097
5 23  0.581990
5 24  0.555760
5 25  0.581173
5 26  0.557148
6 7  0.583575
6 8  0.543769
6 9  0.506207
6 10  0.585398
6 11  0.576978
6 12  0.574557
6 13  0.571219
6 14  0.562964
6 15  0.560129
6 16  0.550666
6 17  0.555407
6 18  0.557568
6 19  0.585672
6 20  0.584660
6 21  0.575959
6 22  0.575315
6 23  0.536301
6 24  0.502561
6 25  0.580579
6 26  0.283862
7 8  0.601267
7 9  0.581621
7 10  0.615046
7 11  0.596408
7 12  0.590036
7 13  0.602833
7 14  0.592920
7 15  0.591307
7 16  0.545187
7 17  0.583899
7 18  0.587304
7 19  0.367234
7 20  0.611954
7 21  0.583070
7 22  0.606291
7 23  0.600816
7 24  0.583836
7 25  0.601535
7 26  0.586701
8 9  0.543269
8 10  0.610810
8 11  0.602068
8 12  0.600040
8 13  0.590894
8 14  0.588971
8 15  0.585976
8 16  0.573907
8 17  0.581097
8 18  0.582709
8 19  0.600593
8 20  0.607691
8 21  0.601606
8 22  0.594084
8 23  0.373419
8 24  0.534819
8 25  0.605150
8 26  0.535864
9 10  0.584847
9 11  0.576302
9 12  0.573737
9 13  0.571333
9 14  0.562144
9 15  0.559716
9 16  0.548753
9 17  0.554598
9 18  0.556517
9 19  0.583246
9 20  0.584321
9 21  0.575092
9 22  0.576222
9 23  0.536099
9 24  0.283833
9 25  0.579738
9 26  0.502868
10 11  0.583588
10 12  0.606036
10 13  0.579455
10 14  0.563909
10 15  0.562248
10 16  0.582514
10 17  0.586736
10 18  0.589159
10 19  0.613982
10 20  0.402497
10 21  0.607507
10 22  0.576810
10 23  0.610507
10 24  0.586908
10 25  0.579629
10 26  0.587578
11 12  0.596455
11 13  0.560214
11 14  0.583207
11 15  0.582223
11 16  0.573597
11 17  0.577395
11 18  0.580327
11 19  0.598724
11 20  0.577044
11 21  0.597832
11 22  0.558420
11 23  0.603233
11 24  0.578126
11 25  0.354936
11 26  0.579326
12 13  0.593534
12 14  0.583069
12 15  0.580899
12 16  0.543620
12 17  0.539443
12 18  0.539735
12 19  0.582855
12 20  0.605043
12 21  0.369831
12 22  0.597727
12 23  0.602132
12 24  0.575389
12 25  0.599670
12 26  0.576539
13 14  0.580664
13 15  0.577090
13 16  0.569864
13 17  0.574423
13 18  0.576573
13 19  0.603192
13 20  0.571429
13 21  0.595204
13 22  0.349408
13 23  0.592455
13 24  0.573929
13 25  0.558276
13 26  0.573420
14 15  0.524318
14 16  0.559707
14 17  0.564241
14 18  0.566446
14 19  0.594048
14 20  0.571672
14 21  0.584981
14 22  0.579724
14 23  0.590537
14 24  0.564124
14 25  0.581659
14 26  0.565284
15 16  0.557287
15 17  0.561820
15 18  0.564018
15 19  0.591960
15 20  0.570891
15 21  0.582583
15 22  0.576038
15 23  0.587801
15 24  0.561621
15 25  0.579271
15 26  0.562741
16 17  0.546223
16 18  0.547213
16 19  0.552527
16 20  0.581553
16 21  0.549790
16 22  0.573932
16 23  0.576700
16 24  0.551267
16 25  0.576190
16 26  0.552707
17 18  0.511976
17 19  0.581350
17 20  0.586163
17 21  0.549288
17 22  0.578497
17 23  0.583083
17 24  0.556352
17 25  0.581356
17 26  0.557547
18 19  0.584893
18 20  0.588413
18 21  0.552098
18 22  0.580722
18 23  0.585224
18 24  0.558546
18 25  0.583800
18 26  0.559722
19 20  0.615016
19 21  0.593734
19 22  0.608135
19 23  0.603869
19 24  0.584416
19 25  0.599623
19 26  0.586448
20 21  0.606741
20 22  0.583502
20 23  0.611750
20 24  0.585754
20 25  0.587189
20 26  0.586716
21 22  0.599145
21 23  0.603275
21 24  0.577015
21 25  0.601164
21 26  0.578237
22 23  0.595286
22 24  0.576632
22 25  0.566006
22 26  0.576991
23 24  0.547327
23 25  0.607368
23 26  0.547804
24 25  0.581476
24 26  0.509787
25 26  0.582510
