  -1146.53161877
  -1146.89492297
0.00007998755910
2 2 2 2 2 2 2 2 2 2 2 2 2 2 2 0 0 0 0 0 0 0 0 0 0 0 0 0 0 0 
1  0.266000
2  0.263627
3  0.270422
4  0.287839
5  0.276289
6  0.300405
7  0.325267
8  0.299746
9  0.283297
10  0.298462
11  0.305513
12  0.305460
13  0.313677
14  0.281025
15  0.303185
16  0.278316
17  0.277279
18  0.278634
19  0.279946
20  0.286750
21  0.303514
22  0.304558
23  0.313003
24  0.307583
25  0.306620
26  0.303585
27  0.286766
28  0.300828
29  0.305871
30  0.280832
1 2  0.529077
1 3  0.534487
1 4  0.553817
1 5  0.542187
1 6  0.556301
1 7  0.563632
1 8  0.564121
1 9  0.549203
1 10  0.558713
1 11  0.571311
1 12  0.571181
1 13  0.579104
1 14  0.546996
1 15  0.559541
1 16  0.273203
1 17  0.543071
1 18  0.544139
1 19  0.545698
1 20  0.552042
1 21  0.569357
1 22  0.568975
1 23  0.553832
1 24  0.573403
1 25  0.571628
1 26  0.542902
1 27  0.552679
1 28  0.565798
1 29  0.569238
1 30  0.546570
2 3  0.533954
2 4  0.551462
2 5  0.539914
2 6  0.550168
2 7  0.588005
2 8  0.563362
2 9  0.544156
2 10  0.557235
2 11  0.569133
2 12  0.569081
2 13  0.557863
2 14  0.539956
2 15  0.561923
2 16  0.541727
2 17  0.254229
2 18  0.541815
2 19  0.543572
2 20  0.550370
2 21  0.567085
2 22  0.544303
2 23  0.576340
2 24  0.553094
2 25  0.570192
2 26  0.562903
2 27  0.545212
2 28  0.563496
2 29  0.569476
2 30  0.542903
3 4  0.556882
3 5  0.545825
3 6  0.570444
3 7  0.568843
3 8  0.565994
3 9  0.553718
3 10  0.568747
3 11  0.571503
3 12  0.559140
3 13  0.584088
3 14  0.551443
3 15  0.572074
3 16  0.548126
3 17  0.546658
3 18  0.267289
3 19  0.549801
3 20  0.557041
3 21  0.553469
3 22  0.573137
3 23  0.560360
3 24  0.577672
3 25  0.571584
3 26  0.572391
3 27  0.557109
3 28  0.569942
3 29  0.574220
3 30  0.551242
4 5  0.520316
4 6  0.588238
4 7  0.612626
4 8  0.583768
4 9  0.571137
4 10  0.586297
4 11  0.569863
4 12  0.585702
4 13  0.601514
4 14  0.568864
4 15  0.591012
4 16  0.566077
4 17  0.565062
4 18  0.564591
4 19  0.282005
4 20  0.520291
4 21  0.586792
4 22  0.592261
4 23  0.600538
4 24  0.595410
4 25  0.570609
4 26  0.591277
4 27  0.574602
4 28  0.588623
4 29  0.591357
4 30  0.568671
5 6  0.576686
5 7  0.600655
5 8  0.569447
5 9  0.559586
5 10  0.574742
5 11  0.568581
5 12  0.571110
5 13  0.589964
5 14  0.557313
5 15  0.579459
5 16  0.554317
5 17  0.553554
5 18  0.554627
5 19  0.513408
5 20  0.278024
5 21  0.578195
5 22  0.580808
5 23  0.589116
5 24  0.583872
5 25  0.551544
5 26  0.579787
5 27  0.563053
5 28  0.577116
5 29  0.580800
5 30  0.557119
6 7  0.620825
6 8  0.600105
6 9  0.583510
6 10  0.565305
6 11  0.605908
6 12  0.605849
6 13  0.611343
6 14  0.581296
6 15  0.574461
6 16  0.574254
6 17  0.568097
6 18  0.578432
6 19  0.580346
6 20  0.587107
6 21  0.603839
6 22  0.462807
6 23  0.612994
6 24  0.607226
6 25  0.606858
6 26  0.550986
6 27  0.586707
6 28  0.561907
6 29  0.606054
6 30  0.580815
7 8  0.613691
7 9  0.608548
7 10  0.621781
7 11  0.629650
7 12  0.626876
7 13  0.638756
7 14  0.606271
7 15  0.616206
7 16  0.568248
7 17  0.600991
7 18  0.572982
7 19  0.605143
7 20  0.611135
7 21  0.624268
7 22  0.626307
7 23  0.404373
7 24  0.632657
7 25  0.627642
7 26  0.616673
7 27  0.611855
7 28  0.624283
7 29  0.623753
7 30  0.605992
8 9  0.583039
8 10  0.598052
8 11  0.578452
8 12  0.570493
8 13  0.613413
8 14  0.580766
8 15  0.602266
8 16  0.575852
8 17  0.576945
8 18  0.571898
8 19  0.577562
8 20  0.582001
8 21  0.559020
8 22  0.604245
8 23  0.597752
8 24  0.607207
8 25  0.578790
8 26  0.603215
8 27  0.586512
8 28  0.600201
8 29  0.420809
8 30  0.580566
9 10  0.579225
9 11  0.588810
9 12  0.588757
9 13  0.560646
9 14  0.516283
9 15  0.586137
9 16  0.560871
9 17  0.559783
9 18  0.561919
9 19  0.563236
9 20  0.570034
9 21  0.586809
9 22  0.587589
9 23  0.595928
9 24  0.551184
9 25  0.589898
9 26  0.586064
9 27  0.511813
9 28  0.582496
9 29  0.589097
9 30  0.296410
10 11  0.603960
10 12  0.603911
10 13  0.603419
10 14  0.577623
10 15  0.571902
10 16  0.571379
10 17  0.568049
10 18  0.577046
10 19  0.578356
10 20  0.585083
10 21  0.601957
10 22  0.555579
10 23  0.609594
10 24  0.592241
10 25  0.604914
10 26  0.571657
10 27  0.584993
10 28  0.455856
10 29  0.603906
10 30  0.578138
11 12  0.583850
11 13  0.619188
11 14  0.586537
11 15  0.608567
11 16  0.583623
11 17  0.582669
11 18  0.577979
11 19  0.554425
11 20  0.571641
11 21  0.581243
11 22  0.609865
11 23  0.614866
11 24  0.613031
11 25  0.466556
11 26  0.609026
11 27  0.592275
11 28  0.606106
11 29  0.569489
11 30  0.586345
12 13  0.619135
12 14  0.586484
12 15  0.608582
12 16  0.583559
12 17  0.582619
12 18  0.571977
12 19  0.584122
12 20  0.589279
12 21  0.419886
12 22  0.609805
12 23  0.616764
12 24  0.613005
12 25  0.570926
12 26  0.608786
12 27  0.592215
12 28  0.606127
12 29  0.571501
12 30  0.586290
13 14  0.561498
13 15  0.615992
13 16  0.590843
13 17  0.563810
13 18  0.592254
13 19  0.593615
13 20  0.600397
13 21  0.617161
13 22  0.612867
13 23  0.626556
13 24  0.399114
13 25  0.620221
13 26  0.613541
13 27  0.558726
13 28  0.610369
13 29  0.619411
13 30  0.547868
14 15  0.583820
14 16  0.559070
14 17  0.555020
14 18  0.559624
14 19  0.560966
14 20  0.567769
14 21  0.584539
14 22  0.585205
14 23  0.593769
14 24  0.542362
14 25  0.587641
14 26  0.584484
14 27  0.295404
14 28  0.581207
14 29  0.586868
14 30  0.513436
15 16  0.567844
15 17  0.574161
15 18  0.579467
15 19  0.582943
15 20  0.589767
15 21  0.606535
15 22  0.575804
15 23  0.597376
15 24  0.608126
15 25  0.609789
15 26  0.502345
15 27  0.589705
15 28  0.550094
15 29  0.608656
15 30  0.583978
16 17  0.554936
16 18  0.554262
16 19  0.558228
16 20  0.564931
16 21  0.581089
16 22  0.578995
16 23  0.564542
16 24  0.585254
16 25  0.584162
16 26  0.560481
16 27  0.565051
16 28  0.573404
16 29  0.582449
16 30  0.559036
17 18  0.555785
17 19  0.557223
17 20  0.564027
17 21  0.580786
17 22  0.559913
17 23  0.589471
17 24  0.565030
17 25  0.583887
17 26  0.578156
17 27  0.558128
17 28  0.574395
17 29  0.583128
17 30  0.552910
18 19  0.557169
18 20  0.564508
18 21  0.559850
18 22  0.582225
18 23  0.565574
18 24  0.586188
18 25  0.582323
18 26  0.580097
18 27  0.565396
18 28  0.578580
18 29  0.580689
18 30  0.559464
19 20  0.521910
19 21  0.575760
19 22  0.584488
19 23  0.592016
19 24  0.587528
19 25  0.570249
19 26  0.583514
19 27  0.566712
19 28  0.580755
19 29  0.576010
19 30  0.560778
20 21  0.584733
20 22  0.591292
20 23  0.598721
20 24  0.594333
20 25  0.571354
20 26  0.590325
20 27  0.573516
20 28  0.587559
20 29  0.584902
20 30  0.567581
21 22  0.608041
21 23  0.614170
21 24  0.611091
21 25  0.585235
21 26  0.606914
21 27  0.590279
21 28  0.604307
21 29  0.570823
21 30  0.584346
22 23  0.612731
22 24  0.610301
22 25  0.611152
22 26  0.580387
22 27  0.590817
22 28  0.570158
22 29  0.610307
22 30  0.584125
23 24  0.620093
23 25  0.617171
23 26  0.609855
23 27  0.599760
23 28  0.605943
23 29  0.605829
23 30  0.593817
24 25  0.614196
24 26  0.608805
24 27  0.558456
24 28  0.599329
24 29  0.613447
24 30  0.555545
25 26  0.610141
25 27  0.593384
25 28  0.607395
25 29  0.587968
25 30  0.587451
26 27  0.590062
26 28  0.577556
26 29  0.609260
26 30  0.583581
27 28  0.586814
27 29  0.592636
27 30  0.518907
28 29  0.606491
28 30  0.580139
29 30  0.586702
