  -1146.53161877
  -1146.89675549
0.00002005872510
2 2 2 2 2 2 2 2 2 2 2 2 2 2 2 0 0 0 0 0 0 0 0 0 0 0 0 0 0 0 
1  0.270646
2  0.267033
3  0.275407
4  0.290236
5  0.278648
6  0.304865
7  0.331493
8  0.304628
9  0.285428
10  0.303368
11  0.309058
12  0.309612
13  0.316724
14  0.282754
15  0.308101
16  0.283137
17  0.280975
18  0.283690
19  0.282377
20  0.289534
21  0.307283
22  0.309116
23  0.318853
24  0.310461
25  0.310430
26  0.308462
27  0.288568
28  0.305740
29  0.310741
30  0.282777
1 2  0.536984
1 3  0.544074
1 4  0.560851
1 5  0.549167
1 6  0.564774
1 7  0.574144
1 8  0.573417
1 9  0.555951
1 10  0.567877
1 11  0.579457
1 12  0.579948
1 13  0.586701
1 14  0.553354
1 15  0.569029
1 16  0.281983
1 17  0.551411
1 18  0.553779
1 19  0.552714
1 20  0.559354
1 21  0.577759
1 22  0.578082
1 23  0.564295
1 24  0.580865
1 25  0.580044
1 26  0.552301
1 27  0.559097
1 28  0.575305
1 29  0.578694
1 30  0.553078
2 3  0.542311
2 4  0.557264
2 5  0.545679
2 6  0.557311
2 7  0.597527
2 8  0.571640
2 9  0.549587
2 10  0.565478
2 11  0.576081
2 12  0.576635
2 13  0.564016
2 14  0.544912
2 15  0.570032
2 16  0.549969
2 17  0.260824
2 18  0.550119
2 19  0.549404
2 20  0.556565
2 21  0.574237
2 22  0.552059
2 23  0.585492
2 24  0.559370
2 25  0.577404
2 26  0.571066
2 27  0.550313
2 28  0.571781
2 29  0.577749
2 30  0.548195
3 4  0.564114
3 5  0.552991
3 6  0.579853
3 7  0.579541
3 8  0.575787
3 9  0.560829
3 10  0.578610
3 11  0.579801
3 12  0.567165
3 13  0.592117
3 14  0.558153
3 15  0.581780
3 16  0.557877
3 17  0.555148
3 18  0.276324
3 19  0.557106
3 20  0.564801
3 21  0.561760
3 22  0.582657
3 23  0.571188
3 24  0.585482
3 25  0.580314
3 26  0.582217
3 27  0.563882
3 28  0.579829
3 29  0.584060
3 30  0.558173
4 5  0.525370
4 6  0.595094
4 7  0.621147
4 8  0.590824
4 9  0.575664
4 10  0.593596
4 11  0.575380
4 12  0.591982
4 13  0.606957
4 14  0.572990
4 15  0.598322
4 16  0.573274
4 17  0.571144
4 18  0.571941
4 19  0.286733
4 20  0.525842
4 21  0.592845
4 22  0.599214
4 23  0.608774
4 24  0.600682
4 25  0.576812
4 26  0.598542
4 27  0.578800
4 28  0.595914
4 29  0.598521
4 30  0.573012
5 6  0.583501
5 7  0.609061
5 8  0.576277
5 9  0.564074
5 10  0.582000
5 11  0.574412
5 12  0.577111
5 13  0.595370
5 14  0.561402
5 15  0.586731
5 16  0.561403
5 17  0.559607
5 18  0.562017
5 19  0.518493
5 20  0.283021
5 21  0.584224
5 22  0.587728
5 23  0.597285
5 24  0.589108
5 25  0.557687
5 26  0.587000
5 27  0.567213
5 28  0.584387
5 29  0.587951
5 30  0.561421
6 7  0.631252
6 8  0.609431
6 9  0.590078
6 10  0.574668
6 11  0.613912
6 12  0.614461
6 13  0.618734
6 14  0.587470
6 15  0.583829
6 16  0.583360
6 17  0.575947
6 18  0.587877
6 19  0.587241
6 20  0.594332
6 21  0.612057
6 22  0.471010
6 23  0.623262
6 24  0.614538
6 25  0.615057
6 26  0.559996
6 27  0.592955
6 28  0.571317
6 29  0.615383
6 30  0.587151
7 8  0.624209
7 9  0.616899
7 10  0.632747
7 11  0.639321
7 12  0.637088
7 13  0.647999
7 14  0.614221
7 15  0.626915
7 16  0.579396
7 17  0.610838
7 18  0.584305
7 19  0.613788
7 20  0.620138
7 21  0.634184
7 22  0.636970
7 23  0.416210
7 24  0.641796
7 25  0.637575
7 26  0.627582
7 27  0.619843
7 28  0.635315
7 29  0.634607
7 30  0.614118
8 9  0.590051
8 10  0.607813
8 11  0.586321
8 12  0.579572
8 13  0.621341
8 14  0.587377
8 15  0.611897
8 16  0.585519
8 17  0.585536
8 18  0.581842
8 19  0.584761
8 20  0.589482
8 21  0.567751
8 22  0.613683
8 23  0.608328
8 24  0.614951
8 25  0.586945
8 26  0.612962
8 27  0.593195
8 28  0.609957
8 29  0.429868
8 30  0.587374
9 10  0.586051
9 11  0.594485
9 12  0.595038
9 13  0.565608
9 14  0.520330
9 15  0.593111
9 16  0.567705
9 17  0.565562
9 18  0.569101
9 19  0.567791
9 20  0.574936
9 21  0.592709
9 22  0.594261
9 23  0.603839
9 24  0.556128
9 25  0.595830
9 26  0.593025
9 27  0.516032
9 28  0.589482
9 29  0.596083
9 30  0.300441
10 11  0.612408
10 12  0.612958
10 13  0.610870
10 14  0.584027
10 15  0.581354
10 16  0.580929
10 17  0.576655
10 18  0.586995
10 19  0.585676
10 20  0.592725
10 21  0.610640
10 22  0.565154
10 23  0.620251
10 24  0.599875
10 25  0.613603
10 26  0.581151
10 27  0.591658
10 28  0.464710
10 29  0.613568
10 30  0.584963
11 12  0.591545
11 13  0.625779
11 14  0.591811
11 15  0.617005
11 16  0.591966
11 17  0.589878
11 18  0.586532
11 19  0.560245
11 20  0.577943
11 21  0.588468
11 22  0.617947
11 23  0.624114
11 24  0.619436
11 25  0.473891
11 26  0.617460
11 27  0.597622
11 28  0.614527
11 29  0.577343
11 30  0.591834
12 13  0.626332
12 14  0.592365
12 15  0.617636
12 16  0.592501
12 17  0.590388
12 18  0.580682
12 19  0.590643
12 20  0.596055
12 21  0.427191
12 22  0.618445
12 23  0.626720
12 24  0.620030
12 25  0.578713
12 26  0.617799
12 27  0.598156
12 28  0.615244
12 29  0.580539
12 30  0.592382
13 14  0.566398
13 15  0.623873
13 16  0.598693
13 17  0.570569
13 18  0.600325
13 19  0.599095
13 20  0.606222
13 21  0.623977
13 22  0.620383
13 23  0.635466
13 24  0.405215
13 25  0.627064
13 26  0.621437
13 27  0.563573
13 28  0.618176
13 29  0.627308
13 30  0.552817
14 15  0.590408
14 16  0.565596
14 17  0.560405
14 18  0.566379
14 19  0.565121
14 20  0.572276
14 21  0.590034
14 22  0.591500
14 23  0.601284
14 24  0.546977
14 25  0.593180
14 26  0.591077
14 27  0.298909
14 28  0.587789
14 29  0.593468
14 30  0.517345
15 16  0.577561
15 17  0.582743
15 18  0.589416
15 19  0.590227
15 20  0.597447
15 21  0.615224
15 22  0.585060
15 23  0.607997
15 24  0.615790
15 25  0.618511
15 26  0.512084
15 27  0.596410
15 28  0.559385
15 29  0.618404
15 30  0.590828
16 17  0.563410
16 18  0.563965
16 19  0.565466
16 20  0.572505
16 21  0.589617
16 22  0.588154
16 23  0.574988
16 24  0.592869
16 25  0.592692
16 26  0.569606
16 27  0.571661
16 28  0.582895
16 29  0.591922
16 30  0.565775
17 18  0.564482
17 19  0.563348
17 20  0.570505
17 21  0.588248
17 22  0.567398
17 23  0.598886
17 24  0.571410
17 25  0.591390
17 26  0.586598
17 27  0.563405
17 28  0.582910
17 29  0.591687
17 30  0.558348
18 19  0.564474
18 20  0.572250
18 21  0.567687
18 22  0.591687
18 23  0.576206
18 24  0.594114
18 25  0.591054
18 26  0.589839
18 27  0.572252
18 28  0.588433
18 29  0.590545
18 30  0.566464
19 20  0.527376
19 21  0.581706
19 22  0.591465
19 23  0.600153
19 24  0.592836
19 25  0.576468
19 26  0.590815
19 27  0.570945
19 28  0.588091
19 29  0.582731
19 30  0.565153
20 21  0.591002
20 22  0.598622
20 23  0.607196
20 24  0.599993
20 25  0.577560
20 26  0.597983
20 27  0.578101
20 28  0.595249
20 29  0.592195
20 30  0.572309
21 22  0.616356
21 23  0.623698
21 24  0.617737
21 25  0.592616
21 26  0.615515
21 27  0.595849
21 28  0.612991
21 29  0.579649
21 30  0.590058
22 23  0.622812
22 24  0.617670
22 25  0.619515
22 26  0.589488
22 27  0.597130
22 28  0.579748
22 29  0.619710
22 30  0.590493
23 24  0.628723
23 25  0.626656
23 26  0.620392
23 27  0.607411
23 28  0.616096
23 29  0.615737
23 30  0.601605
24 25  0.620881
24 26  0.616415
24 27  0.563125
24 28  0.606483
24 29  0.621194
24 30  0.560303
25 26  0.618802
25 27  0.598996
25 28  0.616112
25 29  0.596175
25 30  0.593205
26 27  0.596680
26 28  0.587352
26 29  0.618986
26 30  0.590286
27 28  0.593436
27 29  0.599307
27 30  0.522920
28 29  0.616267
28 30  0.586858
29 30  0.593515
