  -1146.53161877
  -1146.89727513
0.00000584672715
2 2 2 2 2 2 2 2 2 2 2 2 2 2 2 0 0 0 0 0 0 0 0 0 0 0 0 0 0 0 
1  0.272237
2  0.268168
3  0.276960
4  0.291030
5  0.279391
6  0.306269
7  0.333516
8  0.305955
9  0.286041
10  0.304872
11  0.310088
12  0.310767
13  0.317638
14  0.283239
15  0.309641
16  0.284838
17  0.282245
18  0.285268
19  0.283121
20  0.290384
21  0.308366
22  0.310570
23  0.320701
24  0.311301
25  0.311551
26  0.310020
27  0.289101
28  0.307205
29  0.312072
30  0.283343
1 2  0.539672
1 3  0.547192
1 4  0.563233
1 5  0.551484
1 6  0.567575
1 7  0.577641
1 8  0.576275
1 9  0.558142
1 10  0.570852
1 11  0.582059
1 12  0.582686
1 13  0.589161
1 14  0.555425
1 15  0.572145
1 16  0.285097
1 17  0.554264
1 18  0.556922
1 19  0.555033
1 20  0.561717
1 21  0.580429
1 22  0.581085
1 23  0.567731
1 24  0.583279
1 25  0.582760
1 26  0.555412
1 27  0.561190
1 28  0.578367
1 29  0.581624
1 30  0.555168
2 3  0.544985
2 4  0.559191
2 5  0.547556
2 6  0.559591
2 7  0.600613
2 8  0.574100
2 9  0.551317
2 10  0.568110
2 11  0.578244
2 12  0.578922
2 13  0.566006
2 14  0.546511
2 15  0.572602
2 16  0.552798
2 17  0.263048
2 18  0.552760
2 19  0.551276
2 20  0.558550
2 21  0.576442
2 22  0.554586
2 23  0.588466
2 24  0.561341
2 25  0.579643
2 26  0.573709
2 27  0.551983
2 28  0.574367
2 29  0.580206
2 30  0.549884
3 4  0.566388
3 5  0.555237
3 6  0.582799
3 7  0.582970
3 8  0.578663
3 9  0.562993
3 10  0.581657
3 11  0.582316
3 12  0.569519
3 13  0.594583
3 14  0.560189
3 15  0.584813
3 16  0.561112
3 17  0.557908
3 18  0.279238
3 19  0.559382
3 20  0.567201
3 21  0.564298
3 22  0.585642
3 23  0.574580
3 24  0.587853
3 25  0.582943
3 26  0.585337
3 27  0.565961
3 28  0.582849
3 29  0.586936
3 30  0.560293
4 5  0.526987
4 6  0.597287
4 7  0.623916
4 8  0.592884
4 9  0.577071
4 10  0.595890
4 11  0.577100
4 12  0.593899
4 13  0.608664
4 14  0.574269
4 15  0.600654
4 16  0.575757
4 17  0.573177
4 18  0.574261
4 19  0.288315
4 20  0.527619
4 21  0.594714
4 22  0.601444
4 23  0.611404
4 24  0.602314
4 25  0.578730
4 26  0.600860
4 27  0.580119
4 28  0.598152
4 29  0.600625
4 30  0.574367
5 6  0.585642
5 7  0.611764
5 8  0.578265
5 9  0.565431
5 10  0.584241
5 11  0.576187
5 12  0.578905
5 13  0.597026
5 14  0.562630
5 15  0.589007
5 16  0.563747
5 17  0.561614
5 18  0.564330
5 19  0.520071
5 20  0.284625
5 21  0.586022
5 22  0.589924
5 23  0.599851
5 24  0.590692
5 25  0.559576
5 26  0.589274
5 27  0.568484
5 28  0.586595
5 29  0.590025
5 30  0.562725
6 7  0.634600
6 8  0.612157
6 9  0.592085
6 10  0.577596
6 11  0.616342
6 12  0.617019
6 13  0.621016
6 14  0.589355
6 15  0.586789
6 16  0.586388
6 17  0.578516
6 18  0.590834
6 19  0.589389
6 20  0.596572
6 21  0.614536
6 22  0.473627
6 23  0.626502
6 24  0.616764
6 25  0.617581
6 26  0.562825
6 27  0.594896
6 28  0.574240
6 29  0.618128
6 30  0.589112
7 8  0.627387
7 9  0.619533
7 10  0.636213
7 11  0.642350
7 12  0.640237
7 13  0.650914
7 14  0.616726
7 15  0.630323
7 16  0.583147
7 17  0.614094
7 18  0.587912
7 19  0.616551
7 20  0.622991
7 21  0.637272
7 22  0.640409
7 23  0.420215
7 24  0.644655
7 25  0.640657
7 26  0.631092
7 27  0.622346
7 28  0.638761
7 29  0.637901
7 30  0.616689
8 9  0.591991
8 10  0.610633
8 11  0.588525
8 12  0.582053
8 13  0.623581
8 14  0.589187
8 15  0.614715
8 16  0.588554
8 17  0.588135
8 18  0.584750
8 19  0.586780
8 20  0.591641
8 21  0.570165
8 22  0.616467
8 23  0.611460
8 24  0.617094
8 25  0.589260
8 26  0.615840
8 27  0.595054
8 28  0.612740
8 29  0.432438
8 30  0.589260
9 10  0.588104
9 11  0.596128
9 12  0.596807
9 13  0.567119
9 14  0.521501
9 15  0.595242
9 16  0.569966
9 17  0.567434
9 18  0.571288
9 19  0.569143
9 20  0.576388
9 21  0.594407
9 22  0.596323
9 23  0.606278
9 24  0.557601
9 25  0.597557
9 26  0.595190
9 27  0.517283
9 28  0.591563
9 29  0.598012
9 30  0.301677
10 11  0.614939
10 12  0.615615
10 13  0.613136
10 14  0.585954
10 15  0.584242
10 16  0.584117
10 17  0.579428
10 18  0.590074
10 19  0.587928
10 20  0.595053
10 21  0.613228
10 22  0.568172
10 23  0.623558
10 24  0.602205
10 25  0.616241
10 26  0.584104
10 27  0.593678
10 28  0.467471
10 29  0.616357
10 30  0.587031
11 12  0.593739
11 13  0.627723
11 14  0.593325
11 15  0.619560
11 16  0.594689
11 17  0.592147
11 18  0.589139
11 19  0.561999
11 20  0.579819
11 21  0.590561
11 22  0.620437
11 23  0.626957
11 24  0.621294
11 25  0.476164
11 26  0.620051
11 27  0.599181
11 28  0.616988
11 29  0.579505
11 30  0.593430
12 13  0.628400
12 14  0.594005
12 15  0.620329
12 16  0.595346
12 17  0.592784
12 18  0.583262
12 19  0.592536
12 20  0.598023
12 21  0.429303
12 22  0.621048
12 23  0.629700
12 24  0.622023
12 25  0.580916
12 26  0.620521
12 27  0.599839
12 28  0.617858
12 29  0.583038
12 30  0.594101
13 14  0.567873
13 15  0.626303
13 16  0.601279
13 17  0.572763
13 18  0.602800
13 19  0.600753
13 20  0.607973
13 21  0.625967
13 22  0.622727
13 23  0.638233
13 24  0.407143
13 25  0.629076
13 26  0.623888
13 27  0.565056
13 28  0.620516
13 29  0.629528
13 30  0.554323
14 15  0.592413
14 16  0.567765
14 17  0.562169
14 18  0.568424
14 19  0.566345
14 20  0.573606
14 21  0.591600
14 22  0.593436
14 23  0.603578
14 24  0.548342
14 25  0.594785
14 26  0.593121
14 27  0.300006
14 28  0.589708
14 29  0.595280
14 30  0.518481
15 16  0.580790
15 17  0.585533
15 18  0.592559
15 19  0.592462
15 20  0.599831
15 21  0.617851
15 22  0.588001
15 23  0.611331
15 24  0.618142
15 25  0.621171
15 26  0.515279
15 27  0.598472
15 28  0.562159
15 29  0.621266
15 30  0.592933
16 17  0.566354
16 18  0.567183
16 19  0.567905
16 20  0.575034
16 21  0.592366
16 22  0.591220
16 23  0.578470
16 24  0.595374
16 25  0.595455
16 26  0.572669
16 27  0.573883
16 28  0.586023
16 29  0.594908
16 30  0.568026
17 18  0.567304
17 19  0.565361
17 20  0.572624
17 21  0.590601
17 22  0.569841
17 23  0.601957
17 24  0.573483
17 25  0.593781
17 26  0.589366
17 27  0.565171
17 28  0.585612
17 29  0.594283
17 30  0.560140
18 19  0.566743
18 20  0.574650
18 21  0.570025
18 22  0.594660
18 23  0.579566
18 24  0.596526
18 25  0.593709
18 26  0.592924
18 27  0.574361
18 28  0.591431
18 29  0.593437
18 30  0.568606
19 20  0.529047
19 21  0.583497
19 22  0.593657
19 23  0.602674
19 24  0.594419
19 25  0.578333
19 26  0.593116
19 27  0.572222
19 28  0.590294
19 29  0.584663
19 30  0.566463
20 21  0.592865
20 22  0.600921
20 23  0.609814
20 24  0.601682
20 25  0.579448
20 26  0.600391
20 27  0.579484
20 28  0.597562
20 29  0.594319
20 30  0.573725
21 22  0.618890
21 23  0.626609
21 24  0.619659
21 25  0.594748
21 26  0.618143
21 27  0.597464
21 28  0.615535
21 29  0.582156
21 30  0.591706
22 23  0.626009
22 24  0.619948
22 25  0.622089
22 26  0.592383
22 27  0.599107
22 28  0.582723
22 29  0.622490
22 30  0.592489
23 24  0.631368
23 25  0.629570
23 26  0.623745
23 27  0.609790
23 28  0.619208
23 29  0.618712
23 30  0.604016
24 25  0.622840
24 26  0.618762
24 27  0.564540
24 28  0.608613
24 29  0.623364
24 30  0.561727
25 26  0.621473
25 27  0.600649
25 28  0.618698
25 29  0.598512
25 30  0.594891
26 27  0.598750
26 28  0.590366
26 29  0.621863
26 30  0.592352
27 28  0.595392
27 29  0.601169
27 30  0.524103
28 29  0.619056
28 30  0.588854
29 30  0.595411
