  -1146.53161877
  -1146.89743919
0.00000004437486
2 2 2 2 2 2 2 2 2 2 2 2 2 2 2 0 0 0 0 0 0 0 0 0 0 0 0 0 0 0 
1  0.272884
2  0.268607
3  0.277572
4  0.291311
5  0.279656
6  0.306813
7  0.334311
8  0.306438
9  0.286296
10  0.305430
11  0.310460
12  0.311184
13  0.317991
14  0.283447
15  0.310251
16  0.285526
17  0.282750
18  0.285894
19  0.283391
20  0.290693
21  0.308760
22  0.311136
23  0.321419
24  0.311631
25  0.311956
26  0.310614
27  0.289303
28  0.307759
29  0.312560
30  0.283568
1 2  0.540733
1 3  0.548446
1 4  0.564160
1 5  0.552386
1 6  0.568680
1 7  0.579042
1 8  0.577384
1 9  0.559037
1 10  0.572020
1 11  0.583072
1 12  0.583743
1 13  0.590147
1 14  0.556274
1 15  0.573390
1 16  0.286355
1 17  0.555415
1 18  0.558184
1 19  0.555944
1 20  0.562639
1 21  0.581466
1 22  0.582281
1 23  0.569097
1 24  0.584256
1 25  0.583813
1 26  0.556629
1 27  0.562030
1 28  0.579567
1 29  0.582769
1 30  0.556017
2 3  0.546025
2 4  0.559910
2 5  0.548258
2 6  0.560469
2 7  0.601825
2 8  0.575019
2 9  0.552008
2 10  0.569103
2 11  0.579055
2 12  0.579776
2 13  0.566785
2 14  0.547153
2 15  0.573623
2 16  0.553923
2 17  0.263936
2 18  0.553804
2 19  0.551980
2 20  0.559298
2 21  0.577263
2 22  0.555568
2 23  0.589624
2 24  0.562113
2 25  0.580480
2 26  0.574730
2 27  0.552628
2 28  0.575355
2 29  0.581131
2 30  0.550546
3 4  0.567264
3 5  0.556092
3 6  0.583949
3 7  0.584316
3 8  0.579753
3 9  0.563855
3 10  0.582825
3 11  0.583282
3 12  0.570421
3 13  0.595546
3 14  0.561006
3 15  0.586011
3 16  0.562403
3 17  0.558995
3 18  0.280385
3 19  0.560264
3 20  0.568119
3 21  0.565257
3 22  0.586812
3 23  0.575905
3 24  0.588788
3 25  0.583956
3 26  0.586542
3 27  0.566777
3 28  0.584020
3 29  0.588032
3 30  0.561131
4 5  0.527567
4 6  0.598111
4 7  0.624979
4 8  0.593627
4 9  0.577606
4 10  0.596728
4 11  0.577728
4 12  0.594584
4 13  0.609297
4 14  0.574758
4 15  0.601544
4 16  0.576720
4 17  0.573946
4 18  0.575166
4 19  0.288898
4 20  0.528261
4 21  0.595384
4 22  0.602286
4 23  0.612399
4 24  0.602923
4 25  0.579420
4 26  0.601727
4 27  0.580596
4 28  0.598984
4 29  0.601385
4 30  0.574871
5 6  0.586447
5 7  0.612799
5 8  0.578989
5 9  0.565950
5 10  0.585061
5 11  0.576827
5 12  0.579560
5 13  0.597643
5 14  0.563102
5 15  0.589879
5 16  0.564671
5 17  0.562382
5 18  0.565218
5 19  0.520644
5 20  0.285224
5 21  0.586671
5 22  0.590756
5 23  0.600828
5 24  0.591286
5 25  0.560259
5 26  0.590119
5 27  0.568949
5 28  0.587414
5 29  0.590776
5 30  0.563209
6 7  0.635909
6 8  0.613182
6 9  0.592879
6 10  0.578714
6 11  0.617256
6 12  0.617979
6 13  0.621903
6 14  0.590106
6 15  0.587950
6 16  0.587588
6 17  0.579513
6 18  0.591998
6 19  0.590203
6 20  0.597419
6 21  0.615474
6 22  0.474653
6 23  0.627757
6 24  0.617632
6 25  0.618533
6 26  0.563924
6 27  0.595650
6 28  0.575368
6 29  0.619167
6 30  0.589876
7 8  0.628598
7 9  0.620581
7 10  0.637541
7 11  0.643502
7 12  0.641432
7 13  0.652054
7 14  0.617729
7 15  0.631658
7 16  0.584641
7 17  0.615391
7 18  0.589330
7 19  0.617615
7 20  0.624091
7 21  0.638449
7 22  0.641746
7 23  0.421793
7 24  0.645781
7 25  0.641838
7 26  0.632445
7 27  0.623324
7 28  0.640091
7 29  0.639156
7 30  0.617707
8 9  0.592728
8 10  0.611669
8 11  0.589335
8 12  0.582974
8 13  0.624417
8 14  0.589877
8 15  0.615781
8 16  0.589737
8 17  0.589129
8 18  0.585859
8 19  0.587519
8 20  0.592427
8 21  0.571059
8 22  0.617514
8 23  0.612637
8 24  0.617899
8 25  0.590114
8 26  0.616917
8 27  0.595739
8 28  0.613773
8 29  0.433380
8 30  0.589962
9 10  0.588901
9 11  0.596754
9 12  0.597476
9 13  0.567726
9 14  0.521993
9 15  0.596099
9 16  0.570874
9 17  0.568188
9 18  0.572165
9 19  0.569660
9 20  0.576942
9 21  0.595055
9 22  0.597140
9 23  0.607249
9 24  0.558199
9 25  0.598216
9 26  0.596031
9 27  0.517782
9 28  0.592377
9 29  0.598751
9 30  0.302188
10 11  0.615869
10 12  0.616587
10 13  0.613992
10 14  0.586697
10 15  0.585345
10 16  0.585353
10 17  0.580489
10 18  0.591257
10 19  0.588758
10 20  0.595913
10 21  0.614181
10 22  0.569322
10 23  0.624820
10 24  0.603081
10 25  0.617211
10 26  0.585216
10 27  0.594432
10 28  0.468503
10 29  0.617378
10 30  0.587820
11 12  0.594537
11 13  0.628448
11 14  0.593904
11 15  0.620536
11 16  0.595744
11 17  0.593015
11 18  0.590132
11 19  0.562645
11 20  0.580503
11 21  0.591326
11 22  0.621377
11 23  0.628040
11 24  0.621991
11 25  0.476998
11 26  0.621019
11 27  0.599754
11 28  0.617897
11 29  0.580320
11 30  0.594028
12 13  0.629169
12 14  0.594629
12 15  0.621354
12 16  0.596447
12 17  0.593691
12 18  0.584241
12 19  0.593220
12 20  0.598738
12 21  0.430071
12 22  0.622027
12 23  0.630823
12 24  0.622769
12 25  0.581727
12 26  0.621541
12 27  0.600459
12 28  0.618831
12 29  0.583960
12 30  0.594742
13 14  0.568467
13 15  0.627251
13 16  0.602313
13 17  0.573632
13 18  0.603771
13 19  0.601377
13 20  0.608632
13 21  0.626714
13 22  0.623635
13 23  0.639306
13 24  0.407900
13 25  0.629819
13 26  0.624823
13 27  0.565628
13 28  0.621407
13 29  0.630361
13 30  0.554915
14 15  0.593222
14 16  0.568664
14 17  0.562884
14 18  0.569247
14 19  0.566815
14 20  0.574120
14 21  0.592201
14 22  0.594209
14 23  0.604490
14 24  0.548901
14 25  0.595398
14 26  0.593922
14 27  0.300457
14 28  0.590458
14 29  0.595978
14 30  0.518948
15 16  0.582080
15 17  0.586639
15 18  0.593807
15 19  0.593319
15 20  0.600751
15 21  0.618859
15 22  0.589150
15 23  0.612630
15 24  0.619070
15 25  0.622185
15 26  0.516520
15 27  0.599280
15 28  0.563232
15 29  0.622361
15 30  0.593767
16 17  0.567535
16 18  0.568476
16 19  0.568859
16 20  0.576020
16 21  0.593435
16 22  0.592439
16 23  0.579849
16 24  0.596379
16 25  0.596531
16 26  0.573872
16 27  0.574768
16 28  0.587244
16 29  0.596063
16 30  0.568932
17 18  0.568422
17 19  0.566135
17 20  0.573436
17 21  0.591499
17 22  0.570796
17 23  0.603162
17 24  0.574310
17 25  0.594690
17 26  0.590440
17 27  0.565872
17 28  0.586659
17 29  0.595273
17 30  0.560861
18 19  0.567624
18 20  0.575575
18 21  0.570928
18 22  0.595830
18 23  0.580880
18 24  0.597480
18 25  0.594721
18 26  0.594125
18 27  0.575188
18 28  0.592596
18 29  0.594544
18 30  0.569456
19 20  0.529662
19 21  0.584149
19 22  0.594489
19 23  0.603641
19 24  0.595018
19 25  0.579012
19 26  0.593980
19 27  0.572694
19 28  0.591116
19 29  0.585374
19 30  0.566959
20 21  0.593549
20 22  0.601789
20 23  0.610818
20 24  0.602320
20 25  0.580136
20 26  0.601294
20 27  0.579994
20 28  0.598421
20 29  0.595096
20 30  0.574259
21 22  0.619848
21 23  0.627711
21 24  0.620383
21 25  0.595532
21 26  0.619125
21 27  0.598060
21 28  0.616483
21 29  0.583075
21 30  0.592324
22 23  0.627250
22 24  0.620836
22 25  0.623059
22 26  0.593495
22 27  0.599873
22 28  0.583866
22 29  0.623541
22 30  0.593269
23 24  0.632401
23 25  0.630666
23 26  0.625027
23 27  0.610711
23 28  0.620406
23 29  0.619838
23 30  0.604958
24 25  0.623575
24 26  0.619668
24 27  0.565099
24 28  0.609432
24 29  0.624182
24 30  0.562295
25 26  0.622468
25 27  0.601256
25 28  0.619657
25 29  0.599376
25 30  0.595521
26 27  0.599541
26 28  0.591519
26 29  0.622941
26 30  0.593158
27 28  0.596131
27 29  0.601857
27 30  0.524565
28 29  0.620097
28 30  0.589623
29 30  0.596125
