  -1146.53206862
  -1146.89535455
0.00008044556510
2 2 2 2 2 2 2 2 2 2 2 2 2 2 2 0 0 0 0 0 0 0 0 0 0 0 0 0 0 0 
1  0.265486
2  0.272335
3  0.269659
4  0.287448
5  0.275933
6  0.302861
7  0.286139
8  0.278763
9  0.305787
10  0.299815
11  0.305820
12  0.299406
13  0.302313
14  0.304925
15  0.323612
16  0.279643
17  0.271762
18  0.277250
19  0.280116
20  0.286586
21  0.302047
22  0.305100
23  0.315131
24  0.311925
25  0.305536
26  0.303737
27  0.284045
28  0.306329
29  0.299929
30  0.286027
1 2  0.536861
1 3  0.533247
1 4  0.552911
1 5  0.541323
1 6  0.568077
1 7  0.551609
1 8  0.544236
1 9  0.571065
1 10  0.563663
1 11  0.565276
1 12  0.555211
1 13  0.557707
1 14  0.570018
1 15  0.561745
1 16  0.274712
1 17  0.536600
1 18  0.542251
1 19  0.545353
1 20  0.551342
1 21  0.567375
1 22  0.544045
1 23  0.580588
1 24  0.552262
1 25  0.568391
1 26  0.568276
1 27  0.549393
1 28  0.570797
1 29  0.563726
1 30  0.551375
2 3  0.541978
2 4  0.559779
2 5  0.548265
2 6  0.575194
2 7  0.552725
2 8  0.546964
2 9  0.578121
2 10  0.572138
2 11  0.557239
2 12  0.567817
2 13  0.572504
2 14  0.560151
2 15  0.595616
2 16  0.549369
2 17  0.256602
2 18  0.549558
2 19  0.552432
2 20  0.558862
2 21  0.574342
2 22  0.570380
2 23  0.560320
2 24  0.583713
2 25  0.577626
2 26  0.566196
2 27  0.553265
2 28  0.578541
2 29  0.565503
2 30  0.557704
3 4  0.555741
3 5  0.544724
3 6  0.556083
3 7  0.555791
3 8  0.548410
3 9  0.571064
3 10  0.565396
3 11  0.575344
3 12  0.568701
3 13  0.570477
3 14  0.574544
3 15  0.566462
3 16  0.548720
3 17  0.541204
3 18  0.264683
3 19  0.549215
3 20  0.556112
3 21  0.551316
3 22  0.573227
3 23  0.584168
3 24  0.558427
3 25  0.573112
3 26  0.571960
3 27  0.553621
3 28  0.570484
3 29  0.567739
3 30  0.555413
4 5  0.519567
4 6  0.582756
4 7  0.573587
4 8  0.566210
4 9  0.569824
4 10  0.583431
4 11  0.593263
4 12  0.586848
4 13  0.589750
4 14  0.592370
4 15  0.610583
4 16  0.567016
4 17  0.559202
4 18  0.562830
4 19  0.281399
4 20  0.519682
4 21  0.584983
4 22  0.592411
4 23  0.602550
4 24  0.599070
4 25  0.590676
4 26  0.591136
4 27  0.571488
4 28  0.569908
4 29  0.587245
4 30  0.573462
5 6  0.568475
5 7  0.562072
5 8  0.554696
5 9  0.568236
5 10  0.569207
5 11  0.581744
5 12  0.575332
5 13  0.578234
5 14  0.580857
5 15  0.598667
5 16  0.555278
5 17  0.547695
5 18  0.552904
5 19  0.513072
5 20  0.277381
5 21  0.576406
5 22  0.580952
5 23  0.591060
5 24  0.587679
5 25  0.580128
5 26  0.579670
5 27  0.559976
5 28  0.550826
5 29  0.575824
5 30  0.561955
6 7  0.589000
6 8  0.581623
6 9  0.581731
6 10  0.567917
6 11  0.608670
6 12  0.602254
6 13  0.605117
6 14  0.607784
6 15  0.622765
6 16  0.582308
6 17  0.574605
6 18  0.568081
6 19  0.581696
6 20  0.586638
6 21  0.414742
6 22  0.607727
6 23  0.617921
6 24  0.613115
6 25  0.568823
6 26  0.606415
6 27  0.586896
6 28  0.568605
6 29  0.602584
6 30  0.588855
7 8  0.516725
7 9  0.591925
7 10  0.585947
7 11  0.591476
7 12  0.585016
7 13  0.588229
7 14  0.554113
7 15  0.609740
7 16  0.565440
7 17  0.552356
7 18  0.563387
7 19  0.566253
7 20  0.572721
7 21  0.588184
7 22  0.590826
7 23  0.560673
7 24  0.597921
7 25  0.591631
7 26  0.589299
7 27  0.302079
7 28  0.592459
7 29  0.585795
7 30  0.513677
8 9  0.584548
8 10  0.578572
8 11  0.583313
8 12  0.577108
8 13  0.580319
8 14  0.551373
8 15  0.602289
8 16  0.558198
8 17  0.548606
8 18  0.555951
8 19  0.558876
8 20  0.565347
8 21  0.580808
8 22  0.583837
8 23  0.547376
8 24  0.590392
8 25  0.584284
8 26  0.582061
8 27  0.514737
8 28  0.585091
8 29  0.577709
8 30  0.298755
9 10  0.578836
9 11  0.611592
9 12  0.605185
9 13  0.607976
9 14  0.610709
9 15  0.628272
9 16  0.585192
9 17  0.577473
9 18  0.576794
9 19  0.554773
9 20  0.571406
9 21  0.580102
9 22  0.610821
9 23  0.620837
9 24  0.613946
9 25  0.569599
9 26  0.609263
9 27  0.589828
9 28  0.464219
9 29  0.605519
9 30  0.591792
10 11  0.605475
10 12  0.599175
10 13  0.601485
10 14  0.604736
10 15  0.612070
10 16  0.577153
10 17  0.571365
10 18  0.570632
10 19  0.577879
10 20  0.581967
10 21  0.557679
10 22  0.604799
10 23  0.614873
10 24  0.596716
10 25  0.417882
10 26  0.603174
10 27  0.583860
10 28  0.578636
10 29  0.599692
10 30  0.585836
11 12  0.570664
11 13  0.578518
11 14  0.608621
11 15  0.627443
11 16  0.579904
11 17  0.552533
11 18  0.583027
11 19  0.585880
11 20  0.592261
11 21  0.607843
11 22  0.579605
11 23  0.614798
11 24  0.615944
11 25  0.610904
11 26  0.464134
11 27  0.589578
11 28  0.611958
11 29  0.559083
11 30  0.591439
12 13  0.573555
12 14  0.596562
12 15  0.618291
12 16  0.574660
12 17  0.569997
12 18  0.576090
12 19  0.579517
12 20  0.585939
12 21  0.601377
12 22  0.551296
12 23  0.610952
12 24  0.610923
12 25  0.604695
12 26  0.563564
12 27  0.582684
12 28  0.605565
12 29  0.455538
12 30  0.583745
13 14  0.605021
13 15  0.613974
13 16  0.567773
13 17  0.570118
13 18  0.577322
13 19  0.582255
13 20  0.588735
13 21  0.604210
13 22  0.501824
13 23  0.614198
13 24  0.595698
13 25  0.607477
13 26  0.552854
13 27  0.586194
13 28  0.608626
13 29  0.571136
13 30  0.587462
14 15  0.628128
14 16  0.584142
14 17  0.558915
14 18  0.581979
14 19  0.585040
14 20  0.591499
14 21  0.606938
14 22  0.607197
14 23  0.401281
14 24  0.616823
14 25  0.610402
14 26  0.608068
14 27  0.541651
14 28  0.611204
14 29  0.591067
14 30  0.551261
15 16  0.568038
15 17  0.595297
15 18  0.570172
15 19  0.603660
15 20  0.609298
15 21  0.621143
15 22  0.616850
15 23  0.638111
15 24  0.401423
15 25  0.621717
15 26  0.625454
15 27  0.607475
15 28  0.625645
15 29  0.619974
15 30  0.609164
16 17  0.550077
16 18  0.554214
16 19  0.559723
16 20  0.566091
16 21  0.580950
16 22  0.562769
16 23  0.594447
16 24  0.564858
16 25  0.583406
16 26  0.577420
16 27  0.563663
16 28  0.585196
16 29  0.575682
16 30  0.565636
17 18  0.548988
17 19  0.551877
17 20  0.558346
17 21  0.573802
17 22  0.571575
17 23  0.565433
17 24  0.582949
17 25  0.577281
17 26  0.558723
17 27  0.550780
17 28  0.578082
17 29  0.566699
17 30  0.553974
18 19  0.555964
18 20  0.562977
18 21  0.557367
18 22  0.580282
18 23  0.592290
18 24  0.563121
18 25  0.579025
18 26  0.580082
18 27  0.561285
18 28  0.580649
18 29  0.576242
18 30  0.563256
19 20  0.521831
19 21  0.574454
19 22  0.585201
19 23  0.595247
19 24  0.591122
19 25  0.575858
19 26  0.583833
19 27  0.564162
19 28  0.570085
19 29  0.580029
19 30  0.566143
20 21  0.583153
20 22  0.591677
20 23  0.601717
20 24  0.597507
20 25  0.584515
20 26  0.590302
20 27  0.570631
20 28  0.570865
20 29  0.586499
20 30  0.572612
21 22  0.606958
21 23  0.617174
21 24  0.611685
21 25  0.569380
21 26  0.605746
21 27  0.586091
21 28  0.583391
21 29  0.601944
21 30  0.588071
22 23  0.619189
22 24  0.610549
22 25  0.610451
22 26  0.580703
22 27  0.588767
22 28  0.611364
22 29  0.577260
22 30  0.590727
23 24  0.626544
23 25  0.620663
23 26  0.616151
23 27  0.565864
23 28  0.621458
23 29  0.605878
23 30  0.565128
24 25  0.604598
24 26  0.607433
24 27  0.595944
24 28  0.615835
24 29  0.607236
24 30  0.597880
25 26  0.609042
25 27  0.589576
25 28  0.587395
25 29  0.605342
25 30  0.591559
26 27  0.587653
26 28  0.610008
26 29  0.569421
26 30  0.589549
27 28  0.590372
27 29  0.581322
27 30  0.521213
28 29  0.606231
28 30  0.592353
29 30  0.582943
