  -1146.53206862
  -1146.89716241
0.00002022774760
2 2 2 2 2 2 2 2 2 2 2 2 2 2 2 0 0 0 0 0 0 0 0 0 0 0 0 0 0 0 
1  0.270045
2  0.275681
3  0.274523
4  0.289887
5  0.278376
6  0.306995
7  0.287945
8  0.280706
9  0.309333
10  0.304763
11  0.310137
12  0.304147
13  0.307302
14  0.307894
15  0.329907
16  0.284377
17  0.275144
18  0.282233
19  0.282528
20  0.289426
21  0.305819
22  0.309707
23  0.318181
24  0.317705
25  0.310441
26  0.308115
27  0.285807
28  0.310144
29  0.304999
30  0.288205
1 2  0.544624
1 3  0.542623
1 4  0.559901
1 5  0.548295
1 6  0.576742
1 7  0.557966
1 8  0.550738
1 9  0.579121
1 10  0.572940
1 11  0.573851
1 12  0.563850
1 13  0.567180
1 14  0.577435
1 15  0.572239
1 16  0.283390
1 17  0.544335
1 18  0.551738
1 19  0.552255
1 20  0.558627
1 21  0.575698
1 22  0.553099
1 23  0.588191
1 24  0.562590
1 25  0.577817
1 26  0.577174
1 27  0.555647
1 28  0.579139
1 29  0.573248
1 30  0.558056
2 3  0.550185
2 4  0.565563
2 5  0.554052
2 6  0.582671
2 7  0.557657
2 8  0.552031
2 9  0.585012
2 10  0.580428
2 11  0.564178
2 12  0.575818
2 13  0.580726
2 14  0.566252
2 15  0.605200
2 16  0.557293
2 17  0.262919
2 18  0.557879
2 19  0.558185
2 20  0.565024
2 21  0.581468
2 22  0.578310
2 23  0.566740
2 24  0.592793
2 25  0.585804
2 26  0.573683
2 27  0.558350
2 28  0.585669
2 29  0.573912
2 30  0.563175
3 4  0.562895
3 5  0.551861
3 6  0.564012
3 7  0.562455
3 8  0.555210
3 9  0.579248
3 10  0.575136
3 11  0.584497
3 12  0.578266
3 13  0.580144
3 14  0.582369
3 15  0.577148
3 16  0.558258
3 17  0.549408
3 18  0.273521
3 19  0.556385
3 20  0.563807
3 21  0.559481
3 22  0.582652
3 23  0.592003
3 24  0.569068
3 25  0.582860
3 26  0.581164
3 27  0.560246
3 28  0.579114
3 29  0.577634
3 30  0.562406
4 5  0.524757
4 6  0.589050
4 7  0.577831
4 8  0.570593
4 9  0.575381
4 10  0.590583
4 11  0.600015
4 12  0.594025
4 13  0.597175
4 14  0.597778
4 15  0.619217
4 16  0.574168
4 17  0.565026
4 18  0.570132
4 19  0.286112
4 20  0.525356
4 21  0.591062
4 22  0.599446
4 23  0.608035
4 24  0.607280
4 25  0.597912
4 26  0.597934
4 27  0.575686
4 28  0.576170
4 29  0.594749
4 30  0.578073
5 6  0.574552
5 7  0.566320
5 8  0.559082
5 9  0.574130
5 10  0.576148
5 11  0.588497
5 12  0.582510
5 13  0.585661
5 14  0.586268
5 15  0.607223
5 16  0.562362
5 17  0.553515
5 18  0.560298
5 19  0.518241
5 20  0.282411
5 21  0.582511
5 22  0.587976
5 23  0.596553
5 24  0.595859
5 25  0.587389
5 26  0.586489
5 27  0.564178
5 28  0.557069
5 29  0.583338
5 30  0.566573
6 7  0.594939
6 8  0.587700
6 9  0.589400
6 10  0.577018
6 11  0.617111
6 12  0.611128
6 13  0.614226
6 14  0.614887
6 15  0.633044
6 16  0.591142
6 17  0.582125
6 18  0.576665
6 19  0.588178
6 20  0.593445
6 21  0.422044
6 22  0.616455
6 23  0.625069
6 24  0.622986
6 25  0.577855
6 26  0.614976
6 27  0.592784
6 28  0.576380
6 29  0.611709
6 30  0.595138
7 8  0.520716
7 9  0.597276
7 10  0.592701
7 11  0.597564
7 12  0.591482
7 13  0.594973
7 14  0.558875
7 15  0.617835
7 16  0.571870
7 17  0.557446
7 18  0.570170
7 19  0.570466
7 20  0.577359
7 21  0.593763
7 22  0.597262
7 23  0.565569
7 24  0.605436
7 25  0.598338
7 26  0.595488
7 27  0.305548
7 28  0.598074
7 29  0.592628
7 30  0.517937
8 9  0.590037
8 10  0.585464
8 11  0.589449
8 12  0.583675
8 13  0.587142
8 14  0.556202
8 15  0.610516
8 16  0.564848
8 17  0.553866
8 18  0.562842
8 19  0.563226
8 20  0.570125
8 21  0.586521
8 22  0.590381
8 23  0.552342
8 24  0.598054
8 25  0.591132
8 26  0.588290
8 27  0.518669
8 28  0.590849
8 29  0.584670
8 30  0.302816
9 10  0.586729
9 11  0.619453
9 12  0.613469
9 13  0.616489
9 14  0.617223
9 15  0.638013
9 16  0.593450
9 17  0.584385
9 18  0.585259
9 19  0.560623
9 20  0.577754
9 21  0.587312
9 22  0.618987
9 23  0.627411
9 24  0.623139
9 25  0.577496
9 26  0.617134
9 27  0.595136
9 28  0.471562
9 29  0.614112
9 30  0.597511
10 11  0.614717
10 12  0.608847
10 13  0.611264
10 14  0.612652
10 15  0.622710
10 16  0.586802
10 17  0.579636
10 18  0.580572
10 19  0.585122
10 20  0.589562
10 21  0.566469
10 22  0.614340
10 23  0.622866
10 24  0.607304
10 25  0.426990
10 26  0.612465
10 27  0.590564
10 28  0.586832
10 29  0.609711
10 30  0.592967
11 12  0.579902
11 13  0.587483
11 14  0.615822
11 15  0.637884
11 16  0.588815
11 17  0.559962
11 18  0.592313
11 19  0.592594
11 20  0.599377
11 21  0.615943
11 22  0.588325
11 23  0.622103
11 24  0.625926
11 25  0.620005
11 26  0.472085
11 27  0.595648
11 28  0.620061
11 29  0.568629
11 30  0.597912
12 13  0.583154
12 14  0.603702
12 15  0.629008
12 16  0.583963
12 17  0.578087
12 18  0.585733
12 19  0.586673
12 20  0.593501
12 21  0.609878
12 22  0.560210
12 23  0.618581
12 24  0.621397
12 25  0.614349
12 26  0.572744
12 27  0.589121
12 28  0.614051
12 29  0.464374
12 30  0.590654
13 14  0.612815
13 15  0.624804
13 16  0.577476
13 17  0.578371
13 18  0.587284
13 19  0.589587
13 20  0.596543
13 21  0.612976
13 22  0.511422
13 23  0.622196
13 24  0.606305
13 25  0.617341
13 26  0.561801
13 27  0.592930
13 28  0.617425
13 29  0.580883
13 30  0.594603
14 15  0.637316
14 16  0.591854
14 17  0.565218
14 18  0.589856
14 19  0.590421
14 20  0.597309
14 21  0.613671
14 22  0.614665
14 23  0.407362
14 24  0.625551
14 25  0.618270
14 26  0.615384
14 27  0.546349
14 28  0.617974
14 29  0.598987
14 30  0.556321
15 16  0.579158
15 17  0.604982
15 18  0.581497
15 19  0.612353
15 20  0.618434
15 21  0.631149
15 22  0.627558
15 23  0.647481
15 24  0.413256
15 25  0.632681
15 26  0.636014
15 27  0.615474
15 28  0.635657
15 29  0.631212
15 30  0.617532
16 17  0.558037
16 18  0.563777
16 19  0.566854
16 20  0.573634
16 21  0.589388
16 22  0.571588
16 23  0.602177
16 24  0.575152
16 25  0.592837
16 26  0.586351
16 27  0.570152
16 28  0.593639
16 29  0.585278
16 30  0.572542
17 18  0.557345
17 19  0.557668
17 20  0.564566
17 21  0.580955
17 22  0.579359
17 23  0.571617
17 24  0.591969
17 25  0.585563
17 26  0.565734
17 27  0.555785
17 28  0.585274
17 29  0.575105
17 30  0.559409
18 19  0.563173
18 20  0.570701
18 21  0.565133
18 22  0.589688
18 23  0.600299
18 24  0.573635
18 25  0.588839
18 26  0.589335
18 27  0.568022
18 28  0.589300
18 29  0.586138
18 30  0.570405
19 20  0.527350
19 21  0.580372
19 22  0.592214
19 23  0.600707
19 24  0.599166
19 25  0.582590
19 26  0.590615
19 27  0.568334
19 28  0.576294
19 29  0.587499
19 30  0.570732
20 21  0.589490
20 22  0.599122
20 23  0.607606
20 24  0.605966
20 25  0.591871
20 26  0.597513
20 27  0.575231
20 28  0.577115
20 29  0.594397
20 30  0.577629
21 22  0.615301
21 23  0.623996
21 24  0.621146
21 25  0.578220
21 26  0.613899
21 27  0.591624
21 28  0.590766
21 29  0.610775
21 30  0.594021
22 23  0.626755
22 24  0.620741
22 25  0.619944
22 26  0.589833
22 27  0.595081
22 28  0.619764
22 29  0.586504
22 30  0.597434
23 24  0.635299
23 25  0.628618
23 26  0.623458
23 27  0.570811
23 28  0.628322
23 29  0.613485
23 30  0.570135
24 25  0.614476
24 26  0.617038
24 27  0.603471
24 28  0.625259
24 29  0.617726
24 30  0.605817
25 26  0.618322
25 27  0.596241
25 28  0.595626
25 29  0.615292
25 30  0.598641
26 27  0.593782
26 28  0.618196
26 29  0.578856
26 30  0.596078
27 28  0.595947
27 29  0.587875
27 30  0.525343
28 29  0.615111
28 30  0.598345
29 30  0.589985
