  -1146.53206862
  -1146.89767197
0.00000545140055
2 2 2 2 2 2 2 2 2 2 2 2 2 2 2 0 0 0 0 0 0 0 0 0 0 0 0 0 0 0 
1  0.271618
2  0.276883
3  0.276060
4  0.290666
5  0.279113
6  0.308126
7  0.288476
8  0.281281
9  0.310355
10  0.306073
11  0.311559
12  0.305593
13  0.308927
14  0.308749
15  0.331902
16  0.286098
17  0.276312
18  0.283793
19  0.283266
20  0.290271
21  0.306880
22  0.311208
23  0.319079
24  0.319544
25  0.311761
26  0.309527
27  0.286301
28  0.311247
29  0.306558
30  0.288857
1 2  0.547329
1 3  0.545709
1 4  0.562251
1 5  0.550589
1 6  0.579438
1 7  0.560067
1 8  0.552883
1 9  0.581697
1 10  0.575763
1 11  0.576745
1 12  0.566654
1 13  0.570360
1 14  0.579820
1 15  0.575701
1 16  0.286508
1 17  0.547055
1 18  0.554846
1 19  0.554548
1 20  0.560969
1 21  0.578327
1 22  0.556128
1 23  0.590661
1 24  0.566002
1 25  0.580718
1 26  0.580164
1 27  0.557660
1 28  0.581819
1 29  0.576323
1 30  0.560269
2 3  0.552921
2 4  0.567543
2 5  0.555989
2 6  0.585003
2 7  0.559349
2 8  0.553769
2 9  0.587236
2 10  0.582938
2 11  0.566521
2 12  0.578436
2 13  0.583509
2 14  0.568270
2 15  0.608363
2 16  0.560160
2 17  0.265120
2 18  0.560633
2 19  0.560122
2 20  0.567045
2 21  0.583728
2 22  0.580989
2 23  0.568851
2 24  0.595840
2 25  0.588274
2 26  0.576225
2 27  0.560059
2 28  0.587942
2 29  0.576674
2 30  0.565018
3 4  0.565140
3 5  0.554083
3 6  0.566335
3 7  0.564518
3 8  0.557313
3 9  0.581739
3 10  0.577977
3 11  0.587445
3 12  0.581234
3 13  0.583245
3 14  0.584757
3 15  0.580532
3 16  0.561496
3 17  0.552094
3 18  0.276397
3 19  0.558637
3 20  0.566186
3 21  0.561980
3 22  0.585694
3 23  0.594408
3 24  0.572434
3 25  0.585708
3 26  0.584117
3 27  0.562273
3 28  0.581706
3 29  0.580709
3 30  0.564564
4 5  0.526350
4 6  0.590928
4 7  0.579141
4 8  0.571946
4 9  0.577080
4 10  0.592609
4 11  0.602213
4 12  0.596247
4 13  0.599578
4 14  0.599412
4 15  0.621946
4 16  0.576655
4 17  0.566974
4 18  0.572421
4 19  0.287659
4 20  0.527110
4 21  0.592894
4 22  0.601698
4 23  0.609696
4 24  0.609888
4 25  0.599991
4 26  0.600105
4 27  0.576955
4 28  0.578056
4 29  0.597060
4 30  0.579492
5 6  0.576318
5 7  0.567588
5 8  0.560393
5 9  0.575890
5 10  0.578113
5 11  0.590650
5 12  0.584687
5 13  0.588016
5 14  0.587860
5 15  0.609893
5 16  0.564719
5 17  0.555413
5 18  0.562587
5 19  0.519804
5 20  0.283999
5 21  0.584282
5 22  0.590189
5 23  0.598185
5 24  0.598409
5 25  0.589444
5 26  0.588639
5 27  0.565406
5 28  0.558933
5 29  0.585628
5 30  0.567956
6 7  0.596600
6 8  0.589404
6 9  0.591558
6 10  0.579454
6 11  0.619661
6 12  0.613704
6 13  0.616980
6 14  0.616872
6 15  0.636143
6 16  0.593983
6 17  0.584423
6 18  0.579206
6 19  0.590040
6 20  0.595385
6 21  0.424104
6 22  0.619091
6 23  0.627084
6 24  0.625934
6 25  0.580315
6 26  0.617516
6 27  0.594407
6 28  0.578542
6 29  0.614391
6 30  0.596909
7 8  0.521895
7 9  0.598829
7 10  0.594541
7 11  0.599506
7 12  0.593434
7 13  0.597113
7 14  0.560295
7 15  0.620355
7 16  0.574052
7 17  0.559145
7 18  0.572255
7 19  0.571730
7 20  0.578730
7 21  0.595356
7 22  0.599279
7 23  0.567040
7 24  0.607779
7 25  0.600189
7 26  0.597433
7 27  0.306620
7 28  0.599707
7 29  0.594703
7 30  0.519225
8 9  0.591633
8 10  0.587346
8 11  0.591407
8 12  0.585666
8 13  0.589298
8 14  0.557651
8 15  0.613072
8 16  0.567128
8 17  0.555593
8 18  0.564943
8 19  0.564531
8 20  0.571541
8 21  0.588154
8 22  0.592455
8 23  0.553847
8 24  0.600407
8 25  0.593023
8 26  0.590273
8 27  0.519819
8 28  0.592527
8 29  0.586805
8 30  0.304086
9 10  0.588905
9 11  0.621895
9 12  0.615935
9 13  0.619122
9 14  0.619100
9 15  0.641006
9 16  0.596186
9 17  0.586561
9 18  0.587838
9 19  0.562363
9 20  0.579615
9 21  0.589372
9 22  0.621514
9 23  0.629314
9 24  0.625967
9 25  0.579640
9 26  0.619533
9 27  0.596650
9 28  0.473795
9 29  0.616697
9 30  0.599177
10 11  0.617438
10 12  0.611600
10 13  0.614151
10 14  0.614816
10 15  0.625842
10 16  0.589840
10 17  0.582062
10 18  0.583444
10 19  0.587118
10 20  0.591699
10 21  0.568846
10 22  0.617145
10 23  0.625078
10 24  0.610417
10 25  0.429518
10 26  0.615182
10 27  0.592368
10 28  0.589114
10 29  0.612581
10 30  0.594929
11 12  0.582839
11 13  0.590391
11 14  0.618079
11 15  0.641245
11 16  0.591937
11 17  0.562469
11 18  0.595292
11 19  0.594759
11 20  0.601617
11 21  0.618427
11 22  0.591198
11 23  0.624396
11 24  0.629148
11 25  0.622704
11 26  0.474713
11 27  0.597563
11 28  0.622598
11 29  0.571679
11 30  0.599984
12 13  0.586179
12 14  0.605837
12 15  0.632362
12 16  0.587052
12 17  0.580682
12 18  0.588710
12 19  0.588857
12 20  0.595778
12 21  0.612380
12 22  0.562968
12 23  0.620877
12 24  0.624670
12 25  0.617120
12 26  0.575656
12 27  0.591025
12 28  0.616597
12 29  0.467158
12 30  0.592750
13 14  0.615235
13 15  0.628275
13 16  0.580812
13 17  0.581110
13 18  0.590486
13 19  0.591901
13 20  0.599008
13 21  0.615664
13 22  0.514650
13 23  0.624694
13 24  0.609721
13 25  0.620277
13 26  0.564673
13 27  0.595049
13 28  0.620153
13 29  0.583946
13 30  0.596868
14 15  0.640129
14 16  0.594421
14 17  0.567232
14 18  0.592226
14 19  0.592014
14 20  0.599008
14 21  0.615580
14 22  0.617001
14 23  0.409265
14 24  0.628238
14 25  0.620438
14 26  0.617638
14 27  0.547723
14 28  0.619919
14 29  0.601385
14 30  0.557846
15 16  0.582900
15 17  0.608143
15 18  0.585055
15 19  0.615082
15 20  0.621252
15 21  0.634188
15 22  0.630987
15 23  0.650364
15 24  0.417209
15 25  0.635936
15 26  0.639383
15 27  0.617954
15 28  0.638697
15 29  0.634727
15 30  0.620131
16 17  0.560853
16 18  0.566999
16 19  0.569307
16 20  0.576178
16 21  0.592138
16 22  0.574608
16 23  0.604785
16 24  0.578643
16 25  0.595827
16 26  0.589439
16 27  0.572365
16 28  0.596405
16 29  0.588459
16 30  0.574911
17 18  0.560066
17 19  0.559571
17 20  0.566577
17 21  0.583184
17 22  0.581936
17 23  0.573629
17 24  0.594928
17 25  0.588050
17 26  0.568034
17 27  0.557432
17 28  0.587542
17 29  0.577823
17 30  0.561208
18 19  0.565422
18 20  0.573079
18 21  0.567436
18 22  0.592702
18 23  0.602748
18 24  0.576968
18 25  0.591701
18 26  0.592265
18 27  0.570068
18 28  0.591919
18 29  0.589193
18 30  0.572607
19 20  0.529006
19 21  0.582135
19 22  0.594452
19 23  0.602342
19 24  0.601676
19 25  0.584502
19 26  0.592760
19 27  0.569566
19 28  0.578136
19 29  0.589790
19 30  0.572123
20 21  0.591328
20 22  0.601469
20 23  0.609349
20 24  0.608575
20 25  0.593982
20 26  0.599770
20 27  0.576570
20 28  0.578981
20 29  0.596796
20 30  0.579128
21 22  0.617851
21 23  0.625955
21 24  0.624027
21 25  0.580688
21 26  0.616370
21 27  0.593179
21 28  0.592861
21 29  0.613390
21 30  0.595734
22 23  0.629118
22 24  0.624034
22 25  0.622755
22 26  0.592798
22 27  0.597052
22 28  0.622360
22 29  0.589422
22 30  0.599559
23 24  0.638008
23 25  0.630834
23 26  0.625734
23 27  0.572276
23 28  0.630322
23 29  0.615797
23 30  0.571661
24 25  0.617432
24 26  0.620101
24 27  0.605800
24 28  0.628148
24 29  0.621008
24 30  0.608305
25 26  0.621046
25 27  0.598053
25 28  0.597932
25 29  0.618164
25 30  0.600611
26 27  0.595686
26 28  0.620712
26 29  0.581829
26 30  0.598132
27 28  0.597544
27 29  0.589849
27 30  0.526556
28 29  0.617771
28 30  0.600100
29 30  0.592128
