  -1146.53206862
  -1146.89782875
0.00000003757057
2 2 2 2 2 2 2 2 2 2 2 2 2 2 2 0 0 0 0 0 0 0 0 0 0 0 0 0 0 0 
1  0.272234
2  0.277327
3  0.276646
4  0.290942
5  0.279374
6  0.308525
7  0.288673
8  0.281509
9  0.310716
10  0.306540
11  0.312088
12  0.306125
13  0.309535
14  0.309066
15  0.332673
16  0.286754
17  0.276748
18  0.284389
19  0.283529
20  0.290573
21  0.307258
22  0.311759
23  0.319427
24  0.320235
25  0.312233
26  0.310053
27  0.286499
28  0.311636
29  0.307134
30  0.289117
1 2  0.548368
1 3  0.546906
1 4  0.563142
1 5  0.551457
1 6  0.580447
1 7  0.560880
1 8  0.553725
1 9  0.582667
1 10  0.576826
1 11  0.577856
1 12  0.567713
1 13  0.571573
1 14  0.580736
1 15  0.577048
1 16  0.287705
1 17  0.548101
1 18  0.556048
1 19  0.555420
1 20  0.561854
1 21  0.579318
1 22  0.557274
1 23  0.591623
1 24  0.567310
1 25  0.581816
1 26  0.581303
1 27  0.558448
1 28  0.582826
1 29  0.577496
1 30  0.561143
2 3  0.553950
2 4  0.568262
2 5  0.556694
2 6  0.585845
2 7  0.559983
2 8  0.554431
2 9  0.588041
2 10  0.583848
2 11  0.567386
2 12  0.579400
2 13  0.584544
2 14  0.569023
2 15  0.609564
2 16  0.561258
2 17  0.265955
2 18  0.561671
2 19  0.560825
2 20  0.567778
2 21  0.584553
2 22  0.581974
2 23  0.569655
2 24  0.596974
2 25  0.589171
2 26  0.577163
2 27  0.560704
2 28  0.588757
2 29  0.577693
2 30  0.565718
3 4  0.565986
3 5  0.554910
3 6  0.567202
3 7  0.565298
3 8  0.558121
3 9  0.582668
3 10  0.579026
3 11  0.588558
3 12  0.582347
3 13  0.584416
3 14  0.585659
3 15  0.581830
3 16  0.562731
3 17  0.553109
3 18  0.277496
3 19  0.559485
3 20  0.567072
3 21  0.562900
3 22  0.586831
3 23  0.595324
3 24  0.573707
3 25  0.586763
3 26  0.585235
3 27  0.563062
3 28  0.582677
3 29  0.581862
3 30  0.565403
4 5  0.526920
4 6  0.591591
4 7  0.579614
4 8  0.572450
4 9  0.577690
4 10  0.593331
4 11  0.603016
4 12  0.597054
4 13  0.600460
4 14  0.600005
4 15  0.622979
4 16  0.577581
4 17  0.567686
4 18  0.573290
4 19  0.288220
4 20  0.527738
4 21  0.593544
4 22  0.602518
4 23  0.610316
4 24  0.610851
4 25  0.600729
4 26  0.600903
4 27  0.577424
4 28  0.578724
4 29  0.597904
4 30  0.580013
5 6  0.576954
5 7  0.568046
5 8  0.560882
5 9  0.576514
5 10  0.578818
5 11  0.591437
5 12  0.585477
5 13  0.588882
5 14  0.588438
5 15  0.610901
5 16  0.565609
5 17  0.556105
5 18  0.563442
5 19  0.520365
5 20  0.284584
5 21  0.584911
5 22  0.590987
5 23  0.598797
5 24  0.599356
5 25  0.590176
5 26  0.589426
5 27  0.565860
5 28  0.559596
5 29  0.586468
5 30  0.568470
6 7  0.597195
6 8  0.590030
6 9  0.592325
6 10  0.580340
6 11  0.620586
6 12  0.614635
6 13  0.617985
6 14  0.617589
6 15  0.637297
6 16  0.595036
6 17  0.585258
6 18  0.580141
6 19  0.590698
6 20  0.596077
6 21  0.424837
6 22  0.620052
6 23  0.627831
6 24  0.627014
6 25  0.581201
6 26  0.618441
6 27  0.595002
6 28  0.579320
6 29  0.615358
6 30  0.597563
7 8  0.522349
7 9  0.599387
7 10  0.595206
7 11  0.600230
7 12  0.594152
7 13  0.597915
7 14  0.560830
7 15  0.621319
7 16  0.574880
7 17  0.559779
7 18  0.573046
7 19  0.572188
7 20  0.579225
7 21  0.595931
7 22  0.600022
7 23  0.567606
7 24  0.608662
7 25  0.600864
7 26  0.598161
7 27  0.307033
7 28  0.600296
7 29  0.595470
7 30  0.519722
8 9  0.592221
8 10  0.588041
8 11  0.592152
8 12  0.586419
8 13  0.590120
8 14  0.558208
8 15  0.614069
8 16  0.568011
8 17  0.556252
8 18  0.565745
8 19  0.565014
8 20  0.572065
8 21  0.588755
8 22  0.593233
8 23  0.554439
8 24  0.601314
8 25  0.593721
8 26  0.591024
8 27  0.520278
8 28  0.593145
8 29  0.587612
8 30  0.304595
9 10  0.589688
9 11  0.622783
9 12  0.616827
9 13  0.620085
9 14  0.619777
9 15  0.642121
9 16  0.597197
9 17  0.587356
9 18  0.588791
9 19  0.562990
9 20  0.580280
9 21  0.590108
9 22  0.622427
9 23  0.630008
9 24  0.627012
9 25  0.580428
9 26  0.620401
9 27  0.597208
9 28  0.474596
9 29  0.617640
9 30  0.599795
10 11  0.618430
10 12  0.612597
10 13  0.615201
10 14  0.615599
10 15  0.627016
10 16  0.590977
10 17  0.582941
10 18  0.584508
10 19  0.587834
10 20  0.592463
10 21  0.569707
10 22  0.618163
10 23  0.625898
10 24  0.611553
10 25  0.430426
10 26  0.616173
10 27  0.593034
10 28  0.589937
10 29  0.613624
10 30  0.595657
11 12  0.583930
11 13  0.591477
11 14  0.618915
11 15  0.642520
11 16  0.593109
11 17  0.563393
11 18  0.596415
11 19  0.595554
11 20  0.602440
11 21  0.619334
11 22  0.592261
11 23  0.625258
11 24  0.630353
11 25  0.623679
11 26  0.475678
11 27  0.598289
11 28  0.623522
11 29  0.572810
11 30  0.600771
12 13  0.587306
12 14  0.606623
12 15  0.633634
12 16  0.588207
12 17  0.581642
12 18  0.589831
12 19  0.589652
12 20  0.596607
12 21  0.613290
12 22  0.563987
12 23  0.621736
12 24  0.625886
12 25  0.618132
12 26  0.576738
12 27  0.591741
12 28  0.617520
12 29  0.468190
12 30  0.593547
13 14  0.616137
13 15  0.629586
13 16  0.582069
13 17  0.582137
13 18  0.591700
13 19  0.592746
13 20  0.599919
13 21  0.616652
13 22  0.515847
13 23  0.625635
13 24  0.610991
13 25  0.621352
13 26  0.565746
13 27  0.595854
13 28  0.621149
13 29  0.585077
13 30  0.597729
14 15  0.641207
14 16  0.595391
14 17  0.567985
14 18  0.593130
14 19  0.592593
14 20  0.599626
14 21  0.616269
14 22  0.617862
14 23  0.409992
14 24  0.629246
14 25  0.621224
14 26  0.618474
14 27  0.548255
14 28  0.620621
14 29  0.602270
14 30  0.558433
15 16  0.584339
15 17  0.609347
15 18  0.586418
15 19  0.616114
15 20  0.622322
15 21  0.635325
15 22  0.632274
15 23  0.651485
15 24  0.418731
15 25  0.637153
15 26  0.640661
15 27  0.618921
15 28  0.639838
15 29  0.636053
15 30  0.621141
16 17  0.561918
16 18  0.568231
16 19  0.570222
16 20  0.577126
16 21  0.593159
16 22  0.575740
16 23  0.605784
16 24  0.579963
16 25  0.596936
16 26  0.590600
16 27  0.573218
16 28  0.597433
16 29  0.589654
16 30  0.575826
17 18  0.561095
17 19  0.560265
17 20  0.567313
17 21  0.583995
17 22  0.582897
17 23  0.574401
17 24  0.596029
17 25  0.588955
17 26  0.568892
17 27  0.558062
17 28  0.588365
17 29  0.578830
17 30  0.561900
18 19  0.566267
18 20  0.573966
18 21  0.568299
18 22  0.593831
18 23  0.603692
18 24  0.578226
18 25  0.592763
18 26  0.593372
18 27  0.570854
18 28  0.592885
18 29  0.590342
18 30  0.573457
19 20  0.529605
19 21  0.582764
19 22  0.595265
19 23  0.602953
19 24  0.602608
19 25  0.585190
19 26  0.593546
19 27  0.570026
19 28  0.578789
19 29  0.590624
19 30  0.572645
20 21  0.591989
20 22  0.602321
20 23  0.609998
20 24  0.609546
20 25  0.594736
20 26  0.600593
20 27  0.577070
20 28  0.579646
20 29  0.597669
20 30  0.579689
21 22  0.618774
21 23  0.626681
21 24  0.625087
21 25  0.581572
21 26  0.617272
21 27  0.593754
21 28  0.593612
21 29  0.614343
21 30  0.596371
22 23  0.629999
22 24  0.625248
22 25  0.623774
22 26  0.593897
22 27  0.597793
22 28  0.623297
22 29  0.590491
22 30  0.600362
23 24  0.639035
23 25  0.631653
23 26  0.626596
23 27  0.572853
23 28  0.631059
23 29  0.616666
23 30  0.572265
24 25  0.618516
24 26  0.621250
24 27  0.606683
24 28  0.629201
24 29  0.622234
24 30  0.609255
25 26  0.622043
25 27  0.598723
25 28  0.598763
25 29  0.619209
25 30  0.601342
26 27  0.596408
26 28  0.621626
26 29  0.582939
26 30  0.598913
27 28  0.598131
27 29  0.590596
27 30  0.527039
28 29  0.618736
28 30  0.600749
29 30  0.592946
