  -1146.51830547
  -1146.87987098
0.00042263565000
2 2 2 2 2 2 2 2 2 2 2 2 2 2 2 0 0 0 0 0 0 0 0 0 0 0 0 0 0 0 
1  0.270729
2  0.287915
3  0.298647
4  0.256333
5  0.253847
6  0.306569
7  0.328856
8  0.313932
9  0.279589
10  0.254658
11  0.275895
12  0.251803
13  0.322763
14  0.313885
15  0.308700
16  0.278090
17  0.293918
18  0.303747
19  0.314321
20  0.327685
21  0.281678
22  0.309230
23  0.258511
24  0.309357
25  0.255292
26  0.254168
27  0.325678
28  0.277541
29  0.315590
30  0.258120
1 2  0.558437
1 3  0.569080
1 4  0.526927
1 5  0.524247
1 6  0.550246
1 7  0.597640
1 8  0.563991
1 9  0.549634
1 10  0.525225
1 11  0.545181
1 12  0.522402
1 13  0.591833
1 14  0.581393
1 15  0.576941
1 16  0.259099
1 17  0.564575
1 18  0.574033
1 19  0.570230
1 20  0.597837
1 21  0.552163
1 22  0.551246
1 23  0.529052
1 24  0.575442
1 25  0.524716
1 26  0.524688
1 27  0.594932
1 28  0.545152
1 29  0.582377
1 30  0.528827
2 3  0.542050
2 4  0.544246
2 5  0.541762
2 6  0.594269
2 7  0.595219
2 8  0.599797
2 9  0.567494
2 10  0.542571
2 11  0.563808
2 12  0.539717
2 13  0.605149
2 14  0.599801
2 15  0.592685
2 16  0.565944
2 17  0.283128
2 18  0.547338
2 19  0.601972
2 20  0.602288
2 21  0.569475
2 22  0.596998
2 23  0.546421
2 24  0.590969
2 25  0.543205
2 26  0.542080
2 27  0.605761
2 28  0.565391
2 29  0.602291
2 30  0.546002
3 4  0.554979
3 5  0.552493
3 6  0.605095
3 7  0.619451
3 8  0.610617
3 9  0.578233
3 10  0.553305
3 11  0.574541
3 12  0.550450
3 13  0.595336
3 14  0.611390
3 15  0.605142
3 16  0.576291
3 17  0.547299
3 18  0.291914
3 19  0.612403
3 20  0.621571
3 21  0.580280
3 22  0.607856
3 23  0.557158
3 24  0.601386
3 25  0.553930
3 26  0.552816
3 27  0.599947
3 28  0.576117
3 29  0.613805
3 30  0.556758
4 5  0.509988
4 6  0.561242
4 7  0.585179
4 8  0.570231
4 9  0.507644
4 10  0.467576
4 11  0.530151
4 12  0.507642
4 13  0.579093
4 14  0.570146
4 15  0.565031
4 16  0.534199
4 17  0.550247
4 18  0.560079
4 19  0.570643
4 20  0.584016
4 21  0.501540
4 22  0.565302
4 23  0.244820
4 24  0.565603
4 25  0.511268
4 26  0.509129
4 27  0.582003
4 28  0.532553
4 29  0.571819
4 30  0.465070
5 6  0.557533
5 7  0.582696
5 8  0.567746
5 9  0.531928
5 10  0.508385
5 11  0.499601
5 12  0.463152
5 13  0.576606
5 14  0.567618
5 15  0.562532
5 16  0.530563
5 17  0.547765
5 18  0.557584
5 19  0.568036
5 20  0.581523
5 21  0.535402
5 22  0.561052
5 23  0.511936
5 24  0.563034
5 25  0.250081
5 26  0.460859
5 27  0.579480
5 28  0.492594
5 29  0.569345
5 30  0.511464
6 7  0.634174
6 8  0.616101
6 9  0.575217
6 10  0.558265
6 11  0.572577
6 12  0.556936
6 13  0.628760
6 14  0.606065
6 15  0.614341
6 16  0.556217
6 17  0.600335
6 18  0.610301
6 19  0.617973
6 20  0.634061
6 21  0.572046
6 22  0.359091
6 23  0.564735
6 24  0.611689
6 25  0.560002
6 26  0.560416
6 27  0.631924
6 28  0.567145
6 29  0.608365
6 30  0.562409
7 8  0.627276
7 9  0.608393
7 10  0.583497
7 11  0.604746
7 12  0.580652
7 13  0.612471
7 14  0.633842
7 15  0.618597
7 16  0.606309
7 17  0.609849
7 18  0.627369
7 19  0.639201
7 20  0.406317
7 21  0.610365
7 22  0.637870
7 23  0.587365
7 24  0.613966
7 25  0.584137
7 26  0.583020
7 27  0.614806
7 28  0.606260
7 29  0.640951
7 30  0.586929
8 9  0.593408
8 10  0.568546
8 11  0.589723
8 12  0.565716
8 13  0.628399
8 14  0.590850
8 15  0.608931
8 16  0.576747
8 17  0.607553
8 18  0.617066
8 19  0.379118
8 20  0.637708
8 21  0.595520
8 22  0.619826
8 23  0.572433
8 24  0.604480
8 25  0.569102
8 26  0.568094
8 27  0.635959
8 28  0.591082
8 29  0.593165
8 30  0.572044
9 10  0.503951
9 11  0.548522
9 12  0.529419
9 13  0.602341
9 14  0.592608
9 15  0.588229
9 16  0.557260
9 17  0.573364
9 18  0.583258
9 19  0.593801
9 20  0.607042
9 21  0.335410
9 22  0.571368
9 23  0.500478
9 24  0.588739
9 25  0.534754
9 26  0.532361
9 27  0.605191
9 28  0.544266
9 29  0.593542
9 30  0.498971
10 11  0.529293
10 12  0.506238
10 13  0.577416
10 14  0.568347
10 15  0.563354
10 16  0.532723
10 17  0.548547
10 18  0.558397
10 19  0.568978
10 20  0.582305
10 21  0.496595
10 22  0.561913
10 23  0.465641
10 24  0.563856
10 25  0.509489
10 26  0.508445
10 27  0.580334
10 28  0.532039
10 29  0.569553
10 30  0.251475
11 12  0.501504
11 13  0.598649
11 14  0.589486
11 15  0.584539
11 16  0.550333
11 17  0.569759
11 18  0.579562
11 19  0.589805
11 20  0.603443
11 21  0.544185
11 22  0.568560
11 23  0.533233
11 24  0.585112
11 25  0.493192
11 26  0.493844
11 27  0.601399
11 28  0.329086
11 29  0.591399
11 30  0.533847
12 13  0.574563
12 14  0.565586
12 15  0.560496
12 16  0.529739
12 17  0.545716
12 18  0.555550
12 19  0.566106
12 20  0.579484
12 21  0.531964
12 22  0.560725
12 23  0.508854
12 24  0.561061
12 25  0.458251
12 26  0.238176
12 27  0.577479
12 28  0.494318
12 29  0.567198
12 30  0.509556
13 14  0.631855
13 15  0.609205
13 16  0.599314
13 17  0.607533
13 18  0.600124
13 19  0.633826
13 20  0.611128
13 21  0.604415
13 22  0.631570
13 23  0.581271
13 24  0.604340
13 25  0.578024
13 26  0.576929
13 27  0.411275
13 28  0.600160
13 29  0.635306
13 30  0.580880
14 15  0.600935
14 16  0.587203
14 17  0.606626
14 18  0.617134
14 19  0.590513
14 20  0.638373
14 21  0.593951
14 22  0.609430
14 23  0.572268
14 24  0.597267
14 25  0.569129
14 26  0.567790
14 27  0.636452
14 28  0.591263
14 29  0.382190
14 30  0.571267
15 16  0.582378
15 17  0.596806
15 18  0.605828
15 19  0.605547
15 20  0.614027
15 21  0.590134
15 22  0.613775
15 23  0.567159
15 24  0.424944
15 25  0.563922
15 26  0.562794
15 27  0.605486
15 28  0.586192
15 29  0.597232
15 30  0.566697
16 17  0.571727
16 18  0.581455
16 19  0.569147
16 20  0.603580
16 21  0.558729
16 22  0.558667
16 23  0.536500
16 24  0.584572
16 25  0.532973
16 26  0.532083
16 27  0.601784
16 28  0.553979
16 29  0.590227
16 30  0.536024
17 18  0.550803
17 19  0.605863
17 20  0.597600
17 21  0.575579
17 22  0.602870
17 23  0.552427
17 24  0.598961
17 25  0.549210
17 26  0.548086
17 27  0.613984
17 28  0.571457
17 29  0.607282
17 30  0.552034
18 19  0.615864
18 20  0.623829
18 21  0.585419
18 22  0.612808
18 23  0.562257
18 24  0.610454
18 25  0.559038
18 26  0.557914
18 27  0.602142
18 28  0.581286
18 29  0.617968
18 30  0.561865
19 20  0.626420
19 21  0.595858
19 22  0.619361
19 23  0.572806
19 24  0.609958
19 25  0.569595
19 26  0.568477
19 27  0.631236
19 28  0.591797
19 29  0.591174
19 30  0.572394
20 21  0.609293
20 22  0.635549
20 23  0.586186
20 24  0.618184
20 25  0.582974
20 26  0.581848
20 27  0.611877
20 28  0.605224
20 29  0.634389
20 30  0.585784
21 22  0.579351
21 23  0.512300
21 24  0.590927
21 25  0.534940
21 26  0.533431
21 27  0.607336
21 28  0.551398
21 29  0.596021
21 30  0.509262
22 23  0.565247
22 24  0.617445
22 25  0.561548
22 26  0.561580
22 27  0.634127
22 28  0.576825
22 29  0.610014
22 30  0.563833
23 24  0.567862
23 25  0.513568
23 26  0.512151
23 27  0.584185
23 28  0.533648
23 29  0.573978
23 30  0.472110
24 25  0.564633
24 26  0.563517
24 27  0.614041
24 28  0.586804
24 29  0.604424
24 30  0.567469
25 26  0.465552
25 27  0.580966
25 28  0.503477
25 29  0.570792
25 30  0.513332
26 27  0.579843
26 28  0.505437
26 29  0.569666
26 30  0.512042
27 28  0.603209
27 29  0.635705
27 30  0.583789
28 29  0.592508
28 30  0.534005
29 30  0.573469
