  -1146.51830547
  -1146.88404719
0.00024270876000
2 2 2 2 2 2 2 2 2 2 2 2 2 2 2 0 0 0 0 0 0 0 0 0 0 0 0 0 0 0 
1  0.276543
2  0.291517
3  0.301942
4  0.268620
5  0.268481
6  0.316737
7  0.334471
8  0.320512
9  0.292608
10  0.267757
11  0.291071
12  0.267422
13  0.327933
14  0.320765
15  0.314321
16  0.284446
17  0.297542
18  0.307221
19  0.320740
20  0.333164
21  0.294297
22  0.319090
23  0.271043
24  0.314878
25  0.270147
26  0.269715
27  0.330794
28  0.292414
29  0.322545
30  0.271532
1 2  0.567781
1 3  0.578087
1 4  0.545016
1 5  0.544573
1 6  0.565957
1 7  0.608760
1 8  0.575049
1 9  0.568438
1 10  0.544108
1 11  0.565980
1 12  0.543806
1 13  0.602545
1 14  0.594026
1 15  0.588180
1 16  0.270236
1 17  0.574011
1 18  0.583225
1 19  0.582039
1 20  0.609078
1 21  0.570578
1 22  0.567169
1 23  0.547379
1 24  0.586821
1 25  0.545275
1 26  0.546016
1 27  0.605825
1 28  0.565887
1 29  0.595194
1 30  0.548040
2 3  0.549177
2 4  0.560133
2 5  0.559994
2 6  0.607955
2 7  0.603194
2 8  0.609648
2 9  0.584112
2 10  0.559268
2 11  0.582585
2 12  0.558936
2 13  0.613845
2 14  0.610006
2 15  0.601686
2 16  0.575905
2 17  0.289886
2 18  0.554770
2 19  0.611943
2 20  0.610950
2 21  0.585659
2 22  0.610404
2 23  0.562553
2 24  0.600070
2 25  0.561659
2 26  0.561227
2 27  0.614565
2 28  0.583856
2 29  0.612739
2 30  0.563003
3 4  0.570560
3 5  0.570420
3 6  0.618502
3 7  0.628163
3 8  0.620181
3 9  0.594547
3 10  0.569697
3 11  0.593011
3 12  0.569362
3 13  0.603024
3 14  0.621353
3 15  0.613958
3 16  0.585826
3 17  0.554582
3 18  0.298359
3 19  0.622074
3 20  0.630389
3 21  0.596176
3 22  0.621004
3 23  0.572984
3 24  0.610118
3 25  0.572069
3 26  0.571657
3 27  0.608190
3 28  0.594262
3 29  0.623971
3 30  0.573462
4 5  0.536930
4 6  0.583299
4 7  0.603075
4 8  0.589094
4 9  0.530923
4 10  0.490260
4 11  0.557346
4 12  0.535622
4 13  0.596547
4 14  0.589276
4 15  0.582936
4 16  0.552792
4 17  0.566158
4 18  0.575840
4 19  0.589333
4 20  0.601783
4 21  0.523898
4 22  0.587347
4 23  0.265096
4 24  0.583422
4 25  0.538471
4 26  0.537188
4 27  0.599405
4 28  0.559579
4 29  0.591040
4 30  0.488075
5 6  0.581649
5 7  0.602932
5 8  0.588945
5 9  0.559403
5 10  0.536097
5 11  0.527504
5 12  0.490205
5 13  0.596401
5 14  0.589113
5 15  0.582784
5 16  0.551514
5 17  0.566022
5 18  0.575684
5 19  0.589063
5 20  0.601636
5 21  0.562565
5 22  0.585477
5 23  0.539150
5 24  0.583168
5 25  0.269857
5 26  0.487960
5 27  0.599210
5 28  0.520133
5 29  0.590941
5 30  0.539560
6 7  0.649731
6 8  0.632660
6 9  0.597893
6 10  0.580871
6 11  0.597454
6 12  0.582390
6 13  0.643929
6 14  0.622214
6 15  0.630047
6 16  0.572884
6 17  0.614069
6 18  0.623935
6 19  0.634553
6 20  0.649675
6 21  0.594944
6 22  0.377679
6 23  0.587347
6 24  0.627289
6 25  0.584778
6 26  0.586036
6 27  0.647155
6 28  0.592396
6 29  0.625397
6 30  0.585884
7 8  0.638315
7 9  0.627025
7 10  0.602199
7 11  0.625532
7 12  0.601875
7 13  0.623307
7 14  0.645828
7 15  0.629860
7 16  0.618217
7 17  0.618535
7 18  0.636484
7 19  0.650868
7 20  0.416724
7 21  0.628555
7 22  0.653324
7 23  0.605508
7 24  0.625025
7 25  0.604597
7 26  0.604179
7 27  0.625657
7 28  0.626701
7 29  0.653421
7 30  0.605938
8 9  0.612998
8 10  0.588213
8 11  0.611476
8 12  0.587903
8 13  0.639552
8 14  0.604420
8 15  0.621013
8 16  0.589178
8 17  0.617709
8 18  0.627032
8 19  0.391088
8 20  0.649381
8 21  0.614702
8 22  0.636220
8 23  0.591539
8 24  0.616584
8 25  0.590498
8 26  0.590222
8 27  0.647539
8 28  0.612533
8 29  0.606888
8 30  0.592037
9 10  0.528051
9 11  0.576268
9 12  0.557669
9 13  0.620530
9 14  0.612369
9 15  0.606839
9 16  0.576611
9 17  0.589959
9 18  0.599723
9 19  0.613207
9 20  0.625504
9 21  0.358252
9 22  0.594424
9 23  0.523310
9 24  0.607267
9 25  0.562531
9 26  0.560797
9 27  0.623328
9 28  0.572044
9 29  0.613524
9 30  0.523107
10 11  0.557448
10 12  0.535018
10 13  0.595678
10 14  0.588263
10 15  0.582069
10 16  0.552171
10 17  0.565250
10 18  0.574963
10 19  0.588493
10 20  0.600860
10 21  0.520274
10 22  0.584769
10 23  0.488746
10 24  0.582456
10 25  0.537478
10 26  0.537178
10 27  0.598548
10 28  0.559882
10 29  0.589575
10 30  0.270513
11 12  0.528581
11 13  0.618987
11 14  0.611493
11 15  0.605320
11 16  0.571840
11 17  0.588553
11 18  0.598173
11 19  0.611410
11 20  0.624075
11 21  0.571881
11 22  0.593752
11 23  0.560756
11 24  0.605822
11 25  0.520638
11 26  0.520559
11 27  0.621641
11 28  0.354286
11 29  0.613512
11 30  0.562317
12 13  0.595346
12 14  0.588046
12 15  0.581734
12 16  0.551692
12 17  0.564954
12 18  0.574643
12 19  0.588145
12 20  0.600575
12 21  0.560102
12 22  0.586112
12 23  0.537256
12 24  0.582189
12 25  0.486129
12 26  0.262217
12 27  0.598213
12 28  0.520498
12 29  0.589708
12 30  0.538693
13 14  0.643591
13 15  0.619205
13 16  0.610775
13 17  0.616401
13 18  0.608590
13 19  0.645316
13 20  0.621891
13 21  0.622201
13 22  0.646559
13 23  0.598972
13 24  0.614582
13 25  0.598026
13 26  0.597644
13 27  0.421081
13 28  0.620192
13 29  0.647308
13 30  0.599463
14 15  0.612602
14 16  0.600479
14 17  0.617079
14 18  0.627403
14 19  0.603932
14 20  0.650625
14 21  0.613467
14 22  0.626057
14 23  0.591653
14 24  0.609185
14 25  0.590866
14 26  0.590186
14 27  0.648311
14 28  0.612992
14 29  0.395267
14 30  0.591522
15 16  0.594376
15 17  0.606075
15 18  0.614767
15 19  0.617498
15 20  0.625101
15 21  0.608350
15 22  0.629193
15 23  0.585305
15 24  0.435578
15 25  0.584376
15 26  0.583960
15 27  0.615750
15 28  0.606683
15 29  0.609261
15 30  0.585695
16 17  0.581613
16 18  0.591169
16 19  0.580552
16 20  0.615070
16 21  0.577644
16 22  0.574538
16 23  0.555374
16 24  0.596279
16 25  0.554080
16 26  0.553930
16 27  0.612972
16 28  0.575071
16 29  0.603490
16 30  0.555753
17 18  0.558210
17 19  0.615600
17 20  0.605539
17 21  0.591817
17 22  0.616257
17 23  0.568580
17 24  0.607863
17 25  0.567687
17 26  0.567255
17 27  0.622655
17 28  0.589953
17 29  0.617552
17 30  0.569066
18 19  0.625464
18 20  0.632605
18 21  0.601512
18 22  0.626092
18 23  0.578261
18 24  0.619252
18 25  0.577367
18 26  0.576934
18 27  0.609825
18 28  0.599633
18 29  0.628170
18 30  0.578749
19 20  0.637189
19 21  0.614894
19 22  0.635477
19 23  0.591749
19 24  0.621868
19 25  0.590859
19 26  0.590443
19 27  0.642198
19 28  0.613076
19 29  0.604563
19 30  0.592213
20 21  0.627380
20 22  0.650662
20 23  0.604186
20 24  0.629060
20 25  0.603301
20 26  0.602868
20 27  0.622539
20 28  0.625572
20 29  0.646289
20 30  0.604656
21 22  0.601285
21 23  0.535365
21 24  0.609041
21 25  0.562189
21 26  0.561138
21 27  0.625068
21 28  0.578362
21 29  0.615428
21 30  0.533398
22 23  0.587143
22 24  0.632724
22 25  0.585574
22 26  0.586527
22 27  0.648971
22 28  0.601308
22 29  0.626067
22 30  0.586365
23 24  0.585912
23 25  0.540979
23 26  0.540303
23 27  0.601828
23 28  0.560682
23 29  0.593425
23 30  0.495554
24 25  0.585012
24 26  0.584585
24 27  0.624067
24 28  0.607183
24 29  0.616075
24 30  0.586396
25 26  0.493452
25 27  0.600934
25 28  0.530872
25 29  0.592590
25 30  0.541592
26 27  0.600502
26 28  0.532092
26 29  0.592174
26 30  0.541055
27 28  0.623196
27 29  0.647319
27 30  0.602307
28 29  0.614259
28 30  0.562153
29 30  0.593730
