  -1146.51830547
  -1146.88584448
0.00010023658000
2 2 2 2 2 2 2 2 2 2 2 2 2 2 2 0 0 0 0 0 0 0 0 0 0 0 0 0 0 0 
1  0.279037
2  0.292586
3  0.303008
4  0.275349
5  0.274298
6  0.322056
7  0.336025
8  0.322496
9  0.300045
10  0.274183
11  0.297892
12  0.273538
13  0.329425
14  0.323253
15  0.316011
16  0.287109
17  0.298663
18  0.308332
19  0.322711
20  0.334708
21  0.301515
22  0.324221
23  0.278074
24  0.316598
25  0.276075
26  0.276098
27  0.332291
28  0.298851
29  0.325045
30  0.278097
1 2  0.571302
1 3  0.581577
1 4  0.554212
1 5  0.552819
1 6  0.573633
1 7  0.612687
1 8  0.579097
1 9  0.578354
1 10  0.553006
1 11  0.575199
1 12  0.552372
1 13  0.606432
1 14  0.599003
1 15  0.592321
1 16  0.275122
1 17  0.577626
1 18  0.586770
1 19  0.586420
1 20  0.613101
1 21  0.580275
1 22  0.574905
1 23  0.556852
1 24  0.591071
1 25  0.553603
1 26  0.554890
1 27  0.609777
1 28  0.574855
1 29  0.600194
1 30  0.557089
2 3  0.551382
2 4  0.567929
2 5  0.566880
2 6  0.614283
2 7  0.605518
2 8  0.612619
2 9  0.592615
2 10  0.566761
2 11  0.590474
2 12  0.566119
2 13  0.616397
2 14  0.613461
2 15  0.604391
2 16  0.579633
2 17  0.292046
2 18  0.557077
2 19  0.614967
2 20  0.613511
2 21  0.593903
2 22  0.616587
2 23  0.570651
2 24  0.602875
2 25  0.568654
2 26  0.568678
2 27  0.617147
2 28  0.591348
2 29  0.616266
2 30  0.570614
3 4  0.578355
3 5  0.577302
3 6  0.624849
3 7  0.630777
3 8  0.623142
3 9  0.603049
3 10  0.577188
3 11  0.600897
3 12  0.576542
3 13  0.605418
3 14  0.624832
3 15  0.616672
3 16  0.589513
3 17  0.556895
3 18  0.300528
3 19  0.625072
3 20  0.633007
3 21  0.604445
3 22  0.627194
3 23  0.581080
3 24  0.612899
3 25  0.579055
3 26  0.579106
3 27  0.610747
3 28  0.601734
3 29  0.627507
3 30  0.581085
4 5  0.549456
4 6  0.595020
4 7  0.611350
4 8  0.597799
4 9  0.543196
4 10  0.502881
4 11  0.570624
4 12  0.548410
4 13  0.604767
4 14  0.598469
4 15  0.591353
4 16  0.562140
4 17  0.574008
4 18  0.583681
4 19  0.598022
4 20  0.610056
4 21  0.536199
4 22  0.599137
4 23  0.277391
4 24  0.591864
4 25  0.551127
4 26  0.550360
4 27  0.607629
4 28  0.572700
4 29  0.600268
4 30  0.500655
5 6  0.592437
5 7  0.610297
5 8  0.596734
5 9  0.572550
5 10  0.548321
5 11  0.539246
5 12  0.501586
5 13  0.603705
5 14  0.597398
5 15  0.590289
5 16  0.559930
5 17  0.572960
5 18  0.582606
5 19  0.596843
5 20  0.608996
5 21  0.575538
5 22  0.596420
5 23  0.552005
5 24  0.590679
5 25  0.278763
5 26  0.499298
5 27  0.606507
5 28  0.531452
5 29  0.599242
5 30  0.551949
6 7  0.656520
6 8  0.639903
6 9  0.610403
6 10  0.592198
6 11  0.609312
6 12  0.593511
6 13  0.650670
6 14  0.629696
6 15  0.637025
6 16  0.580933
6 17  0.620486
6 18  0.630359
6 19  0.641833
6 20  0.656514
6 21  0.607436
6 22  0.387681
6 23  0.599623
6 24  0.634325
6 25  0.595968
6 26  0.597647
6 27  0.653944
6 28  0.604222
6 29  0.633188
6 30  0.597660
7 8  0.641503
7 9  0.636016
7 10  0.610171
7 11  0.633903
7 12  0.609539
7 13  0.626401
7 14  0.649755
7 15  0.633135
7 16  0.622408
7 17  0.621104
7 18  0.639161
7 19  0.654275
7 20  0.419728
7 21  0.637298
7 22  0.659985
7 23  0.614094
7 24  0.628315
7 25  0.612074
7 26  0.612118
7 27  0.628810
7 28  0.634692
7 29  0.657483
7 30  0.614041
8 9  0.622416
8 10  0.596614
8 11  0.620271
8 12  0.595991
8 13  0.642917
8 14  0.609019
8 15  0.624678
8 16  0.593715
8 17  0.620801
8 18  0.630082
8 19  0.394865
8 20  0.652784
8 21  0.623896
8 22  0.643322
8 23  0.600547
8 24  0.620297
8 25  0.598390
8 26  0.598590
8 27  0.651017
8 28  0.620964
8 29  0.611510
8 30  0.600584
9 10  0.540713
9 11  0.590320
9 12  0.570922
9 13  0.629459
9 14  0.622224
9 15  0.615954
9 16  0.586694
9 17  0.598465
9 18  0.608250
9 19  0.622612
9 20  0.634452
9 21  0.371974
9 22  0.607047
9 23  0.535801
9 24  0.616428
9 25  0.575822
9 26  0.574548
9 27  0.632258
9 28  0.585882
9 29  0.623475
9 30  0.535597
10 11  0.570584
10 12  0.547535
10 13  0.603593
10 14  0.597133
10 15  0.590182
10 16  0.561250
10 17  0.572778
10 18  0.582494
10 19  0.596889
10 20  0.608816
10 21  0.532728
10 22  0.596219
10 23  0.501285
10 24  0.590584
10 25  0.549846
10 26  0.549988
10 27  0.606469
10 28  0.572692
10 29  0.598459
10 30  0.280940
11 12  0.539824
11 13  0.627297
11 14  0.620774
11 15  0.613820
11 16  0.581390
11 17  0.596478
11 18  0.606074
11 19  0.620219
11 20  0.632439
11 21  0.585906
11 22  0.605733
11 23  0.574544
11 24  0.614364
11 25  0.532102
11 26  0.531968
11 27  0.629915
11 28  0.366899
11 29  0.622817
11 30  0.575640
12 13  0.602948
12 14  0.596605
12 15  0.589537
12 16  0.560451
12 17  0.572186
12 18  0.581869
12 19  0.596229
12 20  0.608229
12 21  0.573434
12 22  0.597277
12 23  0.550468
12 24  0.590012
12 25  0.497759
12 26  0.273967
12 27  0.605822
12 28  0.531576
12 29  0.598279
12 30  0.551365
13 14  0.647422
13 15  0.622165
13 16  0.614887
13 17  0.619042
13 18  0.611190
13 19  0.648777
13 20  0.625025
13 21  0.630911
13 22  0.653154
13 23  0.607495
13 24  0.617620
13 25  0.605430
13 26  0.605521
13 27  0.424132
13 28  0.628087
13 29  0.651229
13 30  0.607519
14 15  0.616517
14 16  0.605637
14 17  0.620640
14 18  0.630970
14 19  0.608521
14 20  0.654659
14 21  0.623185
14 22  0.633684
14 23  0.601180
14 24  0.613260
14 25  0.599278
14 26  0.599006
14 27  0.652233
14 28  0.621898
14 29  0.400240
14 30  0.600543
15 16  0.598756
15 17  0.608914
15 18  0.617550
15 19  0.621148
15 20  0.628344
15 21  0.617254
15 22  0.636025
15 23  0.594020
15 24  0.439107
15 25  0.591977
15 26  0.592023
15 27  0.618804
15 28  0.614806
15 29  0.613283
15 30  0.593921
16 17  0.585352
16 18  0.594866
16 19  0.584747
16 20  0.619165
16 21  0.587498
16 22  0.582153
16 23  0.565054
16 24  0.600613
16 25  0.562581
16 26  0.562916
16 27  0.617025
16 28  0.584110
16 29  0.608657
16 30  0.564960
17 18  0.560531
17 19  0.618611
17 20  0.607913
17 21  0.600152
17 22  0.622456
17 23  0.576728
17 24  0.610644
17 25  0.574735
17 26  0.574758
17 27  0.625255
17 28  0.597510
17 29  0.621048
17 30  0.576747
18 19  0.628471
18 20  0.635227
18 21  0.609842
18 22  0.632297
18 23  0.586402
18 24  0.622024
18 25  0.584405
18 26  0.584428
18 27  0.612243
18 28  0.607181
18 29  0.631710
18 30  0.586423
19 20  0.640351
19 21  0.624081
19 22  0.642549
19 23  0.600746
19 24  0.625560
19 25  0.598751
19 26  0.598794
19 27  0.645537
19 28  0.621480
19 29  0.609123
19 30  0.600739
20 21  0.636141
20 22  0.657244
20 23  0.612752
20 24  0.632331
20 25  0.610768
20 26  0.610794
20 27  0.625651
20 28  0.633551
20 29  0.650219
20 30  0.612755
21 22  0.613369
21 23  0.547836
21 24  0.617965
21 25  0.575196
21 26  0.574482
21 27  0.633780
21 28  0.591849
21 29  0.625071
21 30  0.546024
22 23  0.598915
22 24  0.639542
22 25  0.596249
22 26  0.597733
22 27  0.655527
22 28  0.612717
22 29  0.633424
22 30  0.597659
23 24  0.594656
23 25  0.553918
23 26  0.553657
23 27  0.610355
23 28  0.573875
23 29  0.602915
23 30  0.508548
24 25  0.592660
24 26  0.592688
24 27  0.627084
24 28  0.615326
24 29  0.620055
24 30  0.594677
25 26  0.505292
25 27  0.608353
25 28  0.542333
25 29  0.601004
25 30  0.554065
26 27  0.608378
26 28  0.543169
26 29  0.601043
26 30  0.553975
27 28  0.631129
27 29  0.651143
27 30  0.610362
28 29  0.623166
28 30  0.575023
29 30  0.602740
