   -993.87604549
   -994.17910051
0.00012774071200
2 2 2 2 2 2 2 2 2 2 2 2 2 0 0 0 0 0 0 0 0 0 0 0 0 0 
1  0.254464
2  0.254681
3  0.252814
4  0.252629
5  0.270646
6  0.270187
7  0.269920
8  0.270210
9  0.282501
10  0.282133
11  0.290220
12  0.290149
13  0.286964
14  0.260707
15  0.260887
16  0.259934
17  0.259875
18  0.269660
19  0.271942
20  0.271831
21  0.269119
22  0.288632
23  0.290980
24  0.284963
25  0.284578
26  0.290937
1 2  0.506947
1 3  0.505283
1 4  0.506744
1 5  0.525028
1 6  0.524317
1 7  0.524368
1 8  0.524659
1 9  0.533927
1 10  0.512127
1 11  0.542492
1 12  0.544578
1 13  0.517671
1 14  0.246065
1 15  0.514726
1 16  0.513847
1 17  0.512948
1 18  0.523797
1 19  0.525259
1 20  0.526294
1 21  0.523523
1 22  0.513473
1 23  0.545015
1 24  0.537592
1 25  0.508306
1 26  0.543911
2 3  0.507144
2 4  0.505303
2 5  0.525311
2 6  0.524848
2 7  0.524290
2 8  0.524810
2 9  0.512670
2 10  0.533754
2 11  0.544864
2 12  0.542623
2 13  0.517993
2 14  0.514726
2 15  0.245946
2 16  0.513274
2 17  0.514001
2 18  0.524258
2 19  0.526620
2 20  0.525509
2 21  0.523411
2 22  0.513672
2 23  0.544106
2 24  0.508893
2 25  0.537483
2 26  0.545233
3 4  0.505429
3 5  0.518354
3 6  0.519706
3 7  0.522730
3 8  0.523022
3 9  0.535268
3 10  0.512543
3 11  0.524277
3 12  0.542953
3 13  0.537062
3 14  0.512968
3 15  0.512098
3 16  0.236874
3 17  0.512678
3 18  0.519571
3 19  0.523932
3 20  0.524621
3 21  0.521919
3 22  0.539498
3 23  0.543767
3 24  0.537277
3 25  0.507832
3 26  0.518290
4 5  0.523274
4 6  0.522814
4 7  0.519179
4 8  0.517765
4 9  0.512790
4 10  0.534712
4 11  0.542840
4 12  0.524108
4 13  0.536997
4 14  0.511777
4 15  0.512983
4 16  0.512550
4 17  0.236783
4 18  0.522278
4 19  0.524549
4 20  0.523676
4 21  0.518838
4 22  0.539336
4 23  0.518099
4 24  0.508042
4 25  0.536746
4 26  0.543545
5 6  0.494538
5 7  0.540564
5 8  0.540854
5 9  0.553129
5 10  0.550921
5 11  0.531693
5 12  0.560795
5 13  0.557497
5 14  0.531006
5 15  0.531187
5 16  0.526328
5 17  0.530520
5 18  0.264932
5 19  0.488932
5 20  0.542473
5 21  0.539763
5 22  0.558660
5 23  0.561613
5 24  0.555542
5 25  0.554544
5 26  0.522496
6 7  0.540106
6 8  0.540395
6 9  0.552674
6 10  0.549145
6 11  0.530585
6 12  0.560336
6 13  0.557099
6 14  0.529750
6 15  0.530956
6 16  0.529084
6 17  0.530042
6 18  0.489269
6 19  0.264536
6 20  0.542017
6 21  0.539306
6 22  0.558182
6 23  0.561149
6 24  0.555149
6 25  0.553433
6 26  0.520776
7 8  0.493971
7 9  0.549256
7 10  0.552041
7 11  0.560139
7 12  0.530265
7 13  0.556830
7 14  0.530522
7 15  0.529517
7 16  0.529826
7 17  0.528742
7 18  0.539580
7 19  0.541859
7 20  0.264322
7 21  0.488755
7 22  0.557951
7 23  0.520503
7 24  0.553666
7 25  0.554496
7 26  0.560834
8 9  0.550893
8 10  0.552325
8 11  0.560429
8 12  0.531132
8 13  0.557060
8 14  0.530533
8 15  0.530824
8 16  0.530142
8 17  0.525846
8 18  0.539868
8 19  0.542146
8 20  0.488305
8 21  0.264739
8 22  0.558203
8 23  0.522263
8 24  0.554489
8 25  0.554705
8 26  0.561131
9 10  0.563386
9 11  0.572652
9 12  0.562858
9 13  0.556765
9 14  0.540967
9 15  0.512676
9 16  0.542143
9 17  0.513497
9 18  0.552159
9 19  0.554394
9 20  0.552870
9 21  0.551175
9 22  0.549665
9 23  0.556749
9 24  0.337664
9 25  0.566843
9 26  0.573113
10 11  0.562588
10 12  0.572221
10 13  0.556266
10 14  0.512126
10 15  0.540666
10 16  0.513315
10 17  0.541718
10 18  0.551336
10 19  0.552719
10 20  0.553928
10 21  0.551250
10 22  0.549334
10 23  0.572783
10 24  0.566868
10 25  0.337515
10 26  0.556357
11 12  0.580358
11 13  0.576460
11 14  0.548648
11 15  0.550907
11 16  0.523345
11 17  0.550006
11 18  0.521068
11 19  0.523963
11 20  0.562048
11 21  0.559330
11 22  0.578672
11 23  0.581193
11 24  0.574834
11 25  0.556396
11 26  0.350020
12 13  0.576422
12 14  0.550680
12 15  0.548807
12 16  0.549970
12 17  0.523359
12 18  0.559801
12 19  0.562089
12 20  0.523864
12 21  0.520415
12 22  0.578606
12 23  0.349879
12 24  0.556627
12 25  0.574417
12 26  0.581070
13 14  0.517273
13 15  0.517598
13 16  0.544568
13 17  0.544525
13 18  0.556188
13 19  0.558669
13 20  0.558471
13 21  0.555702
13 22  0.343912
13 23  0.577822
13 24  0.551257
13 25  0.550827
13 26  0.577784
14 15  0.517755
14 16  0.517559
14 17  0.520059
14 18  0.530151
14 19  0.532188
14 20  0.532528
14 21  0.529799
14 22  0.524419
14 23  0.551625
14 24  0.542269
14 25  0.520126
14 26  0.549128
15 16  0.520281
15 17  0.517676
15 18  0.530528
15 19  0.532811
15 20  0.532235
15 21  0.529815
15 22  0.524431
15 23  0.549321
15 24  0.520844
15 25  0.542079
15 26  0.551752
16 17  0.519807
16 18  0.523898
16 19  0.527509
16 20  0.531762
16 21  0.529049
16 22  0.545787
16 23  0.550907
16 24  0.544774
16 25  0.520931
16 26  0.530299
17 18  0.529532
17 19  0.531814
17 20  0.527173
17 21  0.523447
17 22  0.545758
17 23  0.530313
17 24  0.521237
17 25  0.544324
17 26  0.550805
18 19  0.495165
18 20  0.541491
18 21  0.538778
18 22  0.558191
18 23  0.560639
18 24  0.554602
18 25  0.551486
18 26  0.531121
19 20  0.543773
19 21  0.541060
19 22  0.560507
19 23  0.562920
19 24  0.556878
19 25  0.552876
19 26  0.532647
20 21  0.494623
20 22  0.560382
20 23  0.532564
20 24  0.553223
20 25  0.556389
20 26  0.562767
21 22  0.557655
21 23  0.530682
21 24  0.551203
21 25  0.553669
21 26  0.560054
22 23  0.578377
22 24  0.562191
22 25  0.561935
22 26  0.578278
23 24  0.566962
23 25  0.575494
23 26  0.581911
24 25  0.567520
24 26  0.575835
25 26  0.566506
