   -993.87604549
   -994.18217689
0.00004596997310
2 2 2 2 2 2 2 2 2 2 2 2 2 0 0 0 0 0 0 0 0 0 0 0 0 0 
1  0.260160
2  0.260346
3  0.258464
4  0.258520
5  0.274301
6  0.273412
7  0.273161
8  0.273939
9  0.289459
10  0.289207
11  0.295837
12  0.295962
13  0.294078
14  0.266566
15  0.266736
16  0.265803
17  0.265778
18  0.273794
19  0.275486
20  0.275420
21  0.273284
22  0.295076
23  0.296301
24  0.291882
25  0.291377
26  0.296201
1 2  0.517859
1 3  0.516266
1 4  0.518285
1 5  0.534343
1 6  0.533225
1 7  0.533290
1 8  0.534054
1 9  0.546360
1 10  0.524502
1 11  0.553569
1 12  0.556077
1 13  0.530111
1 14  0.256340
1 15  0.526130
1 16  0.525267
1 17  0.524428
1 18  0.533521
1 19  0.534422
1 20  0.535578
1 21  0.533318
1 22  0.525432
1 23  0.556080
1 24  0.550248
1 25  0.520583
1 26  0.554854
2 3  0.518404
2 4  0.516533
2 5  0.534601
2 6  0.533725
2 7  0.533164
2 8  0.534168
2 9  0.524955
2 10  0.546282
2 11  0.556137
2 12  0.553895
2 13  0.530299
2 14  0.526162
2 15  0.256235
2 16  0.524641
2 17  0.525438
2 18  0.534018
2 19  0.535830
2 20  0.534535
2 21  0.533199
2 22  0.525604
2 23  0.555133
2 24  0.521286
2 25  0.549957
2 26  0.556169
3 4  0.516968
3 5  0.527235
3 6  0.528089
3 7  0.531608
3 8  0.532390
3 9  0.547863
3 10  0.524802
3 11  0.535074
3 12  0.554388
3 13  0.549641
3 14  0.524396
3 15  0.523500
3 16  0.246764
3 17  0.524224
3 18  0.529226
3 19  0.533007
3 20  0.533858
3 21  0.531740
3 22  0.551651
3 23  0.554684
3 24  0.549752
3 25  0.520157
3 26  0.528842
4 5  0.532808
4 6  0.531915
4 7  0.527866
4 8  0.526916
4 9  0.525086
4 10  0.547667
4 11  0.554320
4 12  0.535264
4 13  0.549733
4 14  0.523399
4 15  0.524632
4 16  0.524305
4 17  0.246822
4 18  0.532307
4 19  0.533981
4 20  0.533005
4 21  0.528810
4 22  0.551686
4 23  0.528848
4 24  0.520715
4 25  0.549294
4 26  0.554642
5 6  0.501672
5 7  0.547436
5 8  0.548215
5 9  0.563717
5 10  0.561423
5 11  0.540696
5 12  0.570225
5 13  0.568241
5 14  0.540535
5 15  0.540619
5 16  0.535827
5 17  0.540059
5 18  0.272917
5 19  0.496419
5 20  0.549675
5 21  0.547316
5 22  0.568643
5 23  0.570589
5 24  0.566114
5 25  0.564988
5 26  0.531298
6 7  0.546555
6 8  0.547326
6 9  0.562838
6 10  0.559242
6 11  0.539062
6 12  0.569347
6 13  0.567421
6 14  0.538701
6 15  0.540077
6 16  0.538089
6 17  0.539179
6 18  0.497006
6 19  0.271371
6 20  0.548785
6 21  0.546423
6 22  0.567808
6 23  0.569711
6 24  0.565274
6 25  0.563545
6 26  0.529160
7 8  0.501181
7 9  0.559231
7 10  0.562334
7 11  0.568971
7 12  0.538968
7 13  0.567171
7 14  0.539655
7 15  0.538642
7 16  0.538955
7 17  0.537799
7 18  0.546675
7 19  0.548598
7 20  0.271262
7 21  0.496548
7 22  0.567566
7 23  0.528950
7 24  0.563830
7 25  0.564521
7 26  0.569361
8 9  0.561330
8 10  0.563102
8 11  0.569739
8 12  0.540429
8 13  0.567880
8 14  0.540086
8 15  0.540348
8 16  0.539721
8 17  0.535406
8 18  0.547452
8 19  0.549375
8 20  0.495929
8 21  0.272809
8 22  0.568287
8 23  0.531227
8 24  0.565106
8 25  0.565248
8 26  0.570128
9 10  0.577200
9 11  0.585216
9 12  0.574944
9 13  0.570148
9 14  0.553671
9 15  0.525346
9 16  0.555002
9 17  0.526089
9 18  0.563246
9 19  0.564846
9 20  0.563387
9 21  0.562246
9 22  0.562685
9 23  0.568359
9 24  0.352161
9 25  0.580564
9 26  0.585230
10 11  0.574633
10 12  0.585090
10 13  0.569738
10 14  0.524906
10 15  0.553538
10 16  0.525979
10 17  0.554728
10 18  0.562505
10 19  0.563239
10 20  0.564529
10 21  0.562486
10 22  0.562385
10 23  0.585097
10 24  0.580815
10 25  0.352012
10 26  0.568005
11 12  0.591729
11 13  0.588966
11 14  0.560144
11 15  0.562337
11 16  0.534660
11 17  0.561502
11 18  0.530561
11 19  0.532754
11 20  0.571236
11 21  0.568856
11 22  0.590675
11 23  0.592136
11 24  0.587269
11 25  0.568378
11 26  0.361417
12 13  0.589114
12 14  0.562295
12 15  0.560450
12 16  0.561643
12 17  0.534843
12 18  0.569488
12 19  0.571424
12 20  0.532968
12 21  0.530125
12 22  0.590809
12 23  0.361521
12 24  0.568893
12 25  0.586889
12 26  0.592161
13 14  0.530095
13 15  0.530362
13 16  0.557509
13 17  0.557536
13 18  0.567335
13 19  0.569253
13 20  0.569187
13 21  0.566824
13 22  0.358697
13 23  0.590223
13 24  0.564583
13 25  0.564068
13 26  0.590118
14 15  0.529199
14 16  0.528930
14 17  0.531735
14 18  0.540121
14 19  0.541442
14 20  0.541963
14 21  0.539816
14 22  0.536291
14 23  0.562785
14 24  0.554639
14 25  0.532255
14 26  0.559963
15 16  0.531924
15 17  0.529086
15 18  0.540498
15 19  0.542200
15 20  0.541548
15 21  0.539780
15 22  0.536338
15 23  0.560227
15 24  0.533067
15 25  0.554280
15 26  0.562849
16 17  0.531566
16 18  0.533607
16 19  0.536440
16 20  0.541209
16 21  0.539072
16 22  0.557809
16 23  0.562071
16 24  0.557539
16 25  0.533090
16 26  0.540881
17 18  0.539557
17 19  0.541250
17 20  0.536354
17 21  0.533076
17 22  0.557816
17 23  0.540901
17 24  0.533521
17 25  0.557005
17 26  0.561947
18 19  0.503066
18 20  0.549214
18 21  0.547055
18 22  0.568776
18 23  0.570085
18 24  0.565624
18 25  0.561976
18 26  0.540430
19 20  0.550906
19 21  0.548769
19 22  0.570465
19 23  0.571782
19 24  0.567329
19 25  0.562989
19 26  0.541162
20 21  0.502592
20 22  0.570400
20 23  0.541160
20 24  0.563404
20 25  0.566759
20 26  0.571615
21 22  0.568266
21 23  0.540077
21 24  0.561938
21 25  0.564608
21 26  0.569473
22 23  0.589903
22 24  0.574992
22 25  0.574583
22 26  0.589759
23 24  0.578539
23 25  0.587605
23 26  0.592472
24 25  0.580924
24 26  0.588006
25 26  0.577967
