   -993.87604549
   -994.18355461
0.00001788026310
2 2 2 2 2 2 2 2 2 2 2 2 2 0 0 0 0 0 0 0 0 0 0 0 0 0 
1  0.263584
2  0.263770
3  0.261413
4  0.261495
5  0.276596
6  0.275544
7  0.275306
8  0.276218
9  0.293537
10  0.293232
11  0.298946
12  0.299106
13  0.298396
14  0.270204
15  0.270346
16  0.268872
17  0.268877
18  0.276014
19  0.277555
20  0.277507
21  0.275531
22  0.299281
23  0.299241
24  0.295952
25  0.295429
26  0.299147
1 2  0.524495
1 3  0.522513
1 4  0.524619
1 5  0.540042
1 6  0.538701
1 7  0.538834
1 8  0.539750
1 9  0.553565
1 10  0.531846
1 11  0.559920
1 12  0.562631
1 13  0.537617
1 14  0.262795
1 15  0.533087
1 16  0.531703
1 17  0.530859
1 18  0.539140
1 19  0.539848
1 20  0.541086
1 21  0.538993
1 22  0.533015
1 23  0.562420
1 24  0.557688
1 25  0.528037
1 26  0.561217
2 3  0.524721
2 4  0.522801
2 5  0.540313
2 6  0.539258
2 7  0.538655
2 8  0.539851
2 9  0.532366
2 10  0.553442
2 11  0.562657
2 12  0.560286
2 13  0.537762
2 14  0.533132
2 15  0.262687
2 16  0.531032
2 17  0.531905
2 18  0.539664
2 19  0.541320
2 20  0.539982
2 21  0.538842
2 22  0.533214
2 23  0.561492
2 24  0.528772
2 25  0.557389
2 26  0.562507
3 4  0.522876
3 5  0.532194
3 6  0.532999
3 7  0.536699
3 8  0.537613
3 9  0.554876
3 10  0.531558
3 11  0.540926
3 12  0.560470
3 13  0.556682
3 14  0.530919
3 15  0.529904
3 16  0.252218
3 17  0.530267
3 18  0.534316
3 19  0.537961
3 20  0.538890
3 21  0.536941
3 22  0.558792
3 23  0.560563
3 24  0.556741
3 25  0.527138
3 26  0.534732
4 5  0.538073
4 6  0.537018
4 7  0.532800
4 8  0.531888
4 9  0.531920
4 10  0.554653
4 11  0.560394
4 12  0.541172
4 13  0.556797
4 14  0.529844
4 15  0.531146
4 16  0.530347
4 17  0.252319
4 18  0.537507
4 19  0.539021
4 20  0.538002
4 21  0.533954
4 22  0.558843
4 23  0.534756
4 24  0.527742
4 25  0.556292
4 26  0.560549
5 6  0.506256
5 7  0.551843
5 8  0.552697
5 9  0.570072
5 10  0.567560
5 11  0.546057
5 12  0.575564
5 13  0.574841
5 14  0.546454
5 15  0.546515
5 16  0.541084
5 17  0.545465
5 18  0.277211
5 19  0.500973
5 20  0.554054
5 21  0.551942
5 22  0.575084
5 23  0.575832
5 24  0.572453
5 25  0.571284
5 26  0.536555
6 7  0.550828
6 8  0.551704
6 9  0.569021
6 10  0.565119
6 11  0.544146
6 12  0.574592
6 13  0.573851
6 14  0.544287
6 15  0.545806
6 16  0.543220
6 17  0.544410
6 18  0.501537
6 19  0.275336
6 20  0.553020
6 21  0.550927
6 22  0.574112
6 23  0.574782
6 24  0.571483
6 25  0.569661
6 26  0.534221
7 8  0.505760
7 9  0.565173
7 10  0.568478
7 11  0.574197
7 12  0.544094
7 13  0.573615
7 14  0.545429
7 15  0.544211
7 16  0.544169
7 17  0.542970
7 18  0.551177
7 19  0.552830
7 20  0.275246
7 21  0.501115
7 22  0.573881
7 23  0.534013
7 24  0.569977
7 25  0.570723
7 26  0.574451
8 9  0.567511
8 10  0.569387
8 11  0.575027
8 12  0.545800
8 13  0.574463
8 14  0.546005
8 15  0.546228
8 16  0.545083
8 17  0.540678
8 18  0.552048
8 19  0.553724
8 20  0.500478
8 21  0.277086
8 22  0.574724
8 23  0.536457
8 24  0.571407
8 25  0.571552
8 26  0.575361
9 10  0.585091
9 11  0.592400
9 12  0.581844
9 13  0.578215
9 14  0.561344
9 15  0.533059
9 16  0.562115
9 17  0.533217
9 18  0.569543
9 19  0.570986
9 20  0.569529
9 21  0.568520
9 22  0.570822
9 23  0.575180
9 24  0.359942
9 25  0.588646
9 26  0.592215
10 11  0.581442
10 12  0.592256
10 13  0.577815
10 14  0.532607
10 15  0.561147
10 16  0.533028
10 17  0.561815
10 18  0.568700
10 19  0.569307
10 20  0.570636
10 21  0.568755
10 22  0.570469
10 23  0.592006
10 24  0.588864
10 25  0.359719
10 26  0.574772
11 12  0.597932
11 13  0.596260
11 14  0.566921
11 15  0.569031
11 16  0.540821
11 17  0.567698
11 18  0.535850
11 19  0.537815
11 20  0.576428
11 21  0.574341
11 22  0.597965
11 23  0.598184
11 24  0.594427
11 25  0.575398
11 26  0.367304
12 13  0.596429
12 14  0.569046
12 15  0.567233
12 16  0.567853
12 17  0.541064
12 18  0.574986
12 19  0.576637
12 20  0.538068
12 21  0.535481
12 22  0.598132
12 23  0.367418
12 24  0.575958
12 25  0.594062
12 26  0.598250
13 14  0.538025
13 15  0.538215
13 16  0.564850
13 17  0.564896
13 18  0.573826
13 19  0.575612
13 20  0.575563
13 21  0.573349
13 22  0.366830
13 23  0.597454
13 24  0.572787
13 25  0.572267
13 26  0.597355
14 15  0.536247
14 16  0.535445
14 17  0.538373
14 18  0.545948
14 19  0.547103
14 20  0.547670
14 21  0.545692
14 22  0.543908
14 23  0.569351
14 24  0.562078
14 25  0.539707
14 26  0.566292
15 16  0.538495
15 17  0.535600
15 18  0.546317
15 19  0.547859
15 20  0.547199
15 21  0.545608
15 22  0.543997
15 23  0.566538
15 24  0.540501
15 25  0.561689
15 26  0.569398
16 17  0.537730
16 18  0.538696
16 19  0.541388
16 20  0.546355
16 21  0.544372
16 22  0.564829
16 23  0.568077
16 24  0.564656
16 25  0.539997
16 26  0.546652
17 18  0.544860
17 19  0.546407
17 20  0.541347
17 21  0.538222
17 22  0.564889
17 23  0.546690
17 24  0.540465
17 25  0.564134
17 26  0.567988
18 19  0.507510
18 20  0.553516
18 21  0.551439
18 22  0.575179
18 23  0.575187
18 24  0.571890
18 25  0.568053
18 26  0.545622
19 20  0.555058
19 21  0.553080
19 22  0.576710
19 23  0.576777
19 24  0.573452
19 25  0.568903
19 26  0.546068
20 21  0.507084
20 22  0.576667
20 23  0.546073
20 24  0.569349
20 25  0.572884
20 26  0.576637
21 22  0.574697
21 23  0.545292
21 24  0.568051
21 25  0.570883
21 26  0.574611
22 23  0.596853
22 24  0.583030
22 25  0.582576
22 26  0.596697
23 24  0.585272
23 25  0.594583
23 26  0.598335
24 25  0.588789
24 26  0.595009
25 26  0.584692
