   -993.87604549
   -994.18421287
0.00000029300367
2 2 2 2 2 2 2 2 2 2 2 2 2 0 0 0 0 0 0 0 0 0 0 0 0 0 
1  0.265621
2  0.265803
3  0.262849
4  0.262924
5  0.277910
6  0.276604
7  0.276367
8  0.277531
9  0.295622
10  0.295328
11  0.300512
12  0.300666
13  0.300808
14  0.272268
15  0.272427
16  0.270381
17  0.270388
18  0.277399
19  0.278614
20  0.278569
21  0.276921
22  0.301630
23  0.300649
24  0.298005
25  0.297472
26  0.300553
1 2  0.528450
1 3  0.525913
1 4  0.528030
1 5  0.543383
1 6  0.541767
1 7  0.541911
1 8  0.543092
1 9  0.557558
1 10  0.535855
1 11  0.563420
1 12  0.566221
1 13  0.541908
1 14  0.266568
1 15  0.537152
1 16  0.535204
1 17  0.534319
1 18  0.542556
1 19  0.542890
1 20  0.544184
1 21  0.542412
1 22  0.537300
1 23  0.565851
1 24  0.561788
1 25  0.532059
1 26  0.564670
2 3  0.528138
2 4  0.526189
2 5  0.543654
2 6  0.542331
2 7  0.541717
2 8  0.543187
2 9  0.536364
2 10  0.557440
2 11  0.566249
2 12  0.563776
2 13  0.542024
2 14  0.537183
2 15  0.266477
2 16  0.534497
2 17  0.535403
2 18  0.543074
2 19  0.544412
2 20  0.543021
2 21  0.542259
2 22  0.537507
2 23  0.564945
2 24  0.532800
2 25  0.561471
2 26  0.565933
3 4  0.525722
3 5  0.534903
3 6  0.535429
3 7  0.539182
3 8  0.540361
3 9  0.558389
3 10  0.534948
3 11  0.543877
3 12  0.563454
3 13  0.560411
3 14  0.534377
3 15  0.533355
3 16  0.254997
3 17  0.533212
3 18  0.537148
3 19  0.540425
3 20  0.541373
3 21  0.539767
3 22  0.562579
3 23  0.563399
3 24  0.560213
3 25  0.530604
3 26  0.537561
4 5  0.540814
4 6  0.539493
4 7  0.535223
4 8  0.534588
4 9  0.535294
4 10  0.558168
4 11  0.563375
4 12  0.544111
4 13  0.560520
4 14  0.533275
4 15  0.534615
4 16  0.533281
4 17  0.255094
4 18  0.540320
4 19  0.541492
4 20  0.540461
4 21  0.536783
4 22  0.562624
4 23  0.537577
4 24  0.531214
4 25  0.559752
4 26  0.563377
5 6  0.508750
5 7  0.554234
5 8  0.555077
5 9  0.573449
5 10  0.570916
5 11  0.549061
5 12  0.578389
5 13  0.578550
5 14  0.549826
5 15  0.549891
5 16  0.543916
5 17  0.548287
5 18  0.280022
5 19  0.503478
5 20  0.556394
5 21  0.554551
5 22  0.578718
5 23  0.578550
5 24  0.575795
5 25  0.574615
5 26  0.539354
6 7  0.552925
6 8  0.554091
6 9  0.572145
6 10  0.568200
6 11  0.546769
6 12  0.577160
6 13  0.577317
6 14  0.547362
6 15  0.548935
6 16  0.545763
6 17  0.546977
6 18  0.504127
6 19  0.277479
6 20  0.555121
6 21  0.553345
6 22  0.577510
6 23  0.577251
6 24  0.574592
6 25  0.572759
6 26  0.536742
7 8  0.508253
7 9  0.568244
7 10  0.571613
7 11  0.576770
7 12  0.546712
7 13  0.577081
7 14  0.548540
7 15  0.547304
7 16  0.546733
7 17  0.545515
7 18  0.553589
7 19  0.554930
7 20  0.277393
7 21  0.503712
7 22  0.577278
7 23  0.536538
7 24  0.573085
7 25  0.573823
7 26  0.576918
8 9  0.570855
8 10  0.572776
8 11  0.577859
8 12  0.548798
8 13  0.578172
8 14  0.549358
8 15  0.549615
8 16  0.547902
8 17  0.543511
8 18  0.554652
8 19  0.556061
8 20  0.502983
8 21  0.279894
8 22  0.578359
8 23  0.539256
8 24  0.574747
8 25  0.574886
8 26  0.578075
9 10  0.589169
9 11  0.596043
9 12  0.585358
9 13  0.582520
9 14  0.565494
9 15  0.537137
9 16  0.565701
9 17  0.536747
9 18  0.573012
9 19  0.574125
9 20  0.572667
9 21  0.571966
9 22  0.575119
9 23  0.578596
9 24  0.364209
9 25  0.592746
9 26  0.595686
10 11  0.584970
10 12  0.595905
10 13  0.582146
10 14  0.536678
10 15  0.565328
10 16  0.536566
10 17  0.565414
10 18  0.572150
10 19  0.572453
10 20  0.573786
10 21  0.572240
10 22  0.574760
10 23  0.595487
10 24  0.592986
10 25  0.363994
10 26  0.578198
11 12  0.601005
11 13  0.600173
11 14  0.570556
11 15  0.572666
11 16  0.543909
11 17  0.570765
11 18  0.538891
11 19  0.540460
11 20  0.579059
11 21  0.577289
11 22  0.601855
11 23  0.601155
11 24  0.598014
11 25  0.578959
11 26  0.370540
12 13  0.600334
12 14  0.572659
12 15  0.570882
12 16  0.570913
12 17  0.544150
12 18  0.577918
12 19  0.579258
12 20  0.540708
12 21  0.538521
12 22  0.602015
12 23  0.370649
12 24  0.579525
12 25  0.597629
12 26  0.601214
13 14  0.542421
13 15  0.542611
13 16  0.568766
13 17  0.568816
13 18  0.577597
13 19  0.579083
13 20  0.579035
13 21  0.577125
13 22  0.371666
13 23  0.601252
13 24  0.577073
13 25  0.576565
13 26  0.601151
14 15  0.540277
14 16  0.538904
14 17  0.541876
14 18  0.549384
14 19  0.550179
14 20  0.550784
14 21  0.549142
14 22  0.548152
14 23  0.572816
14 24  0.566071
14 25  0.543672
14 26  0.569662
15 16  0.542012
15 17  0.539077
15 18  0.549780
15 19  0.550990
15 20  0.550294
15 21  0.549067
15 22  0.548277
15 23  0.569928
15 24  0.544485
15 25  0.565683
15 26  0.572877
16 17  0.540738
16 18  0.541559
16 19  0.543900
16 20  0.548915
16 21  0.547260
16 22  0.568567
16 23  0.570988
16 24  0.568203
16 25  0.543413
16 26  0.549512
17 18  0.547744
17 19  0.548967
17 20  0.543864
17 21  0.541093
17 22  0.568637
17 23  0.549555
17 24  0.543897
17 25  0.567669
17 26  0.570898
18 19  0.510073
18 20  0.555957
18 21  0.554137
18 22  0.578901
18 23  0.577935
18 24  0.575301
18 25  0.571399
18 26  0.548522
19 20  0.557178
19 21  0.555525
19 22  0.580107
19 23  0.579238
19 24  0.576553
19 25  0.571929
19 26  0.548531
20 21  0.509652
20 22  0.580067
20 23  0.548541
20 24  0.572385
20 25  0.575976
20 26  0.579097
21 22  0.578424
21 23  0.548198
21 24  0.571411
21 25  0.574289
21 26  0.577361
22 23  0.600506
22 24  0.587285
22 25  0.586819
22 26  0.600342
23 24  0.588630
23 25  0.598026
23 26  0.601116
24 25  0.592737
24 26  0.598460
25 26  0.588037
