  -1146.50715666
  -1146.87882373
0.00011088893400
2 2 2 2 2 2 2 2 2 2 2 2 2 2 2 0 0 0 0 0 0 0 0 0 0 0 0 0 0 0 
1  0.279852
2  0.303624
3  0.293837
4  0.269254
5  0.276831
6  0.276625
7  0.317972
8  0.340121
9  0.351400
10  0.321057
11  0.339945
12  0.334332
13  0.303252
14  0.328964
15  0.316682
16  0.324672
17  0.288367
18  0.309782
19  0.299531
20  0.274548
21  0.279533
22  0.278974
23  0.316038
24  0.320396
25  0.341938
26  0.303692
27  0.338241
28  0.351106
29  0.328420
30  0.343455
1 2  0.583431
1 3  0.573616
1 4  0.547368
1 5  0.556502
1 6  0.555922
1 7  0.574903
1 8  0.619510
1 9  0.629620
1 10  0.596056
1 11  0.619533
1 12  0.587618
1 13  0.580742
1 14  0.606295
1 15  0.596356
1 16  0.601904
1 17  0.270696
1 18  0.589619
1 19  0.579257
1 20  0.553991
1 21  0.558982
1 22  0.556994
1 23  0.594817
1 24  0.576559
1 25  0.621624
1 26  0.580626
1 27  0.596516
1 28  0.630598
1 29  0.603090
1 30  0.623273
2 3  0.552957
2 4  0.572874
2 5  0.580454
2 6  0.580249
2 7  0.621550
2 8  0.635044
2 9  0.652433
2 10  0.624119
2 11  0.614768
2 12  0.637546
2 13  0.606874
2 14  0.631523
2 15  0.618327
2 16  0.628129
2 17  0.591984
2 18  0.300087
2 19  0.559857
2 20  0.578116
2 21  0.583150
2 22  0.582597
2 23  0.613518
2 24  0.623964
2 25  0.640734
2 26  0.607299
2 27  0.641815
2 28  0.654292
2 29  0.631327
2 30  0.622835
3 4  0.563088
3 5  0.570667
3 6  0.570462
3 7  0.611771
3 8  0.608906
3 9  0.641864
3 10  0.614380
3 11  0.628205
3 12  0.627563
3 13  0.597088
3 14  0.620657
3 15  0.608195
3 16  0.618473
3 17  0.582078
3 18  0.560262
3 19  0.290458
3 20  0.568362
3 21  0.573368
3 22  0.572809
3 23  0.605210
3 24  0.614231
3 25  0.621054
3 26  0.597515
3 27  0.631715
3 28  0.644109
3 29  0.620798
3 30  0.630234
4 5  0.540093
4 6  0.541948
4 7  0.557762
4 8  0.609359
4 9  0.620440
4 10  0.588589
4 11  0.609173
4 12  0.603255
4 13  0.551167
4 14  0.598001
4 15  0.585805
4 16  0.591157
4 17  0.556897
4 18  0.578945
4 19  0.568733
4 20  0.269031
4 21  0.545616
4 22  0.547090
4 23  0.584992
4 24  0.553849
4 25  0.611030
4 26  0.545458
4 27  0.607410
4 28  0.619594
4 29  0.597622
4 30  0.612460
5 6  0.507510
5 7  0.591243
5 8  0.616947
5 9  0.628186
5 10  0.597584
5 11  0.616772
5 12  0.611138
5 13  0.553516
5 14  0.605784
5 15  0.593497
5 16  0.600824
5 17  0.564978
5 18  0.586600
5 19  0.576358
5 20  0.547743
5 21  0.272478
5 22  0.504878
5 23  0.592747
5 24  0.596454
5 25  0.618749
5 26  0.543963
5 27  0.615028
5 28  0.627779
5 29  0.605145
5 30  0.620237
6 7  0.589341
6 8  0.616742
6 9  0.627984
6 10  0.597430
6 11  0.616565
6 12  0.610920
6 13  0.551690
6 14  0.605582
6 15  0.593290
6 16  0.601144
6 17  0.563421
6 18  0.586406
6 19  0.576156
6 20  0.550020
6 21  0.504367
6 22  0.275119
6 23  0.592609
6 24  0.595183
6 25  0.618563
6 26  0.543528
6 27  0.614710
6 28  0.627700
6 29  0.604936
6 30  0.620072
7 8  0.657782
7 9  0.667278
7 10  0.625019
7 11  0.657607
7 12  0.649469
7 13  0.605838
7 14  0.646521
7 15  0.634035
7 16  0.632621
7 17  0.583824
7 18  0.627692
7 19  0.617501
7 20  0.557974
7 21  0.596758
7 22  0.594876
7 23  0.632782
7 24  0.388896
7 25  0.659867
7 26  0.597651
7 27  0.653090
7 28  0.668055
7 29  0.644621
7 30  0.661135
8 9  0.670412
8 10  0.657959
8 11  0.637781
8 12  0.671474
8 13  0.643368
8 14  0.660216
8 15  0.646416
8 16  0.664385
8 17  0.628335
8 18  0.644164
8 19  0.624328
8 20  0.614576
8 21  0.619646
8 22  0.619094
8 23  0.642107
8 24  0.660485
8 25  0.424742
8 26  0.643775
8 27  0.677632
8 28  0.684987
8 29  0.664454
8 30  0.645521
9 10  0.649576
9 11  0.680358
9 12  0.675505
9 13  0.654612
9 14  0.645443
9 15  0.648623
9 16  0.665972
9 17  0.639289
9 18  0.660638
9 19  0.650120
9 20  0.625335
9 21  0.630845
9 22  0.630372
9 23  0.645569
9 24  0.670892
9 25  0.687054
9 26  0.654946
9 27  0.685200
9 28  0.453740
9 29  0.647571
9 30  0.690763
10 11  0.658248
10 12  0.616121
10 13  0.623950
10 14  0.645065
10 15  0.633202
10 16  0.382571
10 17  0.606310
10 18  0.630665
10 19  0.620551
10 20  0.592994
10 21  0.600153
10 22  0.600001
10 23  0.632796
10 24  0.632709
10 25  0.662570
10 26  0.624067
10 27  0.624170
10 28  0.662803
10 29  0.642229
10 30  0.663534
11 12  0.672419
11 13  0.643192
11 14  0.664150
11 15  0.635694
11 16  0.663562
11 17  0.628258
11 18  0.624683
11 19  0.631754
11 20  0.614304
11 21  0.619450
11 22  0.618918
11 23  0.632333
11 24  0.660046
11 25  0.644044
11 26  0.643595
11 27  0.677703
11 28  0.687353
11 29  0.664788
11 30  0.430362
12 13  0.637405
12 14  0.637870
12 15  0.648607
12 16  0.625676
12 17  0.599854
12 18  0.644034
12 19  0.633486
12 20  0.608840
12 21  0.613785
12 22  0.613050
12 23  0.645906
12 24  0.650774
12 25  0.675509
12 26  0.637683
12 27  0.405612
12 28  0.681505
12 29  0.641221
12 30  0.677344
13 14  0.632176
13 15  0.619919
13 16  0.627468
13 17  0.588199
13 18  0.613007
13 19  0.602756
13 20  0.548708
13 21  0.546159
13 22  0.545056
13 23  0.619281
13 24  0.600403
13 25  0.645133
13 26  0.375568
13 27  0.641056
13 28  0.654219
13 29  0.631593
13 30  0.646655
14 15  0.625429
14 16  0.646221
14 17  0.611986
14 18  0.637861
14 19  0.626957
14 20  0.603373
14 21  0.608387
14 22  0.607852
14 23  0.619814
14 24  0.647539
14 25  0.667106
14 26  0.632631
14 27  0.645407
14 28  0.647860
14 29  0.443380
14 30  0.668647
15 16  0.637116
15 17  0.603752
15 18  0.620214
15 19  0.611516
15 20  0.590888
15 21  0.596120
15 22  0.595632
15 23  0.436590
15 24  0.635820
15 25  0.644375
15 26  0.620352
15 27  0.650286
15 28  0.645709
15 29  0.620057
15 30  0.636199
16 17  0.608176
16 18  0.633778
16 19  0.623561
16 20  0.596913
16 21  0.603973
16 22  0.603483
16 23  0.635697
16 24  0.630545
16 25  0.662888
16 26  0.627786
16 27  0.621513
16 28  0.651794
16 29  0.648227
16 30  0.665061
17 18  0.598086
17 19  0.587802
17 20  0.560367
17 21  0.567602
17 22  0.566615
17 23  0.604143
17 24  0.583086
17 25  0.629742
17 26  0.589678
17 27  0.597586
17 28  0.637703
17 29  0.613818
17 30  0.631479
18 19  0.562554
18 20  0.584325
18 21  0.589314
18 22  0.588755
18 23  0.623357
18 24  0.630121
18 25  0.643053
18 26  0.613473
18 27  0.647535
18 28  0.658144
18 29  0.636956
18 30  0.622880
19 20  0.574076
19 21  0.579063
19 22  0.578505
19 23  0.613009
19 24  0.619880
19 25  0.614408
19 26  0.603223
19 27  0.637071
19 28  0.646798
19 29  0.625498
19 30  0.637275
20 21  0.547414
20 22  0.548125
20 23  0.590421
20 24  0.564174
20 25  0.616456
20 26  0.555751
20 27  0.612419
20 28  0.625335
20 29  0.602727
20 30  0.617964
21 22  0.511963
21 23  0.595553
21 24  0.595540
21 25  0.621467
21 26  0.556217
21 27  0.617757
21 28  0.630598
21 29  0.607940
21 30  0.622984
22 23  0.594996
22 24  0.593671
22 25  0.620908
22 26  0.554433
22 27  0.617185
22 28  0.630049
22 29  0.607385
22 30  0.622424
23 24  0.635725
23 25  0.647824
23 26  0.619712
23 27  0.651450
23 28  0.646881
23 29  0.625731
23 30  0.639103
24 25  0.661961
24 26  0.609723
24 27  0.655772
24 28  0.669206
24 29  0.648450
24 30  0.663489
25 26  0.645628
25 27  0.676928
25 28  0.670528
25 29  0.661150
25 30  0.640972
26 27  0.641779
26 28  0.654760
26 29  0.632056
26 30  0.647145
27 28  0.679178
27 29  0.641785
27 30  0.679562
28 29  0.643804
28 30  0.683407
29 30  0.666692
