  -1146.50715666
  -1146.88114902
0.00003135962350
2 2 2 2 2 2 2 2 2 2 2 2 2 2 2 0 0 0 0 0 0 0 0 0 0 0 0 0 0 0 
1  0.286035
2  0.307704
3  0.298260
4  0.273095
5  0.278764
6  0.278625
7  0.324108
8  0.347763
9  0.361263
10  0.330860
11  0.346730
12  0.342698
13  0.306314
14  0.336516
15  0.323472
16  0.334537
17  0.295106
18  0.314096
19  0.304198
20  0.278572
21  0.281480
22  0.281000
23  0.322557
24  0.326477
25  0.349321
26  0.306597
27  0.346524
28  0.360812
29  0.335776
30  0.350158
1 2  0.593664
1 3  0.584179
1 4  0.557311
1 5  0.564588
1 6  0.563991
1 7  0.586895
1 8  0.633175
1 9  0.645459
1 10  0.611832
1 11  0.632376
1 12  0.600336
1 13  0.589772
1 14  0.619645
1 15  0.609286
1 16  0.617929
1 17  0.282703
1 18  0.600109
1 19  0.590044
1 20  0.564150
1 21  0.567069
1 22  0.565129
1 23  0.607492
1 24  0.588978
1 25  0.635134
1 26  0.589708
1 27  0.610488
1 28  0.646474
1 29  0.616526
1 30  0.636144
2 3  0.561721
2 4  0.580795
2 5  0.586468
2 6  0.586328
2 7  0.631734
2 8  0.646466
2 9  0.665946
2 10  0.637795
2 11  0.624621
2 12  0.649848
2 13  0.614016
2 14  0.642960
2 15  0.629009
2 16  0.641989
2 17  0.602799
2 18  0.308276
2 19  0.569114
2 20  0.586167
2 21  0.589172
2 22  0.588705
2 23  0.624079
2 24  0.634107
2 25  0.652249
2 26  0.614259
2 27  0.654160
2 28  0.668001
2 29  0.642627
2 30  0.633554
3 4  0.571351
3 5  0.577023
3 6  0.576884
3 7  0.622299
3 8  0.619474
3 9  0.655600
3 10  0.628412
3 11  0.639270
3 12  0.640160
3 13  0.604573
3 14  0.632289
3 15  0.619283
3 16  0.632750
3 17  0.593190
3 18  0.569508
3 19  0.299080
3 20  0.576791
3 21  0.579738
3 22  0.579258
3 23  0.616228
3 24  0.624734
3 25  0.632415
3 26  0.604828
3 27  0.644347
3 28  0.658156
3 29  0.632516
3 30  0.641463
4 5  0.545544
4 6  0.547578
4 7  0.567647
4 8  0.620832
4 9  0.634070
4 10  0.602010
4 11  0.619783
4 12  0.615415
4 13  0.557830
4 14  0.609353
4 15  0.596399
4 16  0.604818
4 17  0.567427
4 18  0.587047
4 19  0.577220
4 20  0.276211
4 21  0.551296
4 22  0.552876
4 23  0.595336
4 24  0.563935
4 25  0.622206
4 26  0.552249
4 27  0.619515
4 28  0.633080
4 29  0.608815
4 30  0.622964
5 6  0.511715
5 7  0.599018
5 8  0.626517
5 9  0.639951
5 10  0.609276
5 11  0.625484
5 12  0.621427
5 13  0.558491
5 14  0.615264
5 15  0.602211
5 16  0.612514
5 17  0.573623
5 18  0.592833
5 19  0.582954
5 20  0.553659
5 21  0.276383
5 22  0.509134
5 23  0.601174
5 24  0.604405
5 25  0.628052
5 26  0.548811
5 27  0.625252
5 28  0.639414
5 29  0.614441
5 30  0.628848
6 7  0.597119
6 8  0.626377
6 9  0.639814
6 10  0.609184
6 11  0.625340
6 12  0.621275
6 13  0.556619
6 14  0.615131
6 15  0.602066
6 16  0.613012
6 17  0.572082
6 18  0.592718
6 19  0.582823
6 20  0.555973
6 21  0.508597
6 22  0.279130
6 23  0.601111
6 24  0.603218
6 25  0.627946
6 26  0.548413
6 27  0.624961
6 28  0.639411
6 29  0.614270
6 30  0.628770
7 8  0.671427
7 9  0.682889
7 10  0.639769
7 11  0.670391
7 12  0.663727
7 13  0.614698
7 14  0.660183
7 15  0.646845
7 16  0.648478
7 17  0.596798
7 18  0.638119
7 19  0.628304
7 20  0.568214
7 21  0.604771
7 22  0.602978
7 23  0.645479
7 24  0.400991
7 25  0.673378
7 26  0.606596
7 27  0.667510
7 28  0.683824
7 29  0.658127
7 30  0.673958
8 9  0.686012
8 10  0.674669
8 11  0.652165
8 12  0.686970
8 13  0.654071
8 14  0.674758
8 15  0.660852
8 16  0.681782
8 17  0.642655
8 18  0.656187
8 19  0.636049
8 20  0.626196
8 21  0.629232
8 22  0.628761
8 23  0.656374
8 24  0.674204
8 25  0.438985
8 26  0.654294
8 27  0.693455
8 28  0.701775
8 29  0.679368
8 30  0.660216
9 10  0.666610
9 11  0.696111
9 12  0.693036
9 13  0.667534
9 14  0.663013
9 15  0.665244
9 16  0.684797
9 17  0.655865
9 18  0.674733
9 19  0.664536
9 20  0.639148
9 21  0.642651
9 22  0.642262
9 23  0.662057
9 24  0.686740
9 25  0.703752
9 26  0.667665
9 27  0.703270
9 28  0.472280
9 29  0.665176
9 30  0.707196
10 11  0.674277
10 12  0.634116
10 13  0.636737
10 14  0.662276
10 15  0.649407
10 16  0.401009
10 17  0.622816
10 18  0.644740
10 19  0.635008
10 20  0.606755
10 21  0.611857
10 22  0.611825
10 23  0.649083
10 24  0.648371
10 25  0.679671
10 26  0.636766
10 27  0.642647
10 28  0.681435
10 29  0.659481
10 30  0.679984
11 12  0.687129
11 13  0.653038
11 14  0.678181
11 15  0.648141
11 16  0.680136
11 17  0.641768
11 18  0.635620
11 19  0.643319
11 20  0.625043
11 21  0.628169
11 22  0.627728
11 23  0.645220
11 24  0.672918
11 25  0.658509
11 26  0.653249
11 27  0.692681
11 28  0.703736
11 29  0.678774
11 30  0.443502
12 13  0.648794
12 14  0.652511
12 15  0.663682
12 16  0.644266
12 17  0.614430
12 18  0.656696
12 19  0.646415
12 20  0.621215
12 21  0.624104
12 22  0.623377
12 23  0.660735
12 24  0.665244
12 25  0.691193
12 26  0.648966
12 27  0.421744
12 28  0.699491
12 29  0.656618
12 30  0.692326
13 14  0.642787
13 15  0.629770
13 16  0.640370
13 17  0.597966
13 18  0.620364
13 19  0.610470
13 20  0.555781
13 21  0.551146
13 22  0.550109
13 23  0.628859
13 24  0.609435
13 25  0.655552
13 26  0.381425
13 27  0.652397
13 28  0.666952
13 29  0.642015
13 30  0.656406
14 15  0.639120
14 16  0.663688
14 17  0.626131
14 18  0.649632
14 19  0.639150
14 20  0.614955
14 21  0.617891
14 22  0.617405
14 23  0.633493
14 24  0.661227
14 25  0.682008
14 26  0.643085
14 27  0.660946
14 28  0.665446
14 29  0.457349
14 30  0.682776
15 16  0.653794
15 17  0.617234
15 18  0.631157
15 19  0.623108
15 20  0.601681
15 21  0.604848
15 22  0.604439
15 23  0.448969
15 24  0.648779
15 25  0.658571
15 26  0.630033
15 27  0.665200
15 28  0.662371
15 29  0.633708
15 30  0.649171
16 17  0.624491
16 18  0.647709
16 19  0.637880
16 20  0.610483
16 21  0.615767
16 22  0.615328
16 23  0.651582
16 24  0.645342
16 25  0.679450
16 26  0.640446
16 27  0.639364
16 28  0.668785
16 29  0.665369
16 30  0.681063
17 18  0.609103
17 19  0.599144
17 20  0.570988
17 21  0.576238
17 22  0.575277
17 23  0.617352
17 24  0.595474
17 25  0.643673
17 26  0.599140
17 27  0.610629
17 28  0.653913
17 29  0.627459
17 30  0.644806
18 19  0.571853
18 20  0.592657
18 21  0.595575
18 22  0.595095
18 23  0.633958
18 24  0.640467
18 25  0.654453
18 26  0.620692
18 27  0.659975
18 28  0.671685
18 29  0.648462
18 30  0.632734
19 20  0.582763
19 21  0.585677
19 22  0.585197
19 23  0.624089
19 24  0.630585
19 25  0.624844
19 26  0.610795
19 27  0.649780
19 28  0.660626
19 29  0.637212
19 30  0.648496
20 21  0.553117
20 22  0.553948
20 23  0.600909
20 24  0.574131
20 25  0.627845
20 26  0.562559
20 27  0.624693
20 28  0.638953
20 29  0.614074
20 30  0.628659
21 22  0.516208
21 23  0.604012
21 24  0.603301
21 25  0.630792
21 26  0.560971
21 27  0.627982
21 28  0.642231
21 29  0.617241
21 30  0.631628
22 23  0.603531
22 24  0.601429
22 25  0.630311
22 26  0.559203
22 27  0.627474
22 28  0.641758
22 29  0.616769
22 30  0.631146
23 24  0.648209
23 25  0.661835
23 26  0.629130
23 27  0.666071
23 28  0.663057
23 29  0.638981
23 30  0.651303
24 25  0.675270
24 26  0.618529
24 27  0.669879
24 28  0.684588
24 29  0.661850
24 30  0.676119
25 26  0.655916
25 27  0.692077
25 28  0.685812
25 29  0.675327
25 30  0.655013
26 27  0.652945
26 28  0.667350
26 29  0.642307
26 30  0.656752
27 28  0.696538
27 29  0.656219
27 30  0.694177
28 29  0.660974
28 30  0.699018
29 30  0.680416
