  -1146.50715666
  -1146.88182239
0.00001025769080
2 2 2 2 2 2 2 2 2 2 2 2 2 2 2 0 0 0 0 0 0 0 0 0 0 0 0 0 0 0 
1  0.288142
2  0.309149
3  0.299661
4  0.274322
5  0.279350
6  0.279210
7  0.326067
8  0.349944
9  0.364166
10  0.333926
11  0.348829
12  0.345443
13  0.307182
14  0.338831
15  0.325555
16  0.337612
17  0.297314
18  0.315590
19  0.305685
20  0.279842
21  0.282015
22  0.281559
23  0.324531
24  0.328389
25  0.351498
26  0.307424
27  0.349217
28  0.363709
29  0.338062
30  0.352254
1 2  0.597197
1 3  0.587651
1 4  0.560614
1 5  0.567266
1 6  0.566645
1 7  0.590862
1 8  0.637393
1 9  0.650424
1 10  0.616913
1 11  0.636530
1 12  0.604522
1 13  0.592691
1 14  0.623937
1 15  0.613463
1 16  0.623095
1 17  0.286792
1 18  0.603703
1 19  0.593596
1 20  0.567507
1 21  0.569705
1 22  0.567760
1 23  0.611554
1 24  0.593056
1 25  0.639381
1 26  0.592677
1 27  0.615158
1 28  0.651466
1 29  0.620886
1 30  0.640337
2 3  0.564637
2 4  0.583463
2 5  0.588497
2 6  0.588356
2 7  0.635114
2 8  0.650030
2 9  0.670176
2 10  0.642190
2 11  0.627915
2 12  0.653939
2 13  0.616328
2 14  0.646661
2 15  0.632472
2 16  0.646463
2 17  0.606448
2 18  0.311212
2 19  0.572222
2 20  0.588846
2 21  0.591148
2 22  0.590708
2 23  0.627501
2 24  0.637446
2 25  0.655881
2 26  0.616516
2 27  0.658281
2 28  0.672304
2 29  0.646323
2 30  0.637106
3 4  0.573979
3 5  0.579009
3 6  0.578869
3 7  0.625645
3 8  0.622678
3 9  0.659735
3 10  0.632798
3 11  0.642729
3 12  0.644182
3 13  0.606842
3 14  0.635881
3 15  0.622740
3 16  0.637219
3 17  0.596753
3 18  0.572585
3 19  0.301936
3 20  0.579447
3 21  0.581673
3 22  0.581215
3 23  0.619658
3 24  0.628045
3 25  0.635936
3 26  0.607033
3 27  0.648413
3 28  0.662424
3 29  0.636138
3 30  0.644986
4 5  0.547322
4 6  0.549338
4 7  0.570800
4 8  0.624231
4 9  0.638156
4 10  0.606227
4 11  0.623098
4 12  0.619360
4 13  0.559908
4 14  0.612869
4 15  0.599678
4 16  0.609127
4 17  0.570845
4 18  0.589722
4 19  0.579902
4 20  0.278618
4 21  0.553060
4 22  0.554648
4 23  0.598508
4 24  0.567135
4 25  0.625567
4 26  0.554319
4 27  0.623422
4 28  0.637202
4 29  0.612326
4 30  0.626237
5 6  0.512974
5 7  0.601487
5 8  0.629278
5 9  0.643424
5 10  0.612893
5 11  0.628163
5 12  0.624752
5 13  0.559982
5 14  0.618165
5 15  0.604875
5 16  0.616120
5 17  0.576415
5 18  0.594903
5 19  0.585023
5 20  0.555522
5 21  0.277618
5 22  0.510379
5 23  0.603720
5 24  0.606881
5 25  0.630809
5 26  0.550260
5 27  0.628534
5 28  0.642869
5 29  0.617324
5 30  0.631511
6 7  0.599579
6 8  0.629136
6 9  0.643289
6 10  0.612813
6 11  0.628017
6 12  0.624594
6 13  0.558072
6 14  0.618032
6 15  0.604727
6 16  0.616674
6 17  0.574843
6 18  0.594797
6 19  0.584895
6 20  0.557807
6 21  0.509811
6 22  0.280343
6 23  0.603662
6 24  0.605717
6 25  0.630709
6 26  0.549850
6 27  0.628211
6 28  0.642893
6 29  0.617134
6 30  0.631449
7 8  0.675502
7 9  0.687610
7 10  0.644406
7 11  0.674386
7 12  0.668344
7 13  0.617463
7 14  0.664437
7 15  0.650825
7 16  0.653461
7 17  0.601003
7 18  0.641551
7 19  0.631749
7 20  0.571464
7 21  0.607246
7 22  0.605492
7 23  0.649380
7 24  0.405045
7 25  0.677514
7 26  0.609381
7 27  0.672160
7 28  0.688678
7 29  0.662399
7 30  0.677976
8 9  0.690497
8 10  0.679692
8 11  0.656474
8 12  0.691726
8 13  0.657120
8 14  0.679125
8 15  0.665141
8 16  0.687003
8 17  0.647009
8 18  0.659872
8 19  0.639619
8 20  0.629629
8 21  0.631945
8 22  0.631498
8 23  0.660573
8 24  0.678300
8 25  0.443249
8 26  0.657277
8 27  0.698302
8 28  0.706663
8 29  0.683853
8 30  0.664635
9 10  0.671707
9 11  0.700941
9 12  0.698580
9 13  0.671302
9 14  0.668326
9 15  0.670258
9 16  0.690472
9 17  0.660966
9 18  0.679095
9 19  0.668897
9 20  0.643330
9 21  0.646060
9 22  0.645724
9 23  0.666999
9 24  0.691563
9 25  0.708635
9 26  0.671367
9 27  0.708860
9 28  0.477825
9 29  0.670516
9 30  0.712202
10 11  0.679252
10 12  0.639913
10 13  0.640651
10 14  0.667643
10 15  0.654451
10 16  0.406984
10 17  0.628078
10 18  0.649260
10 19  0.639553
10 20  0.611104
10 21  0.615446
10 22  0.615451
10 23  0.654158
10 24  0.653278
10 25  0.684885
10 26  0.640637
10 27  0.648535
10 28  0.687107
10 29  0.664859
10 30  0.685112
11 12  0.691785
11 13  0.656006
11 14  0.682428
11 15  0.651947
11 16  0.685263
11 17  0.646061
11 18  0.639221
11 19  0.646936
11 20  0.628367
11 21  0.630796
11 22  0.630386
11 23  0.649154
11 24  0.676898
11 25  0.662935
11 26  0.656161
11 27  0.697442
11 28  0.708738
11 29  0.683075
11 30  0.447766
12 13  0.652395
12 14  0.657169
12 15  0.668460
12 16  0.650216
12 17  0.619218
12 18  0.660916
12 19  0.650609
12 20  0.625224
12 21  0.627379
12 22  0.626660
12 23  0.665430
12 24  0.669907
12 25  0.696072
12 26  0.652542
12 27  0.427153
12 28  0.705139
12 29  0.661500
12 30  0.697129
13 14  0.645965
13 15  0.632720
13 16  0.644291
13 17  0.601057
13 18  0.622712
13 19  0.612797
13 20  0.557953
13 21  0.552582
13 22  0.551556
13 23  0.631703
13 24  0.612201
13 25  0.658573
13 26  0.383295
13 27  0.655961
13 28  0.670684
13 29  0.645164
13 30  0.659361
14 15  0.643278
14 16  0.669113
14 17  0.630593
14 18  0.653397
14 19  0.642900
14 20  0.618535
14 21  0.620740
14 22  0.620275
14 23  0.637554
14 24  0.665463
14 25  0.686529
14 26  0.646224
14 27  0.665873
14 28  0.670814
14 29  0.461882
14 30  0.687115
15 16  0.658990
15 17  0.621518
15 18  0.634729
15 19  0.626723
15 20  0.605005
15 21  0.607455
15 22  0.607078
15 23  0.452971
15 24  0.652725
15 25  0.662854
15 26  0.632948
15 27  0.669921
15 28  0.667413
15 29  0.637919
15 30  0.653171
16 17  0.629689
16 18  0.652170
16 19  0.642340
16 20  0.614743
16 21  0.619363
16 22  0.618950
16 23  0.656524
16 24  0.649988
16 25  0.684470
16 26  0.644308
16 27  0.645077
16 28  0.673842
16 29  0.670702
16 30  0.686023
17 18  0.612785
17 19  0.602806
17 20  0.574423
17 21  0.578966
17 22  0.577998
17 23  0.621522
17 24  0.599457
17 25  0.647996
17 26  0.602137
17 27  0.614902
17 28  0.658973
17 29  0.631811
17 30  0.649045
18 19  0.574912
18 20  0.595416
18 21  0.597602
18 22  0.597146
18 23  0.637350
18 24  0.643853
18 25  0.658052
18 26  0.623012
18 27  0.664062
18 28  0.675960
18 29  0.652195
18 30  0.636040
19 20  0.585520
19 21  0.587698
19 22  0.587243
19 23  0.627537
19 24  0.633970
19 25  0.628129
19 26  0.613110
19 27  0.653840
19 28  0.664830
19 29  0.640852
19 30  0.652033
20 21  0.554891
20 22  0.555729
20 23  0.604118
20 24  0.577254
20 25  0.631279
20 26  0.564651
20 27  0.628632
20 28  0.643081
20 29  0.617603
20 30  0.632008
21 22  0.517396
21 23  0.606517
21 24  0.605672
21 25  0.633500
21 26  0.562352
21 27  0.631206
21 28  0.645653
21 29  0.620061
21 30  0.634255
22 23  0.606059
22 24  0.603829
22 25  0.633043
22 26  0.560582
22 27  0.630718
22 28  0.645207
22 29  0.619613
22 30  0.633795
23 24  0.652031
23 25  0.666032
23 26  0.631926
23 27  0.670668
23 28  0.667952
23 29  0.643036
23 30  0.655059
24 25  0.679301
24 26  0.621242
24 27  0.674402
24 28  0.689264
24 29  0.666028
24 30  0.680060
25 26  0.658919
25 27  0.696775
25 28  0.690300
25 29  0.679672
25 30  0.659294
26 27  0.656458
26 28  0.671066
26 29  0.645415
26 30  0.659674
27 28  0.702009
27 29  0.660826
27 30  0.698800
28 29  0.666232
28 30  0.703863
29 30  0.684639
