   -841.26279829
   -841.51708095
0.00050801947400
2 2 2 2 2 2 2 2 2 2 2 0 0 0 0 0 0 0 0 0 0 0 
1  0.263152
2  0.238542
3  0.244206
4  0.237684
5  0.281345
6  0.295775
7  0.237183
8  0.263263
9  0.280545
10  0.272093
11  0.272135
12  0.275840
13  0.275826
14  0.294995
15  0.265951
16  0.267055
17  0.240428
18  0.238508
19  0.284098
20  0.282931
21  0.240150
22  0.246717
1 2  0.469856
1 3  0.478442
1 4  0.499599
1 5  0.543870
1 6  0.558271
1 7  0.499249
1 8  0.520431
1 9  0.537706
1 10  0.535127
1 11  0.535084
1 12  0.538404
1 13  0.538969
1 14  0.554521
1 15  0.518712
1 16  0.305265
1 17  0.464187
1 18  0.501500
1 19  0.545794
1 20  0.538008
1 21  0.501582
1 22  0.470545
2 3  0.440754
2 4  0.475390
2 5  0.519778
2 6  0.534103
2 7  0.475219
2 8  0.500894
2 9  0.518098
2 10  0.510623
2 11  0.510651
2 12  0.514086
2 13  0.514284
2 14  0.533107
2 15  0.504284
2 16  0.464987
2 17  0.236854
2 18  0.476368
2 19  0.522620
2 20  0.519788
2 21  0.477898
2 22  0.438937
3 4  0.481290
3 5  0.525463
3 6  0.539879
3 7  0.480966
3 8  0.506314
3 9  0.524348
3 10  0.516290
3 11  0.516336
3 12  0.519961
3 13  0.519979
3 14  0.539186
3 15  0.508371
3 16  0.473670
3 17  0.435926
3 18  0.482224
3 19  0.528250
3 20  0.526971
3 21  0.482889
3 22  0.227546
4 5  0.518644
4 6  0.533389
4 7  0.435761
4 8  0.472448
4 9  0.518148
4 10  0.509771
4 11  0.509813
4 12  0.513475
4 13  0.513419
4 14  0.532653
4 15  0.467674
4 16  0.503059
4 17  0.477286
4 18  0.430759
4 19  0.521614
4 20  0.520566
4 21  0.217989
4 22  0.482907
5 6  0.552930
5 7  0.517437
5 8  0.537694
5 9  0.523685
5 10  0.547251
5 11  0.549002
5 12  0.556037
5 13  0.554735
5 14  0.545172
5 15  0.537954
5 16  0.546508
5 17  0.521745
5 18  0.518003
5 19  0.317304
5 20  0.520644
5 21  0.521345
5 22  0.528017
6 7  0.532771
6 8  0.558355
6 9  0.552242
6 10  0.546923
6 11  0.546929
6 12  0.540861
6 13  0.540882
6 14  0.372966
6 15  0.558006
6 16  0.558915
6 17  0.535742
6 18  0.533890
6 19  0.547701
6 20  0.547164
6 21  0.535910
6 22  0.542463
7 8  0.468393
7 9  0.517583
7 10  0.509244
7 11  0.509307
7 12  0.512921
7 13  0.512657
7 14  0.531722
7 15  0.462730
7 16  0.504047
7 17  0.477041
7 18  0.228111
7 19  0.519511
7 20  0.520096
7 21  0.433935
7 22  0.483443
8 9  0.543032
8 10  0.535082
8 11  0.535268
8 12  0.539092
8 13  0.538336
8 14  0.554349
8 15  0.303714
8 16  0.519999
8 17  0.503520
8 18  0.462838
8 19  0.538430
8 20  0.544570
8 21  0.465368
8 22  0.508136
9 10  0.548364
9 11  0.546490
9 12  0.553886
9 13  0.555262
9 14  0.544330
9 15  0.544561
9 16  0.538681
9 17  0.519294
9 18  0.519028
9 19  0.521120
9 20  0.314044
9 21  0.520621
9 22  0.527091
10 11  0.499321
10 12  0.496757
10 13  0.257726
10 14  0.536429
10 15  0.537371
10 16  0.539137
10 17  0.512466
10 18  0.510299
10 19  0.553548
10 20  0.554038
10 21  0.512211
10 22  0.518801
11 12  0.257863
11 13  0.496760
11 14  0.536568
11 15  0.538075
11 16  0.538645
11 17  0.512353
11 18  0.510584
11 19  0.555224
11 20  0.552376
11 21  0.512277
11 22  0.518825
12 13  0.505462
12 14  0.549582
12 15  0.541591
12 16  0.542491
12 17  0.516232
12 18  0.514330
12 19  0.553829
12 20  0.552145
12 21  0.515977
12 22  0.522546
13 14  0.549523
13 15  0.541382
13 16  0.542609
13 17  0.516237
13 18  0.514289
13 19  0.553169
13 20  0.552987
13 21  0.515953
13 22  0.522532
14 15  0.559989
14 16  0.561073
14 17  0.535188
14 18  0.533231
14 19  0.555424
14 20  0.554647
14 21  0.535041
14 22  0.541603
15 16  0.525472
15 17  0.505236
15 18  0.473620
15 19  0.542023
15 20  0.548149
15 21  0.477630
15 22  0.511304
16 17  0.476681
16 18  0.504310
16 19  0.550420
16 20  0.542291
16 21  0.505825
16 22  0.484855
17 18  0.478420
17 19  0.524408
17 20  0.522200
17 21  0.479718
17 22  0.443452
18 19  0.521450
18 20  0.521286
18 21  0.437758
18 22  0.484656
19 20  0.527061
19 21  0.523834
19 22  0.530714
20 21  0.523000
20 22  0.529218
21 22  0.486237
