   -841.26279829
   -841.52321286
0.00042766143200
2 2 2 2 2 2 2 2 2 2 2 0 0 0 0 0 0 0 0 0 0 0 
1  0.281744
2  0.258513
3  0.259571
4  0.256047
5  0.292349
6  0.304273
7  0.258448
8  0.284448
9  0.291643
10  0.276855
11  0.276901
12  0.280785
13  0.280799
14  0.303391
15  0.287135
16  0.284707
17  0.260683
18  0.260463
19  0.295602
20  0.294880
21  0.258358
22  0.261431
1 2  0.507290
1 3  0.509889
1 4  0.536260
1 5  0.573274
1 6  0.585150
1 7  0.539262
1 8  0.559161
1 9  0.565836
1 10  0.558407
1 11  0.558266
1 12  0.561849
1 13  0.562525
1 14  0.581555
1 15  0.558773
1 16  0.332463
1 17  0.501075
1 18  0.542066
1 19  0.575880
1 20  0.567703
1 21  0.538214
1 22  0.502133
2 3  0.472295
2 4  0.514259
2 5  0.550709
2 6  0.562484
2 7  0.516856
2 8  0.542107
2 9  0.548767
2 10  0.535355
2 11  0.535349
2 12  0.538927
2 13  0.539163
2 14  0.561522
2 15  0.545447
2 16  0.501121
2 17  0.254428
2 18  0.518728
2 19  0.554093
2 20  0.551598
2 21  0.516570
2 22  0.469625
3 4  0.515061
3 5  0.551812
3 6  0.563696
3 7  0.517815
3 8  0.542529
3 9  0.550661
3 10  0.536417
3 11  0.536453
3 12  0.540246
3 13  0.540295
3 14  0.562932
3 15  0.544907
3 16  0.504343
3 17  0.468161
3 18  0.519810
3 19  0.555119
3 20  0.554243
3 21  0.516650
3 22  0.249576
4 5  0.547812
4 6  0.560178
4 7  0.471665
4 8  0.509174
4 9  0.547602
4 10  0.532885
4 11  0.532940
4 12  0.536754
4 13  0.536746
4 14  0.559418
4 15  0.503372
4 16  0.538823
4 17  0.516424
4 18  0.467263
4 19  0.551402
4 20  0.550871
4 21  0.245578
4 22  0.516183
5 6  0.571376
5 7  0.549299
5 8  0.568929
5 9  0.546002
5 10  0.562338
5 11  0.563897
5 12  0.571772
5 13  0.570434
5 14  0.563557
5 15  0.570527
5 16  0.575192
5 17  0.553005
5 18  0.551067
5 19  0.336117
5 20  0.543815
5 21  0.550429
5 22  0.553730
6 7  0.562375
6 8  0.587868
6 9  0.570709
6 10  0.559946
6 11  0.559972
6 12  0.554167
6 13  0.554203
6 14  0.389931
6 15  0.587986
6 16  0.585545
6 17  0.564445
6 18  0.564234
6 19  0.566928
6 20  0.566334
6 21  0.562609
6 22  0.565683
7 8  0.507966
7 9  0.549910
7 10  0.535236
7 11  0.535338
7 12  0.539084
7 13  0.538827
7 14  0.561388
7 15  0.501290
7 16  0.542978
7 17  0.518914
7 18  0.254404
7 19  0.552355
7 20  0.553302
7 21  0.469072
7 22  0.519650
8 9  0.575257
8 10  0.560905
8 11  0.561159
8 12  0.565214
8 13  0.564578
8 14  0.584285
8 15  0.335464
8 16  0.559002
8 17  0.544976
8 18  0.501701
8 19  0.571054
8 20  0.577882
8 21  0.501622
8 22  0.544054
9 10  0.563194
9 11  0.561674
9 12  0.569728
9 13  0.571094
9 14  0.562820
9 15  0.576938
9 16  0.567539
9 17  0.550568
9 18  0.552073
9 19  0.543828
9 20  0.334704
9 21  0.549952
9 22  0.552840
10 11  0.509216
10 12  0.507115
10 13  0.267277
10 14  0.549675
10 15  0.563358
10 16  0.561545
10 17  0.537486
10 18  0.537020
10 19  0.569623
10 20  0.570511
10 21  0.535124
10 22  0.538250
11 12  0.267317
11 13  0.507139
11 14  0.549749
11 15  0.564021
11 16  0.560934
11 17  0.537305
11 18  0.537302
11 19  0.571263
11 20  0.568947
11 21  0.535216
11 22  0.538250
12 13  0.515855
12 14  0.562619
12 15  0.567632
12 16  0.564960
12 17  0.541413
12 18  0.541233
12 19  0.569538
12 20  0.568248
12 21  0.539132
12 22  0.542192
13 14  0.562595
13 15  0.567391
13 16  0.565212
13 17  0.541467
13 18  0.541197
13 19  0.568937
13 20  0.568973
13 21  0.539133
13 22  0.542219
14 15  0.589436
14 16  0.586984
14 17  0.563742
14 18  0.563460
14 19  0.574454
14 20  0.573834
14 21  0.561568
14 22  0.564640
15 16  0.563336
15 17  0.546639
15 18  0.513296
15 19  0.573536
15 20  0.581189
15 21  0.514502
15 22  0.546835
16 17  0.512882
16 18  0.543870
16 19  0.579464
16 20  0.570569
16 21  0.541286
16 22  0.515207
17 18  0.521042
17 19  0.556099
17 20  0.553948
17 21  0.518681
17 22  0.475159
18 19  0.554368
18 20  0.555131
18 21  0.474691
18 22  0.521610
19 20  0.550788
19 21  0.553063
19 22  0.556935
20 21  0.553139
20 22  0.555431
21 22  0.519239
