   -841.26279829
   -841.52661803
0.00019528286300
2 2 2 2 2 2 2 2 2 2 2 0 0 0 0 0 0 0 0 0 0 0 
1  0.297947
2  0.273906
3  0.273063
4  0.271165
5  0.298422
6  0.308834
7  0.272270
8  0.297978
9  0.297934
10  0.279416
11  0.279398
12  0.283338
13  0.283388
14  0.307754
15  0.300755
16  0.300579
17  0.276168
18  0.274467
19  0.301646
20  0.301166
21  0.273031
22  0.275110
1 2  0.535518
1 3  0.536457
1 4  0.567285
1 5  0.595524
1 6  0.605816
1 7  0.569226
1 8  0.588343
1 9  0.587680
1 10  0.577123
1 11  0.576897
1 12  0.580609
1 13  0.581309
1 14  0.602128
1 15  0.588482
1 16  0.359429
1 17  0.528861
1 18  0.572189
1 19  0.598145
1 20  0.590081
1 21  0.569104
1 22  0.527973
2 3  0.498883
2 4  0.544863
2 5  0.572129
2 6  0.582319
2 7  0.546104
2 8  0.570907
2 9  0.570159
2 10  0.553305
2 11  0.553220
2 12  0.556792
2 13  0.557133
2 14  0.581193
2 15  0.574394
2 16  0.528693
2 17  0.275476
2 18  0.548222
2 19  0.575512
2 20  0.573290
2 21  0.546763
2 22  0.496340
3 4  0.543747
3 5  0.571384
3 6  0.581704
3 7  0.545138
3 8  0.569265
3 9  0.570288
3 10  0.552470
3 11  0.552431
3 12  0.556255
3 13  0.556334
3 14  0.580793
3 15  0.571891
3 16  0.530013
3 17  0.495190
3 18  0.547383
3 19  0.574634
3 20  0.573957
3 21  0.545039
3 22  0.271428
4 5  0.568852
4 6  0.579802
4 7  0.496993
4 8  0.534970
4 9  0.569004
4 10  0.550552
4 11  0.550553
4 12  0.554378
4 13  0.554398
4 14  0.578893
4 15  0.528509
4 16  0.569800
4 17  0.547188
4 18  0.493046
4 19  0.572517
4 20  0.572252
4 21  0.268237
4 22  0.545213
5 6  0.581489
5 7  0.568926
5 8  0.587984
5 9  0.558557
5 10  0.570509
5 11  0.572097
5 12  0.580290
5 13  0.578976
5 14  0.573749
5 15  0.590146
5 16  0.597163
5 17  0.574546
5 18  0.570940
5 19  0.346569
5 20  0.556227
5 21  0.571135
5 22  0.573470
6 7  0.580650
6 8  0.605834
6 9  0.581026
6 10  0.566896
6 11  0.566867
6 12  0.561299
6 13  0.561383
6 14  0.398664
6 15  0.606159
6 16  0.605970
6 17  0.584457
6 18  0.582735
6 19  0.577270
6 20  0.576857
6 21  0.581833
6 22  0.583913
7 8  0.533760
7 9  0.569981
7 10  0.551596
7 11  0.551651
7 12  0.555436
7 13  0.555166
7 14  0.579532
7 15  0.527094
7 16  0.572580
7 17  0.548287
7 18  0.274162
7 19  0.572042
7 20  0.573395
7 21  0.494362
7 22  0.547202
8 9  0.595062
8 10  0.576936
8 11  0.577134
8 12  0.581289
8 13  0.580681
8 14  0.602165
8 15  0.358960
8 16  0.588264
8 17  0.573932
8 18  0.527375
8 19  0.590532
8 20  0.597679
8 21  0.526508
8 22  0.571174
9 10  0.571641
9 11  0.570026
9 12  0.578448
9 13  0.579861
9 14  0.573212
9 15  0.596853
9 16  0.589620
9 17  0.572215
9 18  0.572358
9 19  0.556254
9 20  0.345591
9 21  0.570897
9 22  0.572730
10 11  0.514569
10 12  0.512613
10 13  0.272164
10 14  0.556633
10 15  0.579499
10 16  0.579973
10 17  0.555511
10 18  0.553488
10 19  0.578136
10 20  0.579244
10 21  0.552346
10 22  0.554469
11 12  0.272115
11 13  0.512604
11 14  0.556638
11 15  0.580131
11 16  0.579305
11 17  0.555194
11 18  0.553787
11 19  0.579698
11 20  0.577627
11 21  0.552370
11 22  0.554412
12 13  0.521327
12 14  0.569347
12 15  0.583742
12 16  0.583323
12 17  0.559411
12 18  0.557779
12 19  0.577811
12 20  0.576673
12 21  0.556356
12 22  0.558407
13 14  0.569368
13 15  0.583536
13 16  0.583615
13 17  0.559531
13 18  0.557752
13 19  0.577168
13 20  0.577449
13 21  0.556376
13 22  0.558484
14 15  0.607303
14 16  0.607131
14 17  0.583466
14 18  0.581743
14 19  0.584535
14 20  0.584093
14 21  0.580560
14 22  0.582648
15 16  0.592226
15 17  0.575575
15 18  0.539181
15 19  0.592611
15 20  0.601078
15 21  0.540021
15 22  0.573829
16 17  0.540703
16 18  0.573669
16 19  0.601385
16 20  0.592121
16 21  0.571551
16 22  0.541644
17 18  0.550561
17 19  0.577564
17 20  0.575329
17 21  0.548931
17 22  0.502337
18 19  0.574039
18 20  0.575366
18 21  0.500138
18 22  0.549320
19 20  0.563317
19 21  0.573566
19 22  0.576645
20 21  0.574086
20 22  0.575207
21 22  0.547629
