   -841.26279829
   -841.52902755
0.00000014302290
2 2 2 2 2 2 2 2 2 2 2 0 0 0 0 0 0 0 0 0 0 0 
1  0.309922
2  0.283468
3  0.282769
4  0.282737
5  0.303213
6  0.312037
7  0.283497
8  0.309961
9  0.303199
10  0.281068
11  0.281096
12  0.285112
13  0.285136
14  0.310915
15  0.311860
16  0.311835
17  0.286045
18  0.286034
19  0.306415
20  0.306400
21  0.285388
22  0.285388
1 2  0.555086
1 3  0.554977
1 4  0.590607
1 5  0.612256
1 6  0.620868
1 7  0.592332
1 8  0.611968
1 9  0.604192
1 10  0.590704
1 11  0.590503
1 12  0.594330
1 13  0.595028
1 14  0.617378
1 15  0.611417
1 16  0.380902
1 17  0.548018
1 18  0.595632
1 19  0.614857
1 20  0.607142
1 21  0.593375
1 22  0.546948
2 3  0.517757
2 4  0.565968
2 5  0.586415
2 6  0.594939
2 7  0.566869
2 8  0.592338
2 9  0.584536
2 10  0.564505
2 11  0.564432
2 12  0.568003
2 13  0.568410
2 14  0.593876
2 15  0.594970
2 16  0.547613
2 17  0.291111
2 18  0.569345
2 19  0.589822
2 20  0.587906
2 21  0.568669
2 22  0.515038
3 4  0.564937
3 5  0.585862
3 6  0.594524
3 7  0.566029
3 8  0.590675
3 9  0.584919
3 10  0.563824
3 11  0.563807
3 12  0.567710
3 13  0.567724
3 14  0.593643
3 15  0.592713
3 16  0.547957
3 17  0.514310
3 18  0.568639
3 19  0.589074
3 20  0.588803
3 21  0.567166
3 22  0.289904
4 5  0.584896
4 6  0.594492
4 7  0.517768
4 8  0.555006
4 9  0.585817
4 10  0.563747
4 11  0.563821
4 12  0.567668
4 13  0.567702
4 14  0.593611
4 15  0.547925
4 16  0.592659
4 17  0.568619
4 18  0.514313
4 19  0.588783
4 20  0.589028
4 21  0.289886
4 22  0.567137
5 6  0.589285
5 7  0.584573
5 8  0.604240
5 9  0.568941
5 10  0.576777
5 11  0.578441
5 12  0.586813
5 13  0.585490
5 14  0.581697
5 15  0.606098
5 16  0.613207
5 17  0.589191
5 18  0.587164
5 19  0.355351
5 20  0.566540
5 21  0.588195
5 22  0.588507
6 7  0.594968
6 8  0.620909
6 9  0.589279
6 10  0.571778
6 11  0.571783
6 12  0.566348
6 13  0.566408
6 14  0.405311
6 15  0.620512
6 16  0.620490
6 17  0.597502
6 18  0.597493
6 19  0.585302
6 20  0.585326
6 21  0.597382
6 22  0.597382
7 8  0.555130
7 9  0.586431
7 10  0.564432
7 11  0.564562
7 12  0.568414
7 13  0.568054
7 14  0.593901
7 15  0.547677
7 16  0.594976
7 17  0.569385
7 18  0.291149
7 19  0.587945
7 20  0.589837
7 21  0.515033
7 22  0.568699
8 9  0.612279
8 10  0.590513
8 11  0.590771
8 12  0.595042
8 13  0.594391
8 14  0.617414
8 15  0.380933
8 16  0.611404
8 17  0.595683
8 18  0.548016
8 19  0.607209
8 20  0.614873
8 21  0.547015
8 22  0.593416
9 10  0.578382
9 11  0.576791
9 12  0.585461
9 13  0.586823
9 14  0.581639
9 15  0.613225
9 16  0.606091
9 17  0.587160
9 18  0.589167
9 19  0.566564
9 20  0.355318
9 21  0.588493
9 22  0.588181
10 11  0.518119
10 12  0.516319
10 13  0.275535
10 14  0.561546
10 15  0.592234
10 16  0.592876
10 17  0.567012
10 18  0.566628
10 19  0.584547
10 20  0.586084
10 21  0.566339
10 22  0.566359
11 12  0.275550
11 13  0.516331
11 14  0.561594
11 15  0.592929
11 16  0.592236
11 17  0.566666
11 18  0.567030
11 19  0.586126
11 20  0.584547
11 21  0.566386
11 22  0.566368
12 13  0.525071
12 14  0.574280
12 15  0.596579
12 16  0.596280
12 17  0.571012
12 18  0.571105
12 19  0.584238
12 20  0.583485
12 21  0.570481
12 22  0.570424
13 14  0.574288
13 15  0.596329
13 16  0.596580
13 17  0.571140
13 18  0.571025
13 19  0.583523
13 20  0.584259
13 21  0.570448
13 22  0.570506
14 15  0.621467
14 16  0.621446
14 17  0.596373
14 18  0.596361
14 19  0.592345
14 20  0.592327
14 21  0.595992
14 22  0.595993
15 16  0.614326
15 17  0.596397
15 18  0.559797
15 19  0.608093
15 20  0.617394
15 21  0.560022
15 22  0.594941
16 17  0.559783
16 18  0.596359
16 19  0.617384
16 20  0.608061
16 21  0.594915
16 22  0.560001
17 18  0.571979
17 19  0.592149
17 20  0.589890
17 21  0.571131
17 22  0.522233
18 19  0.589895
18 20  0.592123
18 21  0.522233
18 22  0.571121
19 20  0.573669
19 21  0.590259
19 22  0.591671
20 21  0.591656
20 22  0.590243
21 22  0.570169
