  -1146.51584475
  -1146.87502636
0.00021252398900
2 2 2 2 2 2 2 2 2 2 2 2 2 2 2 0 0 0 0 0 0 0 0 0 0 0 0 0 0 0 
1  0.265298
2  0.276422
3  0.288033
4  0.267604
5  0.257775
6  0.271302
7  0.274568
8  0.306190
9  0.305374
10  0.269041
11  0.300458
12  0.291178
13  0.299619
14  0.292231
15  0.290401
16  0.273524
17  0.279166
18  0.289158
19  0.271117
20  0.264653
21  0.273420
22  0.277109
23  0.305803
24  0.292543
25  0.290895
26  0.306876
27  0.304364
28  0.291162
29  0.302633
30  0.269957
1 2  0.540842
1 3  0.551973
1 4  0.532730
1 5  0.522999
1 6  0.536558
1 7  0.539850
1 8  0.554721
1 9  0.566263
1 10  0.534142
1 11  0.561489
1 12  0.555725
1 13  0.539422
1 14  0.555679
1 15  0.555553
1 16  0.254502
1 17  0.544333
1 18  0.553244
1 19  0.536357
1 20  0.529891
1 21  0.538361
1 22  0.542358
1 23  0.558192
1 24  0.557578
1 25  0.555382
1 26  0.565809
1 27  0.541209
1 28  0.553459
1 29  0.562993
1 30  0.534950
2 3  0.520584
2 4  0.544017
2 5  0.534192
2 6  0.547724
2 7  0.550990
2 8  0.572062
2 9  0.568482
2 10  0.545448
2 11  0.570249
2 12  0.567557
2 13  0.575164
2 14  0.568649
2 15  0.566821
2 16  0.549782
2 17  0.268362
2 18  0.517793
2 19  0.547474
2 20  0.541007
2 21  0.549831
2 22  0.553520
2 23  0.579937
2 24  0.568714
2 25  0.567315
2 26  0.559696
2 27  0.580363
2 28  0.567411
2 29  0.575360
2 30  0.546374
3 4  0.555632
3 5  0.545801
3 6  0.559334
3 7  0.562601
3 8  0.586611
3 9  0.569797
3 10  0.557069
3 11  0.584628
3 12  0.579205
3 13  0.587170
3 14  0.580252
3 15  0.578432
3 16  0.560050
3 17  0.517574
3 18  0.277779
3 19  0.559144
3 20  0.552669
3 21  0.561432
3 22  0.565132
3 23  0.590898
3 24  0.580498
3 25  0.578906
3 26  0.563563
3 27  0.592204
3 28  0.578963
3 29  0.587944
3 30  0.557988
4 5  0.524953
4 6  0.538852
4 7  0.542116
4 8  0.573765
4 9  0.572975
4 10  0.492377
4 11  0.567990
4 12  0.529074
4 13  0.564810
4 14  0.556177
4 15  0.557940
4 16  0.540743
4 17  0.546764
4 18  0.556757
4 19  0.489625
4 20  0.530807
4 21  0.541023
4 22  0.544538
4 23  0.573390
4 24  0.521775
4 25  0.558063
4 26  0.574382
4 27  0.571614
4 28  0.556935
4 29  0.570055
4 30  0.265930
5 6  0.524933
5 7  0.526611
5 8  0.563957
5 9  0.563135
5 10  0.526656
5 11  0.558143
5 12  0.547111
5 13  0.556552
5 14  0.524979
5 15  0.528841
5 16  0.531267
5 17  0.536923
5 18  0.546932
5 19  0.528589
5 20  0.246602
5 21  0.530261
5 22  0.531257
5 23  0.563576
5 24  0.548071
5 25  0.523108
5 26  0.564596
5 27  0.561848
5 28  0.516806
5 29  0.560193
5 30  0.526273
6 7  0.498963
6 8  0.577488
6 9  0.576673
6 10  0.540303
6 11  0.571747
6 12  0.562422
6 13  0.570710
6 14  0.559498
6 15  0.532849
6 16  0.544444
6 17  0.550460
6 18  0.560441
6 19  0.542351
6 20  0.534938
6 21  0.269706
6 22  0.496153
6 23  0.577067
6 24  0.563377
6 25  0.524460
6 26  0.578155
6 27  0.574621
6 28  0.561047
6 29  0.573934
6 30  0.541237
7 8  0.580757
7 9  0.579941
7 10  0.543572
7 11  0.575017
7 12  0.565641
7 13  0.574142
7 14  0.564398
7 15  0.535059
7 16  0.548041
7 17  0.553730
7 18  0.563720
7 19  0.545680
7 20  0.535386
7 21  0.495295
7 22  0.271064
7 23  0.580366
7 24  0.566399
7 25  0.526887
7 26  0.581443
7 27  0.578675
7 28  0.564917
7 29  0.577184
7 30  0.544322
8 9  0.584313
8 10  0.575189
8 11  0.570869
8 12  0.597275
8 13  0.601831
8 14  0.598320
8 15  0.596579
8 16  0.567521
8 17  0.582511
8 18  0.592517
8 19  0.577297
8 20  0.570813
8 21  0.579559
8 22  0.583285
8 23  0.371970
8 24  0.598581
8 25  0.597016
8 26  0.579241
8 27  0.607844
8 28  0.596864
8 29  0.569001
8 30  0.576132
9 10  0.574409
9 11  0.579055
9 12  0.596460
9 13  0.603801
9 14  0.597487
9 15  0.595771
9 16  0.572842
9 17  0.564042
9 18  0.562124
9 19  0.576392
9 20  0.569989
9 21  0.578770
9 22  0.582483
9 23  0.580980
9 24  0.597798
9 25  0.596184
9 26  0.405536
9 27  0.605538
9 28  0.596408
9 29  0.572128
9 30  0.575275
10 11  0.569310
10 12  0.529629
10 13  0.564881
10 14  0.559326
10 15  0.559375
10 16  0.542505
10 17  0.548109
10 18  0.558184
10 19  0.266588
10 20  0.533412
10 21  0.542382
10 22  0.546144
10 23  0.574840
10 24  0.522190
10 25  0.559518
10 26  0.575755
10 27  0.571179
10 28  0.559755
10 29  0.570900
10 30  0.489207
11 12  0.590707
11 13  0.587683
11 14  0.592315
11 15  0.590845
11 16  0.567519
11 17  0.575874
11 18  0.586587
11 19  0.570891
11 20  0.564536
11 21  0.573877
11 22  0.577523
11 23  0.564408
11 24  0.591545
11 25  0.591255
11 26  0.574848
11 27  0.590193
11 28  0.591478
11 29  0.377174
11 30  0.570281
12 13  0.579772
12 14  0.572748
12 15  0.581085
12 16  0.564284
12 17  0.569991
12 18  0.580182
12 19  0.522130
12 20  0.553129
12 21  0.564316
12 22  0.567615
12 23  0.596847
12 24  0.358180
12 25  0.581873
12 26  0.597917
12 27  0.578913
12 28  0.566544
12 29  0.592417
12 30  0.522588
13 14  0.581278
13 15  0.588922
13 16  0.544283
13 17  0.578285
13 18  0.588641
13 19  0.568611
13 20  0.563910
13 21  0.572052
13 22  0.576396
13 23  0.602706
13 24  0.575905
13 25  0.589530
13 26  0.602042
13 27  0.358520
13 28  0.574330
13 29  0.588969
13 30  0.569232
14 15  0.571170
14 16  0.562219
14 17  0.571286
14 18  0.581143
14 19  0.562836
14 20  0.523817
14 21  0.564046
14 22  0.568583
14 23  0.597556
14 24  0.568522
14 25  0.563495
14 26  0.598891
14 27  0.579432
14 28  0.343940
14 29  0.594748
14 30  0.560285
15 16  0.563119
15 17  0.569564
15 18  0.579531
15 19  0.561129
15 20  0.529618
15 21  0.525998
15 22  0.526827
15 23  0.596121
15 24  0.582851
15 25  0.355585
15 26  0.597186
15 27  0.593511
15 28  0.562018
15 29  0.592997
15 30  0.560060
16 17  0.551586
16 18  0.561076
16 19  0.544440
16 20  0.538056
16 21  0.546886
16 22  0.550604
16 23  0.558982
16 24  0.564868
16 25  0.564239
16 26  0.575679
16 27  0.550943
16 28  0.562722
16 29  0.572035
16 30  0.543359
17 18  0.523323
17 19  0.550263
17 20  0.543815
17 21  0.552586
17 22  0.556275
17 23  0.574383
17 24  0.571638
17 25  0.570061
17 26  0.570520
17 27  0.582499
17 28  0.570320
17 29  0.574462
17 30  0.549114
18 19  0.560268
18 20  0.553804
18 21  0.562578
18 22  0.566267
18 23  0.587076
18 24  0.581686
18 25  0.580052
18 26  0.573349
18 27  0.592889
18 28  0.580305
18 29  0.586585
18 30  0.559111
19 20  0.535526
19 21  0.544511
19 22  0.548192
19 23  0.576888
19 24  0.533358
19 25  0.561949
19 26  0.577978
19 27  0.571203
19 28  0.559720
19 29  0.573511
19 30  0.496138
20 21  0.532860
20 22  0.535593
20 23  0.570453
20 24  0.554714
20 25  0.534733
20 26  0.571513
20 27  0.567652
20 28  0.529692
20 29  0.567222
20 30  0.534007
21 22  0.503083
21 23  0.579221
21 24  0.565903
21 25  0.535183
21 26  0.580292
21 27  0.577456
21 28  0.560268
21 29  0.576039
21 30  0.543345
22 23  0.582911
22 24  0.569550
22 25  0.538443
22 26  0.583983
22 27  0.581371
22 28  0.565260
22 29  0.579733
22 30  0.547027
23 24  0.598233
23 25  0.596693
23 26  0.586995
23 27  0.606649
23 28  0.596874
23 29  0.569749
23 30  0.575742
24 25  0.582526
24 26  0.599259
24 27  0.584756
24 28  0.573271
24 29  0.593905
24 30  0.532892
25 26  0.597766
25 27  0.593853
25 28  0.571198
25 29  0.593511
25 30  0.560759
26 27  0.609832
26 28  0.597874
26 29  0.584210
26 30  0.576829
27 28  0.584740
27 29  0.594229
27 30  0.571071
28 29  0.593194
28 30  0.557124
29 30  0.572496
