  -1146.51584475
  -1146.87732702
0.00013340348800
2 2 2 2 2 2 2 2 2 2 2 2 2 2 2 0 0 0 0 0 0 0 0 0 0 0 0 0 0 0 
1  0.270525
2  0.279017
3  0.290471
4  0.273978
5  0.261274
6  0.273327
7  0.276426
8  0.310479
9  0.309040
10  0.275518
11  0.305322
12  0.298817
13  0.309214
14  0.300878
15  0.293624
16  0.278868
17  0.281912
18  0.291741
19  0.277734
20  0.268394
21  0.275637
22  0.279015
23  0.309781
24  0.300301
25  0.294168
26  0.310508
27  0.313480
28  0.300161
29  0.307316
30  0.276131
1 2  0.548505
1 3  0.559476
1 4  0.544306
1 5  0.531707
1 6  0.543791
1 7  0.546922
1 8  0.563228
1 9  0.574860
1 10  0.545818
1 11  0.571533
1 12  0.568541
1 13  0.553981
1 14  0.569133
1 15  0.563993
1 16  0.264178
1 17  0.552285
1 18  0.560930
1 19  0.548190
1 20  0.538849
1 21  0.545679
1 22  0.549450
1 23  0.567071
1 24  0.570522
1 25  0.563803
1 26  0.574633
1 27  0.555647
1 28  0.567294
1 29  0.572977
1 30  0.546307
2 3  0.525850
2 4  0.552981
2 5  0.540283
2 6  0.552344
2 7  0.555442
2 8  0.578368
2 9  0.574674
2 10  0.554510
2 11  0.577315
2 12  0.577780
2 13  0.587201
2 14  0.579886
2 15  0.572639
2 16  0.557691
2 17  0.273354
2 18  0.523293
2 19  0.556651
2 20  0.547349
2 21  0.554634
2 22  0.558019
2 23  0.586371
2 24  0.578976
2 25  0.573180
2 26  0.565944
2 27  0.592033
2 28  0.578956
2 29  0.582515
2 30  0.555140
3 4  0.564443
3 5  0.551736
3 6  0.563798
3 7  0.566897
3 8  0.593030
3 9  0.575534
3 10  0.565981
3 11  0.591716
3 12  0.589282
3 13  0.599118
3 14  0.591326
3 15  0.584092
3 16  0.567750
3 17  0.523085
3 18  0.282626
3 19  0.568193
3 20  0.558849
3 21  0.566069
3 22  0.569471
3 23  0.597250
3 24  0.590662
3 25  0.584600
3 26  0.569563
3 27  0.603728
3 28  0.590326
3 29  0.594995
3 30  0.566600
4 5  0.534776
4 6  0.547234
4 7  0.550334
4 8  0.584423
4 9  0.583014
4 10  0.504065
4 11  0.579215
4 12  0.542421
4 13  0.580428
4 14  0.570932
4 15  0.567526
4 16  0.552435
4 17  0.555880
4 18  0.565715
4 19  0.501383
4 20  0.540851
4 21  0.549613
4 22  0.552801
4 23  0.583719
4 24  0.534821
4 25  0.567675
4 26  0.584373
4 27  0.587001
4 28  0.572242
4 29  0.581129
4 30  0.276228
5 6  0.530294
5 7  0.531726
5 8  0.571737
5 9  0.570301
5 10  0.536613
5 11  0.566489
5 12  0.558050
5 13  0.569509
5 14  0.537001
5 15  0.535416
5 16  0.540101
5 17  0.543148
5 18  0.553013
5 19  0.538668
5 20  0.253249
5 21  0.535923
5 22  0.536568
5 23  0.571051
5 24  0.559209
5 25  0.529961
5 26  0.571695
5 27  0.574417
5 28  0.529549
5 29  0.568336
5 30  0.535916
6 7  0.503062
6 8  0.583801
6 9  0.582363
6 10  0.548790
6 11  0.578630
6 12  0.572074
6 13  0.582258
6 14  0.569869
6 15  0.538015
6 16  0.551743
6 17  0.555225
6 18  0.565038
6 19  0.550990
6 20  0.540646
6 21  0.273822
6 22  0.500350
6 23  0.583063
6 24  0.573157
6 25  0.529744
6 26  0.583809
6 27  0.585662
6 28  0.572031
6 29  0.580642
6 30  0.549428
7 8  0.586902
7 9  0.585464
7 10  0.551886
7 11  0.581737
7 12  0.575114
7 13  0.585564
7 14  0.574720
7 15  0.540130
7 16  0.555227
7 17  0.558330
7 18  0.568159
7 19  0.554149
7 20  0.540913
7 21  0.499657
7 22  0.274726
7 23  0.586204
7 24  0.575952
7 25  0.532017
7 26  0.586934
7 27  0.589622
7 28  0.575735
7 29  0.583730
7 30  0.552343
8 9  0.592177
8 10  0.585946
8 11  0.580023
8 12  0.609197
8 13  0.615588
8 14  0.611211
8 15  0.604091
8 16  0.576720
8 17  0.589333
8 18  0.599269
8 19  0.588201
8 20  0.578829
8 21  0.586024
8 22  0.589467
8 23  0.379543
8 24  0.610579
8 25  0.604549
8 26  0.587121
8 27  0.621202
8 28  0.610062
8 29  0.577937
8 30  0.586586
9 10  0.584549
9 11  0.586973
9 12  0.607733
9 13  0.616988
9 14  0.609765
9 15  0.602657
9 16  0.581756
9 17  0.570476
9 18  0.568308
9 19  0.586649
9 20  0.577404
9 21  0.584637
9 22  0.588051
9 23  0.588489
9 24  0.609201
9 25  0.603085
9 26  0.412658
9 27  0.618209
9 28  0.609039
9 29  0.580028
9 30  0.585111
10 11  0.580613
10 12  0.543037
10 13  0.580554
10 14  0.574277
10 15  0.569057
10 16  0.554306
10 17  0.557302
10 18  0.567240
10 19  0.276965
10 20  0.543604
10 21  0.551079
10 22  0.554526
10 23  0.585292
10 24  0.535550
10 25  0.569208
10 26  0.585834
10 27  0.586671
10 28  0.575104
10 29  0.582028
10 30  0.500715
11 12  0.603113
11 13  0.601733
11 14  0.605710
11 15  0.598924
11 16  0.577732
11 17  0.583361
11 18  0.593915
11 19  0.582353
11 20  0.573010
11 21  0.580953
11 22  0.584290
11 23  0.573186
11 24  0.604194
11 25  0.599376
11 26  0.582944
11 27  0.604110
11 28  0.605315
11 29  0.386224
11 30  0.581314
12 13  0.596507
12 14  0.588461
12 15  0.591829
12 16  0.577226
12 17  0.580338
12 18  0.590385
12 19  0.535367
12 20  0.564487
12 21  0.574153
12 22  0.577123
12 23  0.608426
12 24  0.372031
12 25  0.592765
12 26  0.609192
12 27  0.595483
12 28  0.582680
12 29  0.604698
12 30  0.535456
13 14  0.597888
13 15  0.601495
13 16  0.559365
13 17  0.590615
13 18  0.600791
13 19  0.584709
13 20  0.577185
13 21  0.583707
13 22  0.587866
13 23  0.616283
13 24  0.593067
13 25  0.602271
13 26  0.615226
13 27  0.375708
13 28  0.591062
13 29  0.603242
13 30  0.584865
14 15  0.582704
14 16  0.576081
14 17  0.582624
14 18  0.592305
14 19  0.578004
14 20  0.536338
14 21  0.574842
14 22  0.579100
14 23  0.610202
14 24  0.584518
14 25  0.575321
14 26  0.611180
14 27  0.596158
14 28  0.359736
14 29  0.608055
14 30  0.575017
15 16  0.571645
15 17  0.575533
15 18  0.585321
15 19  0.570939
15 20  0.536598
15 21  0.531418
15 22  0.531949
15 23  0.603293
15 24  0.593806
15 25  0.361947
15 26  0.603986
15 27  0.605838
15 28  0.574256
15 29  0.600901
15 30  0.569437
16 17  0.559516
16 18  0.568823
16 19  0.556374
16 20  0.547117
16 21  0.554418
16 22  0.557838
16 23  0.567402
16 24  0.577885
16 25  0.572829
16 26  0.584402
16 27  0.565036
16 28  0.576721
16 29  0.582040
16 30  0.554863
17 18  0.528896
17 19  0.559612
17 20  0.550297
17 21  0.557548
17 22  0.560926
17 23  0.580525
17 24  0.582131
17 25  0.576078
17 26  0.576763
17 27  0.594194
17 28  0.582061
17 29  0.581525
17 30  0.558025
18 19  0.569461
18 20  0.560126
18 21  0.567377
18 22  0.570755
18 23  0.593307
18 24  0.592027
18 25  0.585906
18 26  0.579167
18 27  0.604476
18 28  0.591884
18 29  0.593535
18 30  0.567863
19 20  0.545849
19 21  0.553342
19 22  0.556710
19 23  0.587473
19 24  0.546837
19 25  0.571818
19 26  0.588222
19 27  0.586537
19 28  0.575187
19 29  0.584760
19 30  0.507878
20 21  0.538590
20 22  0.540989
20 23  0.578164
20 24  0.565970
20 25  0.541641
20 26  0.578879
20 27  0.580343
20 28  0.542381
20 29  0.575643
20 30  0.543863
21 22  0.507472
21 23  0.585411
21 24  0.575868
21 25  0.540548
21 26  0.586137
21 27  0.588706
21 28  0.571157
21 29  0.582934
21 30  0.551721
22 23  0.588790
22 24  0.579197
22 25  0.543630
22 26  0.589518
22 27  0.592356
22 28  0.575956
22 29  0.586319
22 30  0.555103
23 24  0.609961
23 25  0.603942
23 26  0.594466
23 27  0.619642
23 28  0.609823
23 29  0.578493
23 30  0.585889
24 25  0.593419
24 26  0.610608
24 27  0.601280
24 28  0.589324
24 29  0.606220
24 30  0.546176
25 26  0.604670
25 27  0.605955
25 28  0.583217
25 29  0.601455
25 30  0.570193
26 27  0.622480
26 28  0.610478
26 29  0.592079
26 30  0.586632
27 28  0.601384
27 29  0.607454
27 30  0.586067
28 29  0.606703
28 30  0.572067
29 30  0.583327
