  -1146.51584475
  -1146.87825722
0.00005872023950
2 2 2 2 2 2 2 2 2 2 2 2 2 2 2 0 0 0 0 0 0 0 0 0 0 0 0 0 0 0 
1  0.272896
2  0.279790
3  0.291263
4  0.277125
5  0.263118
6  0.274177
7  0.277144
8  0.311723
9  0.310153
10  0.278417
11  0.306972
12  0.302166
13  0.313561
14  0.304660
15  0.295187
16  0.281321
17  0.282713
18  0.292539
19  0.280696
20  0.270460
21  0.276540
22  0.279776
23  0.310978
24  0.303507
25  0.295753
26  0.311664
27  0.317636
28  0.303883
29  0.308913
30  0.279309
1 2  0.551606
1 3  0.562570
1 4  0.549804
1 5  0.535907
1 6  0.546986
1 7  0.549996
1 8  0.566514
1 9  0.578281
1 10  0.551075
1 11  0.575572
1 12  0.574243
1 13  0.560474
1 14  0.575043
1 15  0.567894
1 16  0.268590
1 17  0.555452
1 18  0.564068
1 19  0.553512
1 20  0.543261
1 21  0.548895
1 22  0.552573
1 23  0.570565
1 24  0.576079
1 25  0.567706
1 26  0.578166
1 27  0.562194
1 28  0.573372
1 29  0.576962
1 30  0.551838
2 3  0.527492
2 4  0.556893
2 5  0.542896
2 6  0.553966
2 7  0.556933
2 8  0.580253
2 9  0.576558
2 10  0.558172
2 11  0.579646
2 12  0.581895
2 13  0.592249
2 14  0.584438
2 15  0.574973
2 16  0.560908
2 17  0.274937
2 18  0.524980
2 19  0.560365
2 20  0.550176
2 21  0.556302
2 22  0.559548
2 23  0.588304
2 24  0.582906
2 25  0.575539
2 26  0.567897
2 27  0.596945
2 28  0.583420
2 29  0.584889
2 30  0.559089
3 4  0.568381
3 5  0.554367
3 6  0.565439
3 7  0.568406
3 8  0.595042
3 9  0.577359
3 10  0.569670
3 11  0.594098
3 12  0.593422
3 13  0.604200
3 14  0.595894
3 15  0.586445
3 16  0.570948
3 17  0.524800
3 18  0.284274
3 19  0.571946
3 20  0.561703
3 21  0.567744
3 22  0.571015
3 23  0.599239
3 24  0.594658
3 25  0.586974
3 26  0.571510
3 27  0.608662
3 28  0.594777
3 29  0.597357
3 30  0.570571
4 5  0.539734
4 6  0.551220
4 7  0.554189
4 8  0.588809
4 9  0.587273
4 10  0.509337
4 11  0.583998
4 12  0.548516
4 13  0.587740
4 14  0.577731
4 15  0.572231
4 16  0.558000
4 17  0.559826
4 18  0.569660
4 19  0.506874
4 20  0.546057
4 21  0.553663
4 22  0.556702
4 23  0.588052
4 24  0.540781
4 25  0.572400
4 26  0.588669
4 27  0.594247
4 28  0.579081
4 29  0.585857
4 30  0.281894
5 6  0.532950
5 7  0.534261
5 8  0.574821
5 9  0.573253
5 10  0.541335
5 11  0.569946
5 12  0.563052
5 13  0.575581
5 14  0.542550
5 15  0.538825
5 16  0.544380
5 17  0.545778
5 18  0.555655
5 19  0.543458
5 20  0.257040
5 21  0.538656
5 22  0.539189
5 23  0.574091
5 24  0.564223
5 25  0.533465
5 26  0.574691
5 27  0.580380
5 28  0.535151
5 29  0.571724
5 30  0.540945
6 7  0.504752
6 8  0.585893
6 9  0.584323
6 10  0.552532
6 11  0.581127
6 12  0.576270
6 13  0.587414
6 14  0.574401
6 15  0.540452
6 16  0.554986
6 17  0.556867
6 18  0.566671
6 19  0.554804
6 20  0.543545
6 21  0.275575
6 22  0.502098
6 23  0.585092
6 24  0.577211
6 25  0.532227
6 26  0.585814
6 27  0.590609
6 28  0.576595
6 29  0.583088
6 30  0.553456
7 8  0.588863
7 9  0.587294
7 10  0.555485
7 11  0.584106
7 12  0.579171
7 13  0.590622
7 14  0.579164
7 15  0.542505
7 16  0.558392
7 17  0.559844
7 18  0.569670
7 19  0.557826
7 20  0.543712
7 21  0.501407
7 22  0.276228
7 23  0.588117
7 24  0.579819
7 25  0.534386
7 26  0.588807
7 27  0.594493
7 28  0.580161
7 29  0.586047
7 30  0.556225
8 9  0.594546
8 10  0.590084
8 11  0.583020
8 12  0.613786
8 13  0.621155
8 14  0.616216
8 15  0.606892
8 16  0.580308
8 17  0.591331
8 18  0.601310
8 19  0.592408
8 20  0.582144
8 21  0.588141
8 22  0.591463
8 23  0.381885
8 24  0.615019
8 25  0.607384
8 26  0.589524
8 27  0.626584
8 28  0.615014
8 29  0.580877
8 30  0.591005
9 10  0.588558
9 11  0.589584
9 12  0.612183
9 13  0.622426
9 14  0.614634
9 15  0.605329
9 16  0.585356
9 17  0.572404
9 18  0.570222
9 19  0.590712
9 20  0.580571
9 21  0.586639
9 22  0.589922
9 23  0.590781
9 24  0.613522
9 25  0.605780
9 26  0.415077
9 27  0.623470
9 28  0.613863
9 29  0.582635
9 30  0.589401
10 11  0.585139
10 12  0.549187
10 13  0.587627
10 14  0.580877
10 15  0.573509
10 16  0.559649
10 17  0.560983
10 18  0.570936
10 19  0.281983
10 20  0.548549
10 21  0.554877
10 22  0.558185
10 23  0.589388
10 24  0.541494
10 25  0.573675
10 26  0.589877
10 27  0.593699
10 28  0.581697
10 29  0.586518
10 30  0.506041
11 12  0.608053
11 13  0.607585
11 14  0.611078
11 15  0.602132
11 16  0.581862
11 17  0.585800
11 18  0.596333
11 19  0.586950
11 20  0.576675
11 21  0.583508
11 22  0.586713
11 23  0.576117
11 24  0.609071
11 25  0.602596
11 26  0.585671
11 27  0.609967
11 28  0.610647
11 29  0.389542
11 30  0.586134
12 13  0.604037
12 14  0.595277
12 15  0.596660
12 16  0.583008
12 17  0.584446
12 18  0.594519
12 19  0.541394
12 20  0.569838
12 21  0.578397
12 22  0.581187
12 23  0.612968
12 24  0.378662
12 25  0.597668
12 26  0.613703
12 27  0.602950
12 28  0.589633
12 29  0.609670
12 30  0.541479
13 14  0.605162
13 15  0.607198
13 16  0.566125
13 17  0.595755
13 18  0.605922
13 19  0.591960
13 20  0.583532
13 21  0.588916
13 22  0.592964
13 23  0.621812
13 24  0.600543
13 25  0.608201
13 26  0.620715
13 27  0.383820
13 28  0.598699
13 29  0.609173
13 30  0.592331
14 15  0.587934
14 16  0.582272
14 17  0.587185
14 18  0.596816
14 19  0.584713
14 20  0.542225
14 21  0.579519
14 22  0.583629
14 23  0.615171
14 24  0.591370
14 25  0.580677
14 26  0.616107
14 27  0.603592
14 28  0.367228
14 29  0.613406
14 30  0.581954
15 16  0.575595
15 17  0.577898
15 18  0.587670
15 19  0.575439
15 20  0.540304
15 21  0.533937
15 22  0.534347
15 23  0.606040
15 24  0.598556
15 25  0.365242
15 26  0.606675
15 27  0.611526
15 28  0.579519
15 29  0.604059
15 30  0.574172
16 17  0.562728
16 18  0.571994
16 19  0.561776
16 20  0.551607
16 21  0.557747
16 22  0.561028
16 23  0.570744
16 24  0.583520
16 25  0.576836
16 26  0.587956
16 27  0.571407
16 28  0.582661
16 29  0.586110
16 30  0.560490
17 18  0.530585
17 19  0.563367
17 20  0.553163
17 21  0.559252
17 22  0.562489
17 23  0.582400
17 24  0.586133
17 25  0.578463
17 26  0.578705
17 27  0.599071
17 28  0.586581
17 29  0.583841
17 30  0.561998
18 19  0.573217
18 20  0.562988
18 21  0.569078
18 22  0.572314
18 23  0.595271
18 24  0.596031
18 25  0.588288
18 26  0.581053
18 27  0.609381
18 28  0.596399
18 29  0.595851
18 30  0.571839
19 20  0.550851
19 21  0.557204
19 22  0.560430
19 23  0.591628
19 24  0.552868
19 25  0.576355
19 26  0.592338
19 27  0.593485
19 28  0.581794
19 29  0.589295
19 30  0.513246
20 21  0.541521
20 22  0.543795
20 23  0.581423
20 24  0.571028
20 25  0.545281
20 26  0.582094
20 27  0.586378
20 28  0.548051
20 29  0.579293
20 30  0.549072
21 22  0.509256
21 23  0.587506
21 24  0.579974
21 25  0.543039
21 26  0.588192
21 27  0.593712
21 28  0.575686
21 29  0.585429
21 30  0.555797
22 23  0.590743
22 24  0.583152
22 25  0.546068
22 26  0.591432
22 27  0.597258
22 28  0.580366
22 29  0.588679
22 30  0.559039
23 24  0.614358
23 25  0.606723
23 26  0.596818
23 27  0.624972
23 28  0.614729
23 29  0.581416
23 30  0.590262
24 25  0.598102
24 26  0.614953
24 27  0.608518
24 28  0.595982
24 29  0.610971
24 30  0.552166
25 26  0.607410
25 27  0.611471
25 28  0.588417
25 29  0.604627
25 30  0.574949
26 27  0.627755
26 28  0.615328
26 29  0.594716
26 30  0.590962
27 28  0.608482
27 29  0.613063
27 30  0.593218
28 29  0.611920
28 30  0.578858
29 30  0.588086
