  -1146.51584475
  -1146.87867012
0.00000108013049
2 2 2 2 2 2 2 2 2 2 2 2 2 2 2 0 0 0 0 0 0 0 0 0 0 0 0 0 0 0 
1  0.274054
2  0.280107
3  0.291589
4  0.278868
5  0.264254
6  0.274667
7  0.277539
8  0.312284
9  0.310627
10  0.280232
11  0.307826
12  0.304101
13  0.315644
14  0.306674
15  0.296063
16  0.282546
17  0.283050
18  0.292868
19  0.282501
20  0.271658
21  0.277062
22  0.280189
23  0.311519
24  0.305383
25  0.296615
26  0.312166
27  0.319686
28  0.305810
29  0.309757
30  0.281124
1 2  0.553062
1 3  0.564039
1 4  0.552701
1 5  0.538190
1 6  0.548608
1 7  0.551534
1 8  0.568111
1 9  0.579895
1 10  0.554040
1 11  0.577591
1 12  0.577329
1 13  0.563611
1 14  0.578077
1 15  0.569910
1 16  0.270835
1 17  0.556944
1 18  0.565555
1 19  0.556469
1 20  0.545607
1 21  0.550543
1 22  0.554147
1 23  0.572243
1 24  0.579098
1 25  0.569658
1 26  0.579839
1 27  0.565423
1 28  0.576466
1 29  0.578978
1 30  0.554790
2 3  0.528174
2 4  0.558948
2 5  0.544348
2 6  0.554773
2 7  0.557645
2 8  0.581098
2 9  0.577357
2 10  0.560296
2 11  0.580790
2 12  0.584146
2 13  0.594621
2 14  0.586768
2 15  0.576164
2 16  0.562449
2 17  0.275619
2 18  0.525680
2 19  0.562474
2 20  0.551683
2 21  0.557128
2 22  0.560269
2 23  0.589151
2 24  0.585082
2 25  0.576720
2 26  0.568735
2 27  0.599309
2 28  0.585658
2 29  0.586055
2 30  0.561220
3 4  0.570449
3 5  0.555826
3 6  0.566255
3 7  0.569126
3 8  0.595914
3 9  0.578141
3 10  0.571808
3 11  0.595262
3 12  0.595683
3 13  0.606591
3 14  0.598230
3 15  0.587644
3 16  0.572501
3 17  0.525519
3 18  0.284964
3 19  0.574077
3 20  0.563221
3 21  0.568569
3 22  0.571745
3 23  0.600105
3 24  0.596858
3 25  0.588160
3 26  0.572355
3 27  0.611033
3 28  0.596999
3 29  0.598520
3 30  0.572711
4 5  0.542595
4 6  0.553446
4 7  0.556319
4 8  0.591110
4 9  0.589488
4 10  0.512621
4 11  0.586584
4 12  0.551932
4 13  0.591445
4 14  0.581411
4 15  0.574845
4 16  0.560948
4 17  0.561905
4 18  0.571732
4 19  0.510196
4 20  0.549000
4 21  0.555927
4 22  0.558858
4 23  0.590328
4 24  0.544106
4 25  0.575009
4 26  0.590913
4 27  0.597999
4 28  0.582730
4 29  0.588442
4 30  0.285004
5 6  0.534568
5 7  0.535782
5 8  0.576513
5 9  0.574857
5 10  0.544269
5 11  0.571909
5 12  0.566020
5 13  0.578707
5 14  0.545640
5 15  0.540866
5 16  0.546737
5 17  0.547234
5 18  0.557120
5 19  0.546392
5 20  0.259369
5 21  0.540311
5 22  0.540745
5 23  0.575767
5 24  0.567222
5 25  0.535532
5 26  0.576317
5 27  0.583532
5 28  0.538247
5 29  0.573609
5 30  0.543905
6 7  0.505704
6 8  0.586940
6 9  0.585287
6 10  0.554830
6 11  0.582466
6 12  0.578694
6 13  0.589973
6 14  0.576855
6 15  0.541849
6 16  0.556665
6 17  0.557683
6 18  0.567470
6 19  0.557097
6 20  0.545229
6 21  0.276612
6 22  0.503085
6 23  0.586112
6 24  0.579578
6 25  0.533628
6 26  0.586805
6 27  0.593137
6 28  0.579006
6 29  0.584422
6 30  0.555759
7 8  0.589817
7 9  0.588162
7 10  0.557682
7 11  0.585355
7 12  0.581495
7 13  0.593094
7 14  0.581546
7 15  0.543853
7 16  0.560008
7 17  0.560568
7 18  0.570391
7 19  0.560022
7 20  0.545312
7 21  0.502409
7 22  0.277071
7 23  0.589049
7 24  0.582072
7 25  0.535708
7 26  0.589705
7 27  0.596933
7 28  0.582479
7 29  0.587286
7 30  0.558434
8 9  0.595601
8 10  0.592456
8 11  0.584499
8 12  0.616279
8 13  0.623777
8 14  0.618776
8 15  0.608324
8 16  0.582062
8 17  0.592217
8 18  0.602197
8 19  0.594773
8 20  0.583900
8 21  0.589197
8 22  0.592422
8 23  0.382986
8 24  0.617447
8 25  0.608805
8 26  0.590615
8 27  0.629187
8 28  0.617514
8 29  0.582336
8 30  0.593375
9 10  0.590845
9 11  0.590889
9 12  0.614587
9 13  0.624970
9 14  0.617101
9 15  0.606675
9 16  0.587069
9 17  0.573226
9 18  0.571037
9 19  0.592985
9 20  0.582231
9 21  0.587624
9 22  0.590805
9 23  0.591814
9 24  0.615870
9 25  0.607104
9 26  0.416182
9 27  0.626001
9 28  0.616260
9 29  0.583952
9 30  0.591690
10 11  0.587799
10 12  0.552779
10 13  0.591442
10 14  0.584654
10 15  0.576192
10 16  0.562683
10 17  0.563121
10 18  0.573080
10 19  0.284711
10 20  0.551554
10 21  0.557214
10 22  0.560411
10 23  0.591742
10 24  0.545032
10 25  0.576339
10 26  0.592189
10 27  0.597542
10 28  0.585410
10 29  0.589180
10 30  0.509295
11 12  0.610814
11 13  0.610445
11 14  0.613888
11 15  0.603856
11 16  0.583959
11 17  0.586991
11 18  0.597509
11 19  0.589610
11 20  0.578606
11 21  0.584882
11 22  0.587979
11 23  0.577566
11 24  0.611816
11 25  0.604306
11 26  0.587014
11 27  0.612887
11 28  0.613411
11 29  0.391372
11 30  0.588802
12 13  0.607984
12 14  0.599047
12 15  0.599421
12 16  0.586152
12 17  0.586702
12 18  0.596782
12 19  0.544859
12 20  0.572971
12 21  0.580854
12 22  0.583525
12 23  0.615437
12 24  0.382384
12 25  0.600453
12 26  0.616143
12 27  0.606918
12 28  0.593413
12 29  0.612471
12 30  0.544914
13 14  0.608838
13 15  0.610052
13 16  0.569432
13 17  0.598174
13 18  0.608330
13 19  0.595818
13 20  0.586772
13 21  0.591518
13 22  0.595449
13 23  0.624427
13 24  0.604481
13 25  0.611172
13 26  0.623309
13 27  0.387915
13 28  0.602451
13 29  0.612093
13 30  0.596189
14 15  0.590750
14 16  0.585526
14 17  0.589530
14 18  0.599137
14 19  0.588500
14 20  0.545460
14 21  0.582048
14 22  0.586048
14 23  0.617731
14 24  0.595168
14 25  0.583547
14 26  0.618621
14 27  0.607348
14 28  0.371200
14 29  0.616247
14 30  0.585755
15 16  0.577626
15 17  0.579111
15 18  0.588869
15 19  0.578110
15 20  0.542439
15 21  0.535379
15 22  0.535697
15 23  0.607442
15 24  0.601295
15 25  0.367124
15 26  0.608036
15 27  0.614481
15 28  0.582325
15 29  0.605778
15 30  0.576865
16 17  0.564276
16 18  0.573526
16 19  0.564798
16 20  0.554012
16 21  0.559471
16 22  0.562649
16 23  0.572410
16 24  0.586608
16 25  0.578902
16 26  0.589666
16 27  0.574566
16 28  0.585687
16 29  0.588188
16 30  0.563530
17 18  0.531293
17 19  0.565500
17 20  0.554696
17 21  0.560111
17 22  0.563238
17 23  0.583240
17 24  0.588342
17 25  0.579659
17 26  0.579551
17 27  0.601427
17 28  0.588843
17 29  0.584996
17 30  0.564144
18 19  0.575348
18 20  0.564513
18 21  0.569928
18 22  0.573055
18 23  0.596128
18 24  0.598236
18 25  0.589477
18 26  0.581875
18 27  0.611745
18 28  0.598655
18 29  0.597003
18 30  0.573982
19 20  0.553829
19 21  0.559529
19 22  0.562642
19 23  0.593969
19 24  0.556381
19 25  0.579012
19 26  0.594644
19 27  0.597249
19 28  0.585473
19 29  0.591927
19 30  0.516605
20 21  0.543235
20 22  0.545396
20 23  0.583153
20 24  0.573997
20 25  0.547364
20 26  0.583787
20 27  0.589522
20 28  0.551129
20 29  0.581329
20 30  0.552061
21 22  0.510261
21 23  0.588562
21 24  0.582368
21 25  0.544448
21 26  0.589213
21 27  0.596262
21 28  0.578085
21 29  0.586792
21 30  0.558130
22 23  0.591689
22 24  0.585432
22 25  0.547424
22 26  0.592344
22 27  0.599712
22 28  0.582680
22 29  0.589936
22 30  0.561264
23 24  0.616769
23 25  0.608125
23 26  0.597875
23 27  0.627546
23 28  0.617189
23 29  0.582873
23 30  0.592616
24 25  0.600768
24 26  0.617322
24 27  0.612376
24 28  0.599616
24 29  0.613662
24 30  0.555586
25 26  0.608774
25 27  0.614280
25 28  0.591142
25 29  0.606324
25 30  0.577621
26 27  0.630291
26 28  0.617737
26 29  0.596052
26 30  0.593277
27 28  0.612084
27 29  0.615881
27 30  0.596950
28 29  0.614604
28 30  0.582536
29 30  0.590729
