  -1146.52209506
  -1146.88847404
0.00008605460180
2 2 2 2 2 2 2 2 2 2 2 2 2 2 2 0 0 0 0 0 0 0 0 0 0 0 0 0 0 0 
1  0.266521
2  0.287213
3  0.297670
4  0.274946
5  0.262735
6  0.277405
7  0.280585
8  0.300127
9  0.328037
10  0.315925
11  0.309130
12  0.320431
13  0.312673
14  0.302764
15  0.309822
16  0.280618
17  0.302187
18  0.292845
19  0.277327
20  0.266836
21  0.280845
22  0.282522
23  0.320557
24  0.318746
25  0.312642
26  0.301673
27  0.327137
28  0.305095
29  0.310142
30  0.307569
1 2  0.553564
1 3  0.563920
1 4  0.539447
1 5  0.529173
1 6  0.543854
1 7  0.547067
1 8  0.566416
1 9  0.592803
1 10  0.561788
1 11  0.555429
1 12  0.585424
1 13  0.576598
1 14  0.566338
1 15  0.574176
1 16  0.256534
1 17  0.568695
1 18  0.559211
1 19  0.543242
1 20  0.533195
1 21  0.546806
1 22  0.548936
1 23  0.586882
1 24  0.563172
1 25  0.557961
1 26  0.567077
1 27  0.593370
1 28  0.568324
1 29  0.571513
1 30  0.572313
2 3  0.540467
2 4  0.562143
2 5  0.549945
2 6  0.564618
2 7  0.567798
2 8  0.587339
2 9  0.594115
2 10  0.602989
2 11  0.594482
2 12  0.601908
2 13  0.598042
2 14  0.589974
2 15  0.592684
2 16  0.567666
2 17  0.291215
2 18  0.540174
2 19  0.564442
2 20  0.554035
2 21  0.568050
2 22  0.569731
2 23  0.582796
2 24  0.605565
2 25  0.599836
2 26  0.588883
2 27  0.611701
2 28  0.592232
2 29  0.591996
2 30  0.594555
3 4  0.572614
3 5  0.560402
3 6  0.575075
3 7  0.578255
3 8  0.597796
3 9  0.617631
3 10  0.613515
3 11  0.604892
3 12  0.592567
3 13  0.609237
3 14  0.600433
3 15  0.605211
3 16  0.577472
3 17  0.549657
3 18  0.292686
3 19  0.574943
3 20  0.564503
3 21  0.578502
3 22  0.580187
3 23  0.608854
3 24  0.614908
3 25  0.610244
3 26  0.599328
3 27  0.612766
3 28  0.602665
3 29  0.601186
3 30  0.604930
4 5  0.532769
4 6  0.552227
4 7  0.555339
4 8  0.573416
4 9  0.602923
4 10  0.558746
4 11  0.583857
4 12  0.595367
4 13  0.585660
4 14  0.550044
4 15  0.584521
4 16  0.554891
4 17  0.576819
4 18  0.567622
4 19  0.281661
4 20  0.538001
4 21  0.555453
4 22  0.556816
4 23  0.594983
4 24  0.593630
4 25  0.551881
4 26  0.576157
4 27  0.601592
4 28  0.545392
4 29  0.584779
4 30  0.580151
5 6  0.536403
5 7  0.537646
5 8  0.543791
5 9  0.590764
5 10  0.576352
5 11  0.571852
5 12  0.583162
5 13  0.575230
5 14  0.545837
5 15  0.572546
5 16  0.543283
5 17  0.564856
5 18  0.555552
5 19  0.535662
5 20  0.248070
5 21  0.542693
5 22  0.541685
5 23  0.583134
5 24  0.581445
5 25  0.574642
5 26  0.537675
5 27  0.589758
5 28  0.540907
5 29  0.572681
5 30  0.569585
6 7  0.510271
6 8  0.546894
6 9  0.605441
6 10  0.592967
6 11  0.586530
6 12  0.597836
6 13  0.590063
6 14  0.576739
6 15  0.587224
6 16  0.557544
6 17  0.579588
6 18  0.570245
6 19  0.554397
6 20  0.543186
6 21  0.278191
6 22  0.507329
6 23  0.597956
6 24  0.596116
6 25  0.588977
6 26  0.538854
6 27  0.604529
6 28  0.581226
6 29  0.587545
6 30  0.584950
7 8  0.548901
7 9  0.608622
7 10  0.596417
7 11  0.589712
7 12  0.601016
7 13  0.593247
7 14  0.581380
7 15  0.590405
7 16  0.561109
7 17  0.582766
7 18  0.573426
7 19  0.557192
7 20  0.543445
7 21  0.507553
7 22  0.279243
7 23  0.601132
7 24  0.599328
7 25  0.592808
7 26  0.542141
7 27  0.607708
7 28  0.585087
7 29  0.590724
7 30  0.588086
8 9  0.628161
8 10  0.613661
8 11  0.609241
8 12  0.620556
8 13  0.612771
8 14  0.593051
8 15  0.609946
8 16  0.579706
8 17  0.602311
8 18  0.592972
8 19  0.576878
8 20  0.541388
8 21  0.541357
8 22  0.540689
8 23  0.620669
8 24  0.618747
8 25  0.611974
8 26  0.370640
8 27  0.627263
8 28  0.586919
8 29  0.610177
8 30  0.607623
9 10  0.643098
9 11  0.622048
9 12  0.610210
9 13  0.632020
9 14  0.630794
9 15  0.617077
9 16  0.607751
9 17  0.617975
9 18  0.617789
9 19  0.605132
9 20  0.594843
9 21  0.608852
9 22  0.610547
9 23  0.477581
9 24  0.643181
9 25  0.640649
9 26  0.629690
9 27  0.612006
9 28  0.632879
9 29  0.597045
9 30  0.634309
10 11  0.622000
10 12  0.635983
10 13  0.616992
10 14  0.599367
10 15  0.625109
10 16  0.572028
10 17  0.617755
10 18  0.608720
10 19  0.555442
10 20  0.582045
10 21  0.595700
10 22  0.598059
10 23  0.635636
10 24  0.630666
10 25  0.388444
10 26  0.616685
10 27  0.642841
10 28  0.593231
10 29  0.623071
10 30  0.615651
11 12  0.621538
11 13  0.586512
11 14  0.611716
11 15  0.606316
11 16  0.574048
11 17  0.610986
11 18  0.601721
11 19  0.586320
11 20  0.575962
11 21  0.589893
11 22  0.591636
11 23  0.627430
11 24  0.399617
11 25  0.619667
11 26  0.610676
11 27  0.635042
11 28  0.613657
11 29  0.590773
11 30  0.583882
12 13  0.628659
12 14  0.623174
12 15  0.607096
12 16  0.599179
12 17  0.612157
12 18  0.587476
12 19  0.597735
12 20  0.587267
12 21  0.601247
12 22  0.602945
12 23  0.597762
12 24  0.634764
12 25  0.632681
12 26  0.622060
12 27  0.477384
12 28  0.625394
12 29  0.606817
12 30  0.625639
13 14  0.614830
13 15  0.600729
13 16  0.588261
13 17  0.613372
13 18  0.604979
13 19  0.587422
13 20  0.578625
13 21  0.593503
13 22  0.595145
13 23  0.628875
13 24  0.590496
13 25  0.613156
13 26  0.614243
13 27  0.636548
13 28  0.617340
13 29  0.606858
13 30  0.391288
14 15  0.612434
14 16  0.580056
14 17  0.604846
14 18  0.595515
14 19  0.546515
14 20  0.541474
14 21  0.582101
14 22  0.584757
14 23  0.623205
14 24  0.621058
14 25  0.587288
14 26  0.587369
14 27  0.629676
14 28  0.375372
14 29  0.612886
14 30  0.609761
15 16  0.586050
15 17  0.605831
15 18  0.597346
15 19  0.586792
15 20  0.576503
15 21  0.590655
15 22  0.592344
15 23  0.607147
15 24  0.612312
15 25  0.619145
15 26  0.611390
15 27  0.596484
15 28  0.614904
15 29  0.520727
15 30  0.589125
16 17  0.582624
16 18  0.573146
16 19  0.554934
16 20  0.547316
16 21  0.561366
16 22  0.563089
16 23  0.600371
16 24  0.573668
16 25  0.570312
16 26  0.581961
16 27  0.606179
16 28  0.582309
16 29  0.588627
16 30  0.584429
17 18  0.548474
17 19  0.579483
17 20  0.569019
17 21  0.583031
17 22  0.584708
17 23  0.596442
17 24  0.619537
17 25  0.614651
17 26  0.603860
17 27  0.621654
17 28  0.607278
17 29  0.609465
17 30  0.607762
18 19  0.570162
18 20  0.559678
18 21  0.573689
18 22  0.575366
18 23  0.607609
18 24  0.609354
18 25  0.605338
18 26  0.594517
18 27  0.596665
18 28  0.597939
18 29  0.597971
18 30  0.598297
19 20  0.538758
19 21  0.558011
19 22  0.559720
19 23  0.597701
19 24  0.595573
19 25  0.558574
19 26  0.576877
19 27  0.604321
19 28  0.554045
19 29  0.586972
19 30  0.582792
20 21  0.542934
20 22  0.543291
20 23  0.587376
20 24  0.585567
20 25  0.576058
20 26  0.548103
20 27  0.593957
20 28  0.551628
20 29  0.576945
20 30  0.574277
21 22  0.514830
21 23  0.601400
21 24  0.599585
21 25  0.593088
21 26  0.551392
21 27  0.607981
21 28  0.581970
21 29  0.590982
21 30  0.588402
22 23  0.603077
22 24  0.601264
22 25  0.595043
22 26  0.553118
22 27  0.609658
22 28  0.584802
22 29  0.592662
22 30  0.590079
23 24  0.633970
23 25  0.632247
23 26  0.622226
23 27  0.607867
23 28  0.625636
23 29  0.609277
23 30  0.620126
24 25  0.629571
24 26  0.620410
24 27  0.636753
24 28  0.623573
24 29  0.608108
24 30  0.588523
25 26  0.611532
25 27  0.638501
25 28  0.598925
25 29  0.621766
25 30  0.608813
26 27  0.628807
26 28  0.596568
26 29  0.611807
26 30  0.609217
27 28  0.632214
27 29  0.615694
27 30  0.619829
28 29  0.615122
28 30  0.611989
29 30  0.605856
