  -1146.52209506
  -1146.89038109
0.00002530049590
2 2 2 2 2 2 2 2 2 2 2 2 2 2 2 0 0 0 0 0 0 0 0 0 0 0 0 0 0 0 
1  0.271824
2  0.290247
3  0.300881
4  0.279035
5  0.265869
6  0.279280
7  0.282290
8  0.302986
9  0.333168
10  0.321758
11  0.315272
12  0.325233
13  0.319639
14  0.307311
15  0.314918
16  0.286356
17  0.305583
18  0.296106
19  0.281479
20  0.269853
21  0.282795
22  0.284251
23  0.325603
24  0.324710
25  0.318291
26  0.304396
27  0.332320
28  0.309483
29  0.315088
30  0.314251
1 2  0.561842
1 3  0.572350
1 4  0.548768
1 5  0.537594
1 6  0.550990
1 7  0.554052
1 8  0.574517
1 9  0.602919
1 10  0.572569
1 11  0.565478
1 12  0.595322
1 13  0.588773
1 14  0.575941
1 15  0.584428
1 16  0.266513
1 17  0.577386
1 18  0.567647
1 19  0.552646
1 20  0.541483
1 21  0.554026
1 22  0.555965
1 23  0.597199
1 24  0.574068
1 25  0.568945
1 26  0.575044
1 27  0.603805
1 28  0.577945
1 29  0.581708
1 30  0.584265
2 3  0.546867
2 4  0.569262
2 5  0.556111
2 6  0.569527
2 7  0.572536
2 8  0.593231
2 9  0.601439
2 10  0.611798
2 11  0.603345
2 12  0.609697
2 13  0.607725
2 14  0.597555
2 15  0.600648
2 16  0.576422
2 17  0.297513
2 18  0.546703
2 19  0.571558
2 20  0.560079
2 21  0.573029
2 22  0.574492
2 23  0.590704
2 24  0.614548
2 25  0.608494
2 26  0.594638
2 27  0.619918
2 28  0.599616
2 29  0.599857
2 30  0.604176
3 4  0.579914
3 5  0.566746
3 6  0.580161
3 7  0.583171
3 8  0.603865
3 9  0.625889
3 10  0.622525
3 11  0.613956
3 12  0.599803
3 13  0.619211
3 14  0.608189
3 15  0.613369
3 16  0.586363
3 17  0.556574
3 18  0.299043
3 19  0.582276
3 20  0.570730
3 21  0.583655
3 22  0.585124
3 23  0.617187
3 24  0.623974
3 25  0.619101
3 26  0.605255
3 27  0.620916
3 28  0.610222
3 29  0.609299
3 30  0.614784
4 5  0.539669
4 6  0.558165
4 7  0.561104
4 8  0.580152
4 9  0.612136
4 10  0.568499
4 11  0.594052
4 12  0.604253
4 13  0.596461
4 14  0.558655
4 15  0.593651
4 16  0.564658
4 17  0.584221
4 18  0.574913
4 19  0.289318
4 20  0.545038
4 21  0.561449
4 22  0.562547
4 23  0.604075
4 24  0.603665
4 25  0.561705
4 26  0.582919
4 27  0.610811
4 28  0.553985
4 29  0.593796
4 30  0.590839
5 6  0.541251
5 7  0.542238
5 8  0.549589
5 9  0.599022
5 10  0.585108
5 11  0.581124
5 12  0.591090
5 13  0.585296
5 14  0.553219
5 15  0.580772
5 16  0.552121
5 17  0.571350
5 18  0.561928
5 19  0.542825
5 20  0.253676
5 21  0.547716
5 22  0.546458
5 23  0.591261
5 24  0.590552
5 25  0.583341
5 26  0.543580
5 27  0.598067
5 28  0.548434
5 29  0.580748
5 30  0.579253
6 7  0.514057
6 8  0.551545
6 9  0.612447
6 10  0.600616
6 11  0.594542
6 12  0.604512
6 13  0.598901
6 14  0.582880
6 15  0.594193
6 16  0.565062
6 17  0.584851
6 18  0.575371
6 19  0.560402
6 20  0.548021
6 21  0.281895
6 22  0.511168
6 23  0.604869
6 24  0.603920
6 25  0.596449
6 26  0.543411
6 27  0.611567
6 28  0.587464
6 29  0.594366
6 30  0.593502
7 8  0.553481
7 9  0.615457
7 10  0.603934
7 11  0.597555
7 12  0.607522
7 13  0.601915
7 14  0.587462
7 15  0.597205
7 16  0.568544
7 17  0.587858
7 18  0.578383
7 19  0.562961
7 20  0.548082
7 21  0.511434
7 22  0.282565
7 23  0.607869
7 24  0.606990
7 25  0.600129
7 26  0.546570
7 27  0.614575
7 28  0.591143
7 29  0.597373
7 30  0.596475
8 9  0.636148
8 10  0.622047
8 11  0.618237
8 12  0.628212
8 13  0.622584
8 14  0.600005
8 15  0.617899
8 16  0.588264
8 17  0.608563
8 18  0.599091
8 19  0.583838
8 20  0.547237
8 21  0.546137
8 22  0.545276
8 23  0.628566
8 24  0.627531
8 25  0.620462
8 26  0.376098
8 27  0.635305
8 28  0.593988
8 29  0.617945
8 30  0.617148
9 10  0.653907
9 11  0.632252
9 12  0.620169
9 13  0.643613
9 14  0.640466
9 15  0.627348
9 16  0.618535
9 17  0.626113
9 18  0.626176
9 19  0.614374
9 20  0.602979
9 21  0.615924
9 22  0.617406
9 23  0.487021
9 24  0.653989
9 25  0.651416
9 26  0.637545
9 27  0.622490
9 28  0.642373
9 29  0.606623
9 30  0.646054
10 11  0.633788
10 12  0.646517
10 13  0.628996
10 14  0.609433
10 15  0.635964
10 16  0.583686
10 17  0.626960
10 18  0.617824
10 19  0.565488
10 20  0.590831
10 21  0.603432
10 22  0.605589
10 23  0.646530
10 24  0.642457
10 25  0.399688
10 26  0.625225
10 27  0.653834
10 28  0.603178
10 29  0.633858
10 30  0.627993
11 12  0.632076
11 13  0.599594
11 14  0.622377
11 15  0.617529
11 16  0.585347
11 17  0.620487
11 18  0.611046
11 19  0.596568
11 20  0.585122
11 21  0.597935
11 22  0.599492
11 23  0.638425
11 24  0.411079
11 25  0.631435
11 26  0.619507
11 27  0.646307
11 28  0.624190
11 29  0.601536
11 30  0.596736
12 13  0.640015
12 14  0.632518
12 15  0.616448
12 16  0.609626
12 17  0.620410
12 18  0.595359
12 19  0.606679
12 20  0.595085
12 21  0.607990
12 22  0.609473
12 23  0.607747
12 24  0.645337
12 25  0.643072
12 26  0.629573
12 27  0.486438
12 28  0.634552
12 29  0.616394
12 30  0.636945
13 14  0.626192
13 15  0.611871
13 16  0.601008
13 17  0.623617
13 18  0.615214
13 19  0.598512
13 20  0.588532
13 21  0.602414
13 22  0.603845
13 23  0.640638
13 24  0.603651
13 25  0.625734
13 26  0.623915
13 27  0.648411
13 28  0.628651
13 29  0.618475
13 30  0.404253
14 15  0.622047
14 16  0.590278
14 17  0.612751
14 18  0.603265
14 19  0.555257
14 20  0.548968
14 21  0.588541
14 22  0.590984
14 23  0.632780
14 24  0.631592
14 25  0.597290
14 26  0.594396
14 27  0.639365
14 28  0.383912
14 29  0.622371
14 30  0.620939
15 16  0.596901
15 17  0.614322
15 18  0.605490
15 19  0.595993
15 20  0.584589
15 21  0.597699
15 22  0.599169
15 23  0.617040
15 24  0.623277
15 25  0.629789
15 26  0.619191
15 27  0.606280
15 28  0.624385
15 29  0.530860
15 30  0.600392
16 17  0.591701
16 18  0.582039
16 19  0.564652
16 20  0.556046
16 21  0.569013
16 22  0.570527
16 23  0.611064
16 24  0.584062
16 25  0.581255
16 26  0.590359
16 27  0.616950
16 28  0.592157
16 29  0.599108
16 30  0.596727
17 18  0.555328
17 19  0.587021
17 20  0.575431
17 21  0.588377
17 22  0.589833
17 23  0.603960
17 24  0.628669
17 25  0.623629
17 26  0.609977
17 27  0.630094
17 28  0.615061
17 29  0.617730
17 30  0.617455
18 19  0.577573
18 20  0.565955
18 21  0.578900
18 22  0.580356
18 23  0.615859
18 24  0.618271
18 25  0.614193
18 26  0.600500
18 27  0.604212
18 28  0.605588
18 29  0.606022
18 30  0.607909
19 20  0.545677
19 21  0.564078
19 22  0.565584
19 23  0.606866
19 24  0.605621
19 25  0.568304
19 26  0.583600
19 27  0.613619
19 28  0.562514
19 29  0.595967
19 30  0.593375
20 21  0.547693
20 22  0.547799
20 23  0.595434
20 24  0.594544
20 25  0.584504
20 26  0.553663
20 27  0.602147
20 28  0.558870
20 29  0.584898
20 30  0.583969
21 22  0.518730
21 23  0.608395
21 24  0.607493
21 25  0.600626
21 26  0.555910
21 27  0.615113
21 28  0.588064
21 29  0.597877
21 30  0.597026
22 23  0.609852
22 24  0.608952
22 25  0.602402
22 26  0.557552
22 27  0.616569
22 28  0.590714
22 29  0.599337
22 30  0.598487
23 24  0.644571
23 25  0.642793
23 26  0.629990
23 27  0.618031
23 28  0.635064
23 29  0.618839
23 30  0.631262
24 25  0.641043
24 26  0.629094
24 27  0.647489
24 28  0.633896
24 29  0.618468
24 30  0.601194
25 26  0.619636
25 27  0.649124
25 28  0.608668
25 29  0.632287
25 30  0.620275
26 27  0.636707
26 28  0.603329
26 29  0.619475
26 30  0.618612
27 28  0.641780
27 29  0.625920
27 30  0.630563
28 29  0.624423
28 30  0.622930
29 30  0.617260
