  -1146.52209506
  -1146.89092847
0.00000738415373
2 2 2 2 2 2 2 2 2 2 2 2 2 2 2 0 0 0 0 0 0 0 0 0 0 0 0 0 0 0 
1  0.273623
2  0.291310
3  0.302065
4  0.280384
5  0.266785
6  0.279774
7  0.282698
8  0.303707
9  0.334702
10  0.323630
11  0.317162
12  0.326737
13  0.321860
14  0.308574
15  0.316520
16  0.288308
17  0.306769
18  0.297239
19  0.282848
20  0.270738
21  0.283324
22  0.284676
23  0.327174
24  0.326619
25  0.320050
26  0.305105
27  0.333813
28  0.310761
29  0.316711
30  0.316314
1 2  0.564668
1 3  0.575273
1 4  0.551879
1 5  0.540305
1 6  0.553267
1 7  0.556250
1 8  0.577024
1 9  0.606134
1 10  0.576126
1 11  0.568714
1 12  0.598543
1 13  0.592767
1 14  0.578930
1 15  0.587794
1 16  0.269978
1 17  0.580369
1 18  0.570534
1 19  0.555790
1 20  0.544163
1 21  0.556331
1 22  0.558192
1 23  0.600559
1 24  0.577693
1 25  0.572511
1 26  0.577504
1 27  0.607089
1 28  0.581047
1 29  0.585083
1 30  0.588110
2 3  0.549186
2 4  0.571667
2 5  0.558087
2 6  0.571084
2 7  0.574007
2 8  0.595015
2 9  0.603819
2 10  0.614701
2 11  0.606213
2 12  0.612255
2 13  0.610868
2 14  0.599877
2 15  0.603243
2 16  0.579441
2 17  0.299736
2 18  0.548995
2 19  0.573933
2 20  0.562013
2 21  0.574613
2 22  0.575975
2 23  0.593338
2 24  0.617517
2 25  0.611304
2 26  0.596410
2 27  0.622457
2 28  0.601926
2 29  0.602479
2 30  0.607263
3 4  0.582445
3 5  0.568844
3 6  0.581839
3 7  0.584763
3 8  0.605770
3 9  0.628567
3 10  0.625562
3 11  0.616960
3 12  0.602282
3 13  0.622535
3 14  0.610636
3 15  0.616109
3 16  0.589401
3 17  0.559089
3 18  0.301296
3 19  0.584815
3 20  0.572795
3 21  0.585355
3 22  0.586727
3 23  0.619954
3 24  0.627031
3 25  0.622024
3 26  0.607147
3 27  0.623555
3 28  0.612641
3 29  0.612077
3 30  0.618021
4 5  0.541862
4 6  0.560004
4 7  0.562852
4 8  0.582153
4 9  0.615015
4 10  0.571651
4 11  0.597270
4 12  0.607103
4 13  0.599943
4 14  0.561251
4 15  0.596572
4 16  0.567938
4 17  0.586685
4 18  0.577368
4 19  0.291966
4 20  0.547275
4 21  0.563330
4 22  0.564268
4 23  0.606963
4 24  0.606916
4 25  0.564840
4 26  0.584953
4 27  0.613657
4 28  0.556606
4 29  0.596766
4 30  0.594258
5 6  0.542625
5 7  0.543543
5 8  0.551204
5 9  0.601467
5 10  0.587810
5 11  0.583925
5 12  0.593508
5 13  0.588407
5 14  0.555342
5 15  0.583285
5 16  0.554983
5 17  0.573426
5 18  0.563964
5 19  0.545117
5 20  0.255449
5 21  0.549146
5 22  0.547806
5 23  0.593725
5 24  0.593375
5 25  0.585992
5 26  0.545223
5 27  0.600462
5 28  0.550624
5 29  0.583297
5 30  0.582137
6 7  0.515023
6 8  0.552759
6 9  0.614474
6 10  0.602963
6 11  0.596923
6 12  0.606511
6 13  0.601614
6 14  0.584580
6 15  0.596290
6 16  0.567475
6 17  0.586526
6 18  0.576992
6 19  0.562270
6 20  0.549380
6 21  0.282966
6 22  0.512157
6 23  0.606930
6 24  0.606311
6 25  0.598683
6 26  0.544626
6 27  0.613543
6 28  0.589234
6 29  0.596481
6 30  0.596052
7 8  0.554646
7 9  0.617399
7 10  0.606210
7 11  0.599851
7 12  0.609435
7 13  0.604546
7 14  0.589086
7 15  0.599215
7 16  0.570900
7 17  0.589448
7 18  0.579921
7 19  0.564682
7 20  0.549380
7 21  0.512451
7 22  0.283452
7 23  0.609846
7 24  0.609304
7 25  0.602295
7 26  0.547705
7 27  0.616467
7 28  0.592812
7 29  0.599405
7 30  0.598945
8 9  0.638401
8 10  0.624569
8 11  0.620845
8 12  0.630436
8 13  0.625522
8 14  0.601909
8 15  0.620221
8 16  0.590897
8 17  0.610470
8 18  0.600946
8 19  0.585907
8 20  0.548835
8 21  0.547404
8 22  0.546447
8 23  0.630858
8 24  0.630148
8 25  0.622947
8 26  0.377656
8 27  0.637520
8 28  0.595969
8 29  0.620277
8 30  0.619932
9 10  0.657254
9 11  0.635366
9 12  0.623262
9 13  0.647264
9 14  0.643260
9 15  0.630472
9 16  0.622007
9 17  0.628750
9 18  0.628824
9 19  0.617227
9 20  0.605394
9 21  0.617975
9 22  0.619358
9 23  0.490033
9 24  0.657329
9 25  0.654700
9 26  0.639791
9 27  0.625626
9 28  0.645158
9 29  0.609617
9 30  0.649655
10 11  0.637508
10 12  0.649859
10 13  0.632822
10 14  0.612487
10 15  0.639409
10 16  0.587528
10 17  0.629983
10 18  0.620835
10 19  0.568715
10 20  0.593564
10 21  0.605815
10 22  0.607881
10 23  0.649958
10 24  0.646237
10 25  0.403461
10 26  0.627811
10 27  0.657204
10 28  0.606260
10 29  0.637325
10 30  0.631864
11 12  0.635365
11 13  0.603684
11 14  0.625517
11 15  0.621028
11 16  0.589026
11 17  0.623552
11 18  0.614046
11 19  0.599818
11 20  0.587896
11 21  0.600335
11 22  0.601802
11 23  0.641795
11 24  0.414740
11 25  0.635061
11 26  0.622094
11 27  0.649677
11 28  0.627369
11 29  0.604949
11 30  0.600743
12 13  0.643604
12 14  0.635281
12 15  0.619342
12 16  0.613076
12 17  0.623114
12 18  0.597982
12 19  0.609555
12 20  0.597475
12 21  0.610008
12 22  0.611396
12 23  0.610911
12 24  0.648705
12 25  0.646335
12 26  0.631786
12 27  0.489211
12 28  0.637306
12 29  0.619456
12 30  0.640433
13 14  0.629637
13 15  0.615416
13 16  0.605190
13 17  0.626969
13 18  0.618560
13 19  0.602132
13 20  0.591575
13 21  0.605158
13 22  0.606487
13 23  0.644376
13 24  0.607832
13 25  0.629695
13 26  0.626846
13 27  0.652014
13 28  0.632130
13 29  0.622237
13 30  0.408428
14 15  0.624890
14 16  0.593514
14 17  0.615184
14 18  0.605626
14 19  0.557902
14 20  0.551107
14 21  0.590330
14 22  0.592654
14 23  0.635617
14 24  0.634767
14 25  0.600261
14 26  0.596332
14 27  0.642074
14 28  0.386587
14 29  0.625252
14 30  0.624244
15 16  0.600460
15 17  0.617095
15 18  0.608155
15 19  0.598950
15 20  0.587044
15 21  0.599827
15 22  0.601196
15 23  0.620130
15 24  0.626741
15 25  0.633144
15 26  0.621496
15 27  0.609189
15 28  0.627264
15 29  0.534244
15 30  0.603848
16 17  0.594807
16 18  0.585069
16 19  0.567911
16 20  0.558875
16 21  0.571478
16 22  0.572894
16 23  0.614546
16 24  0.587455
16 25  0.584833
16 26  0.593001
16 27  0.620343
16 28  0.595308
16 29  0.602605
16 30  0.600697
17 18  0.557730
17 19  0.589567
17 20  0.577500
17 21  0.590092
17 22  0.591444
17 23  0.606480
17 24  0.631727
17 25  0.626543
17 26  0.611872
17 27  0.632723
17 28  0.617520
17 29  0.620472
17 30  0.620629
18 19  0.580074
18 20  0.567971
18 21  0.580563
18 22  0.581915
18 23  0.618548
18 24  0.621213
18 25  0.617058
18 26  0.602342
18 27  0.606615
18 28  0.607999
18 29  0.608704
18 30  0.610997
19 20  0.547873
19 21  0.565970
19 22  0.567374
19 23  0.609775
19 24  0.608871
19 25  0.571395
19 26  0.585610
19 27  0.616461
19 28  0.565131
19 29  0.598907
19 30  0.596736
20 21  0.549062
20 22  0.549090
20 23  0.597886
20 24  0.597332
20 25  0.587056
20 26  0.555233
20 27  0.604514
20 28  0.561000
20 29  0.587404
20 30  0.586904
21 22  0.519752
21 23  0.610496
21 24  0.609928
21 25  0.602896
21 26  0.557131
21 27  0.617135
21 28  0.589811
21 29  0.600029
21 30  0.599615
22 23  0.611848
22 24  0.611282
22 25  0.604578
22 26  0.558715
22 27  0.618487
22 28  0.592353
22 29  0.601384
22 30  0.600974
23 24  0.647903
23 25  0.646046
23 26  0.632267
23 27  0.621122
23 28  0.637906
23 29  0.621876
23 30  0.634768
24 25  0.644669
24 26  0.631711
24 27  0.650799
24 28  0.637069
24 29  0.621799
24 30  0.605220
25 26  0.622032
25 27  0.652298
25 28  0.611629
25 29  0.635644
25 30  0.623851
26 27  0.638906
26 28  0.605243
26 29  0.621804
26 30  0.621383
27 28  0.644548
27 29  0.629069
27 30  0.633750
28 29  0.627306
28 30  0.626218
29 30  0.620889
