   -993.87883052
   -994.19172459
0.00031831384400
2 2 2 2 2 2 2 2 2 2 2 2 2 0 0 0 0 0 0 0 0 0 0 0 0 0 
1  0.295330
2  0.308879
3  0.294475
4  0.308864
5  0.316756
6  0.298216
7  0.296433
8  0.271408
9  0.274194
10  0.263102
11  0.290704
12  0.280962
13  0.258912
14  0.271590
15  0.294527
16  0.286871
17  0.266319
18  0.275561
19  0.274739
20  0.302756
21  0.309664
22  0.297680
23  0.298259
24  0.293261
25  0.305679
26  0.315696
1 2  0.604203
1 3  0.589706
1 4  0.590410
1 5  0.612083
1 6  0.593480
1 7  0.591399
1 8  0.539448
1 9  0.541916
1 10  0.538176
1 11  0.586034
1 12  0.576290
1 13  0.552385
1 14  0.563869
1 15  0.589813
1 16  0.582149
1 17  0.534579
1 18  0.532955
1 19  0.533879
1 20  0.597846
1 21  0.604918
1 22  0.361447
1 23  0.593583
1 24  0.588139
1 25  0.578245
1 26  0.610859
2 3  0.596202
2 4  0.617482
2 5  0.586942
2 6  0.585495
2 7  0.602025
2 8  0.580284
2 9  0.583070
2 10  0.571972
2 11  0.575911
2 12  0.584475
2 13  0.566591
2 14  0.578740
2 15  0.593209
2 16  0.570607
2 17  0.575190
2 18  0.584435
2 19  0.583586
2 20  0.607590
2 21  0.575375
2 22  0.606501
2 23  0.584608
2 24  0.600230
2 25  0.614152
2 26  0.450660
3 4  0.600150
3 5  0.598728
3 6  0.579707
3 7  0.556945
3 8  0.565844
3 9  0.568652
3 10  0.557346
3 11  0.583743
3 12  0.573928
3 13  0.535881
3 14  0.551957
3 15  0.588717
3 16  0.581084
3 17  0.560702
3 18  0.569991
3 19  0.568997
3 20  0.375596
3 21  0.602286
3 22  0.591659
3 23  0.564671
3 24  0.555187
3 25  0.598113
3 26  0.609029
4 5  0.624762
4 6  0.606459
4 7  0.593903
4 8  0.575621
4 9  0.580387
4 10  0.542037
4 11  0.599517
4 12  0.589718
4 13  0.545377
4 14  0.553883
4 15  0.603170
4 16  0.595691
4 17  0.539131
4 18  0.583769
4 19  0.581531
4 20  0.607314
4 21  0.617884
4 22  0.584093
4 23  0.603947
4 24  0.594426
4 25  0.365427
4 26  0.624312
5 6  0.595011
5 7  0.604981
5 8  0.588157
5 9  0.590941
5 10  0.579783
5 11  0.599474
5 12  0.578852
5 13  0.574274
5 14  0.587562
5 15  0.599570
5 16  0.600403
5 17  0.582976
5 18  0.592316
5 19  0.591477
5 20  0.616609
5 21  0.450177
5 22  0.614335
5 23  0.576988
5 24  0.608638
5 25  0.622405
5 26  0.589108
6 7  0.574526
6 8  0.569620
6 9  0.572403
6 10  0.561153
6 11  0.587155
6 12  0.575293
6 13  0.554835
6 14  0.565120
6 15  0.587023
6 16  0.580380
6 17  0.564217
6 18  0.573659
6 19  0.572855
6 20  0.584647
6 21  0.585856
6 22  0.595887
6 23  0.493026
6 24  0.564248
6 25  0.600094
6 26  0.576602
7 8  0.567759
7 9  0.570502
7 10  0.557905
7 11  0.586467
7 12  0.576051
7 13  0.552959
7 14  0.562683
7 15  0.589770
7 16  0.582892
7 17  0.559858
7 18  0.571489
7 19  0.571073
7 20  0.559197
7 21  0.602144
7 22  0.593861
7 23  0.579398
7 24  0.366862
7 25  0.589513
7 26  0.609595
8 9  0.499332
8 10  0.530829
8 11  0.562112
8 12  0.552369
8 13  0.529878
8 14  0.541812
8 15  0.565931
8 16  0.558279
8 17  0.536779
8 18  0.495772
8 19  0.266982
8 20  0.574007
8 21  0.581051
8 22  0.531912
8 23  0.569512
8 24  0.564484
8 25  0.575456
8 26  0.587100
9 10  0.531660
9 11  0.564897
9 12  0.555154
9 13  0.532988
9 14  0.545544
9 15  0.568702
9 16  0.561058
9 17  0.536710
9 18  0.265991
9 19  0.496519
9 20  0.576879
9 21  0.583794
9 22  0.535494
9 23  0.572259
9 24  0.567014
9 25  0.579169
9 26  0.589846
10 11  0.553804
10 12  0.544053
10 13  0.520396
10 14  0.534178
10 15  0.557476
10 16  0.549861
10 17  0.255110
10 18  0.535742
10 19  0.536954
10 20  0.565818
10 21  0.572406
10 22  0.532670
10 23  0.560941
10 24  0.553708
10 25  0.534450
10 26  0.578346
11 12  0.526638
11 13  0.549450
11 14  0.561815
11 15  0.534499
11 16  0.278928
11 17  0.557004
11 18  0.566265
11 19  0.565435
11 20  0.592311
11 21  0.591067
11 22  0.588355
11 23  0.582771
11 24  0.583761
11 25  0.596344
11 26  0.594083
12 13  0.539761
12 14  0.552388
12 15  0.276853
12 16  0.527065
12 17  0.547230
12 18  0.556521
12 19  0.555697
12 20  0.583249
12 21  0.566689
12 22  0.578607
12 23  0.574174
12 24  0.574070
12 25  0.586631
12 26  0.594044
13 14  0.242464
13 15  0.553428
13 16  0.545664
13 17  0.524748
13 18  0.534153
13 19  0.531998
13 20  0.540734
13 21  0.568424
13 22  0.553615
13 23  0.552024
13 24  0.550429
13 25  0.541657
13 26  0.574341
14 15  0.565986
14 16  0.558236
14 17  0.535531
14 18  0.546920
14 19  0.545757
14 20  0.551382
14 21  0.580656
14 22  0.567063
14 23  0.567948
14 24  0.561291
14 25  0.552776
14 26  0.585893
15 16  0.534186
15 17  0.560835
15 18  0.570087
15 19  0.569265
15 20  0.596220
15 21  0.580252
15 22  0.592203
15 23  0.590266
15 24  0.586105
15 25  0.600081
15 26  0.603137
16 17  0.553184
16 18  0.562431
16 19  0.561609
16 20  0.587830
16 21  0.591096
16 22  0.584549
16 23  0.580646
16 24  0.578530
16 25  0.592448
16 26  0.580895
17 18  0.535854
17 19  0.536224
17 20  0.568683
17 21  0.575890
17 22  0.541994
17 23  0.564227
17 24  0.557667
17 25  0.542429
17 26  0.581906
18 19  0.503450
18 20  0.578309
18 21  0.585216
18 22  0.546233
18 23  0.573796
18 24  0.568642
18 25  0.577484
18 26  0.591245
19 20  0.577470
19 21  0.584394
19 22  0.544313
19 23  0.572977
19 24  0.567884
19 25  0.575527
19 26  0.590427
20 21  0.607958
20 22  0.600217
20 23  0.581667
20 24  0.559503
20 25  0.606527
20 26  0.610149
21 22  0.607330
21 23  0.587726
21 24  0.595421
21 25  0.614586
21 26  0.585107
22 23  0.595868
22 24  0.590568
22 25  0.589786
22 26  0.613356
23 24  0.579770
23 25  0.602841
23 26  0.593000
24 25  0.587754
24 26  0.596911
25 26  0.620273
