   -993.87883052
   -994.19585604
0.00008546708800
2 2 2 2 2 2 2 2 2 2 2 2 2 0 0 0 0 0 0 0 0 0 0 0 0 0 
1  0.300963
2  0.321160
3  0.307318
4  0.318805
5  0.328006
6  0.309215
7  0.310041
8  0.274955
9  0.277859
10  0.269678
11  0.297727
12  0.287547
13  0.268048
14  0.281986
15  0.302250
16  0.293297
17  0.272791
18  0.279215
19  0.278485
20  0.316575
21  0.321062
22  0.303237
23  0.309423
24  0.306005
25  0.314742
26  0.327222
1 2  0.622110
1 3  0.608169
1 4  0.605288
1 5  0.628965
1 6  0.610076
1 7  0.610534
1 8  0.548347
1 9  0.550897
1 10  0.549896
1 11  0.598689
1 12  0.588508
1 13  0.566938
1 14  0.579966
1 15  0.603124
1 16  0.594185
1 17  0.546453
1 18  0.541985
1 19  0.543041
1 20  0.617247
1 21  0.621916
1 22  0.373267
1 23  0.610378
1 24  0.606475
1 25  0.592361
1 26  0.627982
2 3  0.620379
2 4  0.639507
2 5  0.610439
2 6  0.607571
2 7  0.626726
2 8  0.596108
2 9  0.599014
2 10  0.590824
2 11  0.593201
2 12  0.603080
2 13  0.587611
2 14  0.601329
2 15  0.613120
2 16  0.588702
2 17  0.593931
2 18  0.600365
2 19  0.599580
2 20  0.633392
2 21  0.599203
2 22  0.624286
2 23  0.607511
2 24  0.624824
2 25  0.635508
2 26  0.471287
3 4  0.622739
3 5  0.620319
3 6  0.603405
3 7  0.582800
3 8  0.582231
3 9  0.585151
3 10  0.576748
3 11  0.603143
3 12  0.592973
3 13  0.555267
3 14  0.573921
3 15  0.609231
3 16  0.600361
3 17  0.580004
3 18  0.586506
3 19  0.585620
3 20  0.400394
3 21  0.626130
3 22  0.610120
3 23  0.588071
3 24  0.580415
3 25  0.619852
3 26  0.633311
4 5  0.645821
4 6  0.627258
4 7  0.616312
4 8  0.588660
4 9  0.593574
4 10  0.558089
4 11  0.616434
4 12  0.606175
4 13  0.563794
4 14  0.574097
4 15  0.620674
4 16  0.612049
4 17  0.555495
4 18  0.597249
4 19  0.595130
4 20  0.631133
4 21  0.638991
4 22  0.599178
4 23  0.625048
4 24  0.616615
4 25  0.384663
4 26  0.645806
5 6  0.617140
5 7  0.629420
5 8  0.602951
5 9  0.605854
5 10  0.597610
5 11  0.617695
5 12  0.594027
5 13  0.594259
5 14  0.609146
5 15  0.617590
5 16  0.618059
5 17  0.600576
5 18  0.607219
5 19  0.606463
5 20  0.641123
5 21  0.471037
5 22  0.631047
5 23  0.598068
5 24  0.632717
5 25  0.642709
5 26  0.612361
6 7  0.597457
6 8  0.584160
6 9  0.587065
6 10  0.578678
6 11  0.604722
6 12  0.592567
6 13  0.574933
6 14  0.586672
6 15  0.605324
6 16  0.597062
6 17  0.581601
6 18  0.588261
6 19  0.587546
6 20  0.609085
6 21  0.607798
6 22  0.612437
6 23  0.516374
6 24  0.586825
6 25  0.620502
6 26  0.597738
7 8  0.584880
7 9  0.587718
7 10  0.577873
7 11  0.606673
7 12  0.595741
7 13  0.575298
7 14  0.586735
7 15  0.610815
7 16  0.602806
7 17  0.580148
7 18  0.588715
7 19  0.588406
7 20  0.586155
7 21  0.626866
7 22  0.612929
7 23  0.603121
7 24  0.392614
7 25  0.612128
7 26  0.634163
8 9  0.506736
8 10  0.540365
8 11  0.572680
8 12  0.562501
8 13  0.542477
8 14  0.555448
8 15  0.577196
8 16  0.568251
8 17  0.546582
8 18  0.503312
8 19  0.274398
8 20  0.591366
8 21  0.595985
8 22  0.540764
8 23  0.584231
8 24  0.580820
8 25  0.588066
8 26  0.602173
9 10  0.541439
9 11  0.575584
9 12  0.565404
9 13  0.545740
9 14  0.559623
9 15  0.580057
9 16  0.571138
9 17  0.546773
9 18  0.273427
9 19  0.504289
9 20  0.594363
9 21  0.598788
9 22  0.544455
9 23  0.587061
9 24  0.583256
9 25  0.591790
9 26  0.605002
10 11  0.567401
10 12  0.557207
10 13  0.535960
10 14  0.551067
10 15  0.571599
10 16  0.562814
10 17  0.266760
10 18  0.545875
10 19  0.547128
10 20  0.586201
10 21  0.590160
10 22  0.544599
10 23  0.578660
10 24  0.573102
10 25  0.550062
10 26  0.596393
11 12  0.540834
11 13  0.565494
11 14  0.578931
11 15  0.550034
11 16  0.292163
11 17  0.570473
11 18  0.576941
11 19  0.576189
11 20  0.612824
11 21  0.609630
11 22  0.600888
11 23  0.600560
11 24  0.603418
11 25  0.612398
11 26  0.612468
12 13  0.555413
12 14  0.569384
12 15  0.290683
12 16  0.540834
12 17  0.560248
12 18  0.566760
12 19  0.566027
12 20  0.603732
12 21  0.583876
12 22  0.590727
12 23  0.591483
12 24  0.593328
12 25  0.602269
12 26  0.611980
13 14  0.260052
13 15  0.570285
13 16  0.561207
13 17  0.540297
13 18  0.546834
13 19  0.544744
13 20  0.562701
13 21  0.588918
13 22  0.568378
13 23  0.572388
13 24  0.572157
13 25  0.559831
13 26  0.594976
14 15  0.584043
14 16  0.574951
14 17  0.552167
14 18  0.560919
14 19  0.559792
14 20  0.572958
14 21  0.602179
14 22  0.582739
14 23  0.589185
14 24  0.584055
14 25  0.571502
14 26  0.607529
15 16  0.548967
15 17  0.575010
15 18  0.581462
15 19  0.580733
15 20  0.617428
15 21  0.596831
15 22  0.605484
15 23  0.608879
15 24  0.606268
15 25  0.616783
15 26  0.621842
16 17  0.566076
16 18  0.572510
16 19  0.571781
16 20  0.607630
16 21  0.608692
16 22  0.596533
16 23  0.597883
16 24  0.597181
16 25  0.607866
16 26  0.596797
17 18  0.545451
17 19  0.545984
17 20  0.588894
17 21  0.593663
17 22  0.553663
17 23  0.581713
17 24  0.576711
17 25  0.557625
17 26  0.599856
18 19  0.511098
18 20  0.595777
18 21  0.600256
18 22  0.555142
18 23  0.588603
18 24  0.585023
18 25  0.589715
18 26  0.606414
19 20  0.595043
19 21  0.599530
19 22  0.553146
19 23  0.587883
19 24  0.584361
19 25  0.587755
19 26  0.605691
20 21  0.632220
20 22  0.619620
20 23  0.605148
20 24  0.585311
20 25  0.629273
20 26  0.634641
21 22  0.624287
21 23  0.609384
21 24  0.619066
21 25  0.634718
21 26  0.607901
22 23  0.612572
22 24  0.608714
22 25  0.603817
22 26  0.630444
23 24  0.603217
23 25  0.622952
23 26  0.615800
24 25  0.608449
24 26  0.618574
25 26  0.640526
