   -993.87883052
   -994.19744961
0.00002497339950
2 2 2 2 2 2 2 2 2 2 2 2 2 0 0 0 0 0 0 0 0 0 0 0 0 0 
1  0.303881
2  0.325884
3  0.313266
4  0.324089
5  0.333092
6  0.314251
7  0.316743
8  0.276856
9  0.279727
10  0.273298
11  0.300925
12  0.290603
13  0.273129
14  0.287391
15  0.305668
16  0.296573
17  0.276362
18  0.281075
19  0.280484
20  0.322335
21  0.326125
22  0.306005
23  0.314231
24  0.312443
25  0.319822
26  0.332301
1 2  0.629748
1 3  0.617012
1 4  0.613131
1 5  0.636963
1 6  0.618011
1 7  0.620036
1 8  0.553069
1 9  0.555636
1 10  0.556186
1 11  0.604804
1 12  0.594481
1 13  0.574744
1 14  0.588246
1 15  0.609423
1 16  0.600324
1 17  0.552878
1 18  0.546725
1 19  0.547928
1 20  0.625928
1 21  0.629870
1 22  0.378833
1 23  0.618098
1 24  0.615796
1 25  0.600219
1 26  0.635934
2 3  0.630655
2 4  0.649404
2 5  0.620290
2 6  0.616751
2 7  0.637742
2 8  0.602724
2 9  0.605596
2 10  0.599162
2 11  0.600338
2 12  0.610809
2 13  0.597198
2 14  0.611358
2 15  0.621322
2 16  0.596531
2 17  0.602220
2 18  0.606946
2 19  0.606281
2 20  0.643685
2 21  0.609124
2 22  0.631754
2 23  0.616864
2 24  0.635808
2 25  0.645244
2 26  0.480148
3 4  0.633797
3 5  0.630291
3 6  0.614364
3 7  0.595448
3 8  0.590071
3 9  0.592958
3 10  0.586295
3 11  0.611999
3 12  0.601657
3 13  0.564931
3 14  0.584716
3 15  0.618556
3 16  0.609516
3 17  0.589483
3 18  0.594315
3 19  0.593487
3 20  0.411455
3 21  0.636939
3 22  0.618845
3 23  0.598483
3 24  0.592853
3 25  0.630861
3 26  0.644281
4 5  0.656008
4 6  0.637498
4 7  0.627508
4 8  0.595507
4 9  0.600484
4 10  0.566766
4 11  0.624876
4 12  0.614451
4 13  0.573859
4 14  0.584891
4 15  0.629371
4 16  0.620619
4 17  0.564335
4 18  0.604328
4 19  0.602347
4 20  0.642185
4 21  0.649347
4 22  0.607025
4 23  0.635128
4 24  0.628125
4 25  0.394779
4 26  0.656140
5 6  0.627282
5 7  0.640707
5 8  0.609927
5 9  0.612795
5 10  0.606305
5 11  0.625889
5 12  0.601300
5 13  0.604099
5 14  0.619566
5 15  0.625695
5 16  0.626419
5 17  0.609194
5 18  0.614159
5 19  0.613549
5 20  0.651685
5 21  0.480473
5 22  0.638876
5 23  0.607498
5 24  0.644176
5 25  0.652857
5 26  0.622680
6 7  0.608308
6 8  0.591094
6 9  0.593966
6 10  0.587284
6 11  0.612807
6 12  0.600495
6 13  0.584910
6 14  0.597137
6 15  0.613763
6 16  0.605171
6 17  0.590166
6 18  0.595123
6 19  0.594561
6 20  0.619765
6 21  0.617639
6 22  0.620239
6 23  0.526308
6 24  0.597746
6 25  0.630508
6 26  0.607353
7 8  0.593454
7 9  0.596252
7 10  0.587948
7 11  0.616380
7 12  0.605188
7 13  0.586997
7 14  0.598887
7 15  0.620813
7 16  0.612783
7 17  0.590361
7 18  0.597209
7 19  0.597104
7 20  0.598801
7 21  0.638383
7 22  0.622367
7 23  0.614329
7 24  0.405032
7 25  0.623834
7 26  0.645678
8 9  0.510748
8 10  0.545645
8 11  0.577778
8 12  0.567457
8 13  0.549360
8 14  0.562678
8 15  0.582515
8 16  0.573430
8 17  0.551983
8 18  0.507320
8 19  0.278219
8 20  0.599006
8 21  0.602943
8 22  0.545403
8 23  0.590906
8 24  0.589158
8 25  0.595005
8 26  0.609156
9 10  0.546609
9 11  0.580648
9 12  0.570325
9 13  0.552656
9 14  0.566861
9 15  0.585323
9 16  0.576272
9 17  0.552142
9 18  0.277137
9 19  0.508429
9 20  0.602002
9 21  0.605686
9 22  0.549080
9 23  0.593737
9 24  0.591440
9 25  0.598672
9 26  0.611953
10 11  0.574219
10 12  0.563880
10 13  0.544592
10 14  0.560031
10 15  0.578556
10 16  0.569644
10 17  0.273278
10 18  0.551248
10 19  0.552668
10 20  0.595570
10 21  0.598775
10 22  0.551005
10 23  0.587060
10 24  0.583095
10 25  0.558817
10 26  0.605035
11 12  0.547235
11 13  0.573683
11 14  0.587482
11 15  0.556942
11 16  0.298496
11 17  0.577220
11 18  0.582000
11 19  0.581377
11 20  0.621673
11 21  0.617969
11 22  0.606821
11 23  0.608523
11 24  0.613015
11 25  0.620674
11 26  0.620495
12 13  0.563489
12 14  0.577830
12 15  0.297002
12 16  0.547392
12 17  0.566809
12 18  0.571673
12 19  0.571080
12 20  0.612531
12 21  0.591817
12 22  0.596518
12 23  0.599235
12 24  0.602734
12 25  0.610379
12 26  0.620116
13 14  0.269458
13 15  0.578778
13 16  0.569442
13 17  0.548899
13 18  0.553739
13 19  0.551715
13 20  0.573174
13 21  0.599023
13 22  0.576193
13 23  0.582204
13 24  0.583648
13 25  0.570009
13 26  0.605090
14 15  0.592806
14 16  0.583520
14 17  0.560989
14 18  0.568139
14 19  0.567087
14 20  0.582828
14 21  0.612542
14 22  0.590716
14 23  0.599205
14 24  0.595772
14 25  0.581593
14 26  0.617853
15 16  0.555832
15 17  0.581988
15 18  0.586740
15 19  0.586148
15 20  0.626383
15 21  0.604372
15 22  0.611669
15 23  0.617025
15 24  0.615753
15 25  0.625207
15 26  0.630218
16 17  0.572921
16 18  0.577645
16 19  0.577054
16 20  0.616358
16 21  0.616962
16 22  0.602577
16 23  0.605821
16 24  0.606552
16 25  0.616159
16 26  0.604238
17 18  0.550626
17 19  0.551332
17 20  0.598170
17 21  0.602259
17 22  0.559855
17 23  0.590003
17 24  0.586482
17 25  0.566130
17 26  0.608468
18 19  0.515209
18 20  0.603395
18 21  0.607171
18 22  0.559687
18 23  0.595263
18 24  0.593312
18 25  0.596382
18 26  0.613342
19 20  0.602792
19 21  0.606580
19 22  0.557744
19 23  0.594687
19 24  0.592761
19 25  0.594504
19 26  0.612754
20 21  0.642608
20 22  0.628132
20 23  0.615192
20 24  0.597542
20 25  0.639975
20 26  0.645059
21 22  0.632114
21 23  0.618822
21 24  0.629972
21 25  0.644681
21 26  0.617980
22 23  0.620126
22 24  0.617823
22 25  0.611411
22 26  0.638287
23 24  0.614219
23 25  0.632766
23 26  0.625758
24 25  0.619108
24 26  0.629010
25 26  0.650464
