   -993.87883052
   -994.19801876
0.00000009398230
2 2 2 2 2 2 2 2 2 2 2 2 2 0 0 0 0 0 0 0 0 0 0 0 0 0 
1  0.304904
2  0.327830
3  0.315663
4  0.326273
5  0.335053
6  0.316324
7  0.319492
8  0.277563
9  0.280440
10  0.274740
11  0.302463
12  0.292001
13  0.275347
14  0.289808
15  0.307235
16  0.298052
17  0.277820
18  0.281741
19  0.281205
20  0.324754
21  0.328141
22  0.307043
23  0.316315
24  0.315014
25  0.321870
26  0.334223
1 2  0.632716
1 3  0.620422
1 4  0.616247
1 5  0.639943
1 6  0.621086
1 7  0.623761
1 8  0.554807
1 9  0.557410
1 10  0.558622
1 11  0.607365
1 12  0.596899
1 13  0.577925
1 14  0.591704
1 15  0.611992
1 16  0.602777
1 17  0.555385
1 18  0.548450
1 19  0.549696
1 20  0.629379
1 21  0.632916
1 22  0.381108
1 23  0.621204
1 24  0.619366
1 25  0.603244
1 26  0.638818
2 3  0.634864
2 4  0.653478
2 5  0.624278
2 6  0.620490
2 7  0.642238
2 8  0.605369
2 9  0.608249
2 10  0.602546
2 11  0.603550
2 12  0.614139
2 13  0.601268
2 14  0.615730
2 15  0.624852
2 16  0.599936
2 17  0.605622
2 18  0.609559
2 19  0.608934
2 20  0.647985
2 21  0.613196
2 22  0.634689
2 23  0.620807
2 24  0.640214
2 25  0.649233
2 26  0.483751
3 4  0.638325
3 5  0.634226
3 6  0.618832
3 7  0.600583
3 8  0.593163
3 9  0.596062
3 10  0.590106
3 11  0.615855
3 12  0.605348
3 13  0.568947
3 14  0.589278
3 15  0.622507
3 16  0.613367
3 17  0.593322
3 18  0.597371
3 19  0.596579
3 20  0.416079
3 21  0.641224
3 22  0.622304
3 23  0.602814
3 24  0.597869
3 25  0.635275
3 26  0.648584
4 5  0.660074
4 6  0.641704
4 7  0.632086
4 8  0.598298
4 9  0.603299
4 10  0.570291
4 11  0.628564
4 12  0.617977
4 13  0.578138
4 14  0.589513
4 15  0.633054
4 16  0.624289
4 17  0.567972
4 18  0.607154
4 19  0.605238
4 20  0.646772
4 21  0.653528
4 22  0.610205
4 23  0.639361
4 24  0.632784
4 25  0.399170
4 26  0.660250
5 6  0.631303
5 7  0.645283
5 8  0.612582
5 9  0.615460
5 10  0.609704
5 11  0.629336
5 12  0.604389
5 13  0.608117
5 14  0.623925
5 15  0.629117
5 16  0.629833
5 17  0.612551
5 18  0.616785
5 19  0.616226
5 20  0.655919
5 21  0.484346
5 22  0.641856
5 23  0.611340
5 24  0.648711
5 25  0.656852
5 26  0.626701
6 7  0.612749
6 8  0.593871
6 9  0.596747
6 10  0.590762
6 11  0.616356
6 12  0.603877
6 13  0.589147
6 14  0.601627
6 15  0.617389
6 16  0.608635
6 17  0.593675
6 18  0.597817
6 19  0.597328
6 20  0.624193
6 21  0.621615
6 22  0.623348
6 23  0.530693
6 24  0.602103
6 25  0.634616
6 26  0.611116
7 8  0.596894
7 9  0.599690
7 10  0.592043
7 11  0.620565
7 12  0.609164
7 13  0.591929
7 14  0.604060
7 15  0.625072
7 16  0.616997
7 17  0.594601
7 18  0.600603
7 19  0.600577
7 20  0.604029
7 21  0.643075
7 22  0.626128
7 23  0.619033
7 24  0.410199
7 25  0.628586
7 26  0.650192
8 9  0.512274
8 10  0.547725
8 11  0.580019
8 12  0.569557
8 13  0.552242
8 14  0.565754
8 15  0.584783
8 16  0.575613
8 17  0.554118
8 18  0.508800
8 19  0.279723
8 20  0.602098
8 21  0.605667
8 22  0.547175
8 23  0.593681
8 24  0.592441
8 25  0.597758
8 26  0.611785
9 10  0.548716
9 11  0.582896
9 12  0.572431
9 13  0.555573
9 14  0.569987
9 15  0.587565
9 16  0.578459
9 17  0.554315
9 18  0.278645
9 19  0.509985
9 20  0.605141
9 21  0.608393
9 22  0.550871
9 23  0.596544
9 24  0.594646
9 25  0.601405
9 26  0.614586
10 11  0.577198
10 12  0.566706
10 13  0.548218
10 14  0.563863
10 15  0.581442
10 16  0.572510
10 17  0.276049
10 18  0.553359
10 19  0.554810
10 20  0.599419
10 21  0.602181
10 22  0.553503
10 23  0.590593
10 24  0.587123
10 25  0.562332
10 26  0.608398
11 12  0.550271
11 13  0.577354
11 14  0.591304
11 15  0.560240
11 16  0.301441
11 17  0.580192
11 18  0.584204
11 19  0.583623
11 20  0.625596
11 21  0.621540
11 22  0.609343
11 23  0.612112
11 24  0.617111
11 25  0.624236
11 26  0.623901
12 13  0.567051
12 14  0.581648
12 15  0.299941
12 16  0.550395
12 17  0.569565
12 18  0.573725
12 19  0.573202
12 20  0.616342
12 21  0.595233
12 22  0.598910
12 23  0.602650
12 24  0.606659
12 25  0.613809
12 26  0.623416
13 14  0.273740
13 15  0.582557
13 16  0.573077
13 17  0.552546
13 18  0.556615
13 19  0.554610
13 20  0.577666
13 21  0.603245
13 22  0.579478
13 23  0.586444
13 24  0.588415
13 25  0.574289
13 26  0.609221
14 15  0.596737
14 16  0.587336
14 17  0.564803
14 18  0.571203
14 19  0.570171
14 20  0.587042
14 21  0.616923
14 22  0.594108
14 23  0.603596
14 24  0.600699
14 25  0.585919
14 26  0.622125
15 16  0.558986
15 17  0.584993
15 18  0.588967
15 19  0.588431
15 20  0.630332
15 21  0.607651
15 22  0.614268
15 23  0.620590
15 24  0.619791
15 25  0.628777
15 26  0.633646
16 17  0.575854
16 18  0.579784
16 19  0.579247
16 20  0.620127
16 21  0.620434
16 22  0.605093
16 23  0.609299
16 24  0.610467
16 25  0.619632
16 26  0.607349
17 18  0.552713
17 19  0.553458
17 20  0.602009
17 21  0.605692
17 22  0.562332
17 23  0.593483
17 24  0.590430
17 25  0.569570
17 26  0.611819
18 19  0.516708
18 20  0.606473
18 21  0.609844
18 22  0.561424
18 23  0.598013
18 24  0.596534
18 25  0.599006
18 26  0.615917
19 20  0.605925
19 21  0.609301
19 22  0.559484
19 23  0.597491
19 24  0.596040
19 25  0.597185
19 26  0.615384
20 21  0.646831
20 22  0.631577
20 23  0.619432
20 24  0.602596
20 25  0.644383
20 26  0.649286
21 22  0.635161
21 23  0.622717
21 24  0.634403
21 25  0.648647
21 26  0.621964
22 23  0.623232
22 24  0.621372
22 25  0.614424
22 26  0.641244
23 24  0.618792
23 25  0.636860
23 26  0.629800
24 25  0.623406
24 26  0.633011
25 26  0.654328
