  -1146.52904689
  -1146.89295958
0.00007754566930
2 2 2 2 2 2 2 2 2 2 2 2 2 2 2 0 0 0 0 0 0 0 0 0 0 0 0 0 0 0 
1  0.266930
2  0.266941
3  0.268901
4  0.278231
5  0.275103
6  0.317217
7  0.306033
8  0.307699
9  0.300526
10  0.283969
11  0.308339
12  0.317206
13  0.283565
14  0.306691
15  0.306570
16  0.275038
17  0.274825
18  0.274551
19  0.280778
20  0.277616
21  0.306187
22  0.310301
23  0.318406
24  0.301908
25  0.318547
26  0.309448
27  0.285749
28  0.305927
29  0.309226
30  0.286139
1 2  0.533788
1 3  0.534035
1 4  0.544994
1 5  0.541510
1 6  0.560610
1 7  0.554104
1 8  0.573175
1 9  0.565381
1 10  0.550884
1 11  0.574041
1 12  0.584037
1 13  0.550488
1 14  0.570610
1 15  0.570464
1 16  0.255533
1 17  0.541745
1 18  0.540866
1 19  0.547311
1 20  0.542860
1 21  0.558434
1 22  0.575873
1 23  0.559422
1 24  0.566189
1 25  0.585246
1 26  0.576138
1 27  0.552601
1 28  0.567350
1 29  0.572218
1 30  0.552887
2 3  0.535829
2 4  0.545169
2 5  0.542043
2 6  0.584037
2 7  0.571792
2 8  0.572001
2 9  0.567462
2 10  0.548131
2 11  0.555709
2 12  0.565520
2 13  0.545817
2 14  0.570984
2 15  0.572143
2 16  0.541969
2 17  0.247790
2 18  0.541274
2 19  0.547701
2 20  0.544557
2 21  0.572777
2 22  0.573697
2 23  0.585024
2 24  0.568772
2 25  0.563113
2 26  0.560182
2 27  0.548557
2 28  0.567183
2 29  0.574629
2 30  0.552093
3 4  0.541040
3 5  0.539693
3 6  0.556525
3 7  0.574698
3 8  0.576582
3 9  0.548833
3 10  0.552868
3 11  0.577160
3 12  0.586105
3 13  0.552463
3 14  0.575361
3 15  0.573666
3 16  0.543129
3 17  0.543479
3 18  0.266887
3 19  0.546395
3 20  0.545495
3 21  0.574905
3 22  0.579061
3 23  0.551737
3 24  0.543896
3 25  0.587365
3 26  0.577905
3 27  0.554647
3 28  0.574461
3 29  0.575450
3 30  0.555040
4 5  0.507026
4 6  0.592463
4 7  0.584243
4 8  0.585924
4 9  0.550500
4 10  0.562200
4 11  0.586560
4 12  0.595436
4 13  0.561796
4 14  0.584913
4 15  0.584635
4 16  0.553049
4 17  0.553018
4 18  0.549010
4 19  0.274253
4 20  0.504462
4 21  0.584409
4 22  0.588528
4 23  0.595771
4 24  0.542303
4 25  0.596774
4 26  0.587619
4 27  0.563979
4 28  0.583950
4 29  0.586723
4 30  0.564369
5 6  0.587341
5 7  0.581097
5 8  0.582796
5 9  0.547867
5 10  0.559072
5 11  0.583434
5 12  0.592308
5 13  0.558668
5 14  0.581784
5 15  0.581566
5 16  0.548677
5 17  0.549923
5 18  0.548581
5 19  0.504116
5 20  0.274491
5 21  0.581196
5 22  0.585383
5 23  0.591839
5 24  0.540404
5 25  0.593648
5 26  0.584550
5 27  0.560850
5 28  0.580791
5 29  0.584030
5 30  0.561238
6 7  0.619927
6 8  0.624447
6 9  0.603711
6 10  0.601185
6 11  0.624650
6 12  0.634398
6 13  0.600782
6 14  0.623095
6 15  0.611715
6 16  0.566400
6 17  0.591709
6 18  0.556618
6 19  0.597162
6 20  0.592854
6 21  0.620941
6 22  0.627355
6 23  0.384775
6 24  0.596381
6 25  0.635760
6 26  0.626357
6 27  0.602912
6 28  0.619081
6 29  0.613969
6 30  0.603305
7 8  0.606105
7 9  0.606439
7 10  0.589924
7 11  0.602678
7 12  0.622546
7 13  0.589581
7 14  0.594455
7 15  0.577019
7 16  0.566345
7 17  0.580494
7 18  0.580437
7 19  0.586784
7 20  0.583471
7 21  0.368304
7 22  0.613392
7 23  0.621572
7 24  0.607528
7 25  0.624425
7 26  0.613019
7 27  0.591600
7 28  0.587529
7 29  0.578172
7 30  0.591869
8 9  0.608211
8 10  0.589195
8 11  0.579957
8 12  0.614847
8 13  0.589915
8 14  0.592370
8 15  0.609755
8 16  0.581261
8 17  0.577919
8 18  0.582199
8 19  0.588473
8 20  0.585267
8 21  0.611058
8 22  0.367033
8 23  0.625842
8 24  0.609461
8 25  0.615473
8 26  0.577748
8 27  0.593045
8 28  0.586342
8 29  0.614592
8 30  0.591678
9 10  0.584493
9 11  0.608860
9 12  0.617731
9 13  0.584089
9 14  0.607111
9 15  0.606628
9 16  0.572513
9 17  0.575280
9 18  0.547503
9 19  0.542747
9 20  0.541534
9 21  0.606320
9 22  0.610638
9 23  0.596741
9 24  0.372052
9 25  0.619009
9 26  0.609789
9 27  0.586275
9 28  0.606399
9 29  0.609489
9 30  0.586658
10 11  0.592105
10 12  0.563566
10 13  0.519240
10 14  0.590294
10 15  0.590523
10 16  0.558759
10 17  0.557549
10 18  0.558515
10 19  0.564742
10 20  0.561579
10 21  0.589767
10 22  0.592296
10 23  0.602261
10 24  0.585875
10 25  0.556471
10 26  0.593208
10 27  0.515907
10 28  0.589594
10 29  0.593052
10 30  0.291293
11 12  0.623056
11 13  0.591689
11 14  0.598363
11 15  0.607333
11 16  0.583081
11 17  0.567685
11 18  0.582552
11 19  0.589099
11 20  0.585949
11 21  0.612094
11 22  0.580525
11 23  0.626509
11 24  0.610062
11 25  0.624116
11 26  0.366172
11 27  0.593706
11 28  0.590884
11 29  0.614467
11 30  0.594309
12 13  0.564799
12 14  0.623258
12 15  0.623447
12 16  0.591989
12 17  0.568975
12 18  0.591716
12 19  0.597983
12 20  0.594815
12 21  0.623200
12 22  0.616981
12 23  0.635610
12 24  0.619065
12 25  0.392823
12 26  0.624197
12 27  0.556763
12 28  0.619264
12 29  0.626227
12 30  0.556795
13 14  0.589974
13 15  0.590111
13 16  0.558481
13 17  0.553907
13 18  0.558099
13 19  0.564338
13 20  0.561178
13 21  0.589532
13 22  0.593532
13 23  0.601856
13 24  0.585473
13 25  0.557491
13 26  0.592493
13 27  0.290183
13 28  0.589437
13 29  0.592542
13 30  0.515639
14 15  0.590405
14 16  0.576472
14 17  0.576357
14 18  0.580733
14 19  0.587295
14 20  0.584143
14 21  0.590607
14 22  0.587947
14 23  0.621071
14 24  0.608580
14 25  0.621465
14 26  0.594948
14 27  0.592409
14 28  0.420637
14 29  0.586254
14 30  0.592458
15 16  0.576703
15 17  0.579880
15 18  0.578375
15 19  0.586799
15 20  0.584053
15 21  0.573772
15 22  0.614531
15 23  0.612851
15 24  0.608062
15 25  0.624849
15 26  0.613041
15 27  0.592205
15 28  0.584520
15 29  0.374786
15 30  0.592652
16 17  0.549728
16 18  0.546908
16 19  0.555526
16 20  0.551962
16 21  0.559521
16 22  0.583682
16 23  0.567792
16 24  0.574718
16 25  0.593462
16 26  0.583049
16 27  0.560778
16 28  0.577642
16 29  0.581026
16 30  0.561157
17 18  0.549357
17 19  0.555600
17 20  0.552440
17 21  0.579605
17 22  0.582271
17 23  0.593073
17 24  0.576727
17 25  0.572265
17 26  0.561886
17 27  0.555704
17 28  0.577832
17 29  0.582472
17 30  0.557211
18 19  0.548607
18 20  0.546465
18 21  0.580436
18 22  0.584813
18 23  0.562444
18 24  0.554330
18 25  0.593095
18 26  0.583869
18 27  0.560299
18 28  0.580162
18 29  0.581404
18 30  0.560689
19 20  0.511528
19 21  0.586946
19 22  0.591068
19 23  0.595383
19 24  0.554418
19 25  0.599323
19 26  0.590214
19 27  0.566527
19 28  0.586693
19 29  0.589854
19 30  0.566916
20 21  0.583778
20 22  0.587908
20 23  0.590628
20 24  0.551472
20 25  0.596162
20 26  0.587057
20 27  0.563365
20 28  0.583529
20 29  0.586748
20 30  0.563754
21 22  0.608563
21 23  0.621501
21 24  0.607998
21 25  0.623930
21 26  0.604099
21 27  0.591907
21 28  0.594181
21 29  0.577667
21 30  0.592219
22 23  0.628067
22 24  0.612198
22 25  0.618011
22 26  0.581320
22 27  0.594004
22 28  0.595784
22 29  0.614040
22 30  0.593519
23 24  0.607210
23 25  0.636914
23 26  0.626809
23 27  0.604154
23 28  0.623361
23 29  0.615130
23 30  0.604542
24 25  0.620453
24 26  0.611345
24 27  0.587656
24 28  0.607686
24 29  0.610247
24 30  0.588045
25 26  0.625687
25 27  0.568771
25 28  0.623674
25 29  0.627331
25 30  0.567392
26 27  0.595018
26 28  0.598594
26 29  0.610784
26 30  0.595329
27 28  0.591383
27 29  0.594959
27 30  0.522941
28 29  0.593845
28 30  0.591651
29 30  0.595336
