  -1146.52904689
  -1146.89485860
0.00002888568150
2 2 2 2 2 2 2 2 2 2 2 2 2 2 2 0 0 0 0 0 0 0 0 0 0 0 0 0 0 0 
1  0.272241
2  0.271688
3  0.272433
4  0.280061
5  0.277004
6  0.322658
7  0.312580
8  0.314522
9  0.303438
10  0.286103
11  0.314752
12  0.320484
13  0.285368
14  0.313069
15  0.313455
16  0.280603
17  0.279612
18  0.278111
19  0.282645
20  0.279575
21  0.312651
22  0.317167
23  0.323601
24  0.304647
25  0.321829
26  0.315875
27  0.287598
28  0.312425
29  0.316046
30  0.288375
1 2  0.543816
1 3  0.542810
1 4  0.552105
1 5  0.548625
1 6  0.571075
1 7  0.564571
1 8  0.585096
1 9  0.573408
1 10  0.558320
1 11  0.585510
1 12  0.592595
1 13  0.557598
1 14  0.582064
1 15  0.582591
1 16  0.265238
1 17  0.551844
1 18  0.549686
1 19  0.554446
1 20  0.550020
1 21  0.569778
1 22  0.587948
1 23  0.570012
1 24  0.574229
1 25  0.593787
1 26  0.587828
1 27  0.559742
1 28  0.579129
1 29  0.584382
1 30  0.560362
2 3  0.544100
2 4  0.551744
2 5  0.548690
2 6  0.594178
2 7  0.582818
2 8  0.583468
2 9  0.575119
2 10  0.554914
2 11  0.565485
2 12  0.573268
2 13  0.552192
2 14  0.581871
2 15  0.583571
2 16  0.552276
2 17  0.256171
2 18  0.549514
2 19  0.554308
2 20  0.551262
2 21  0.583952
2 22  0.585320
2 23  0.594891
2 24  0.576241
2 25  0.571241
2 26  0.570948
2 27  0.555082
2 28  0.578420
2 29  0.586050
2 30  0.559023
3 4  0.546077
3 5  0.544895
3 6  0.565296
3 7  0.584744
3 8  0.586931
3 9  0.555024
3 10  0.558533
3 11  0.587088
3 12  0.592915
3 13  0.557797
3 14  0.585198
3 15  0.583809
3 16  0.552166
3 17  0.551710
3 18  0.273394
3 19  0.551671
3 20  0.550905
3 21  0.584859
3 22  0.589435
3 23  0.560540
3 24  0.550201
3 25  0.594139
3 26  0.587774
3 27  0.560023
3 28  0.584470
3 29  0.585772
3 30  0.560807
4 5  0.511013
4 6  0.599509
4 7  0.592611
4 8  0.594568
4 9  0.555209
4 10  0.566163
4 11  0.594790
4 12  0.600543
4 13  0.565428
4 14  0.593116
4 15  0.593311
4 16  0.560411
4 17  0.559617
4 18  0.554337
4 19  0.277950
4 20  0.508514
4 21  0.592705
4 22  0.597224
4 23  0.602744
4 24  0.546858
4 25  0.601884
4 26  0.595851
4 27  0.567654
4 28  0.592292
4 29  0.595237
4 30  0.568434
5 6  0.594351
5 7  0.589537
5 8  0.591511
5 9  0.552580
5 10  0.563106
5 11  0.591737
5 12  0.597486
5 13  0.562372
5 14  0.590059
5 15  0.590326
5 16  0.556069
5 17  0.556606
5 18  0.553968
5 19  0.508145
5 20  0.278268
5 21  0.589546
5 22  0.594133
5 23  0.598884
5 24  0.545004
5 25  0.598829
5 26  0.592876
5 27  0.564596
5 28  0.589157
5 29  0.592749
5 30  0.565370
6 7  0.631728
6 8  0.636585
6 9  0.611739
6 10  0.608759
6 11  0.636318
6 12  0.643103
6 13  0.608025
6 14  0.634810
6 15  0.623133
6 16  0.577439
6 17  0.601834
6 18  0.565605
6 19  0.604413
6 20  0.600195
6 21  0.632799
6 22  0.639622
6 23  0.395044
6 24  0.604407
6 25  0.644483
6 26  0.638221
6 27  0.610160
6 28  0.630942
6 29  0.626076
6 30  0.610940
7 8  0.618877
7 9  0.615881
7 10  0.598591
7 11  0.614697
7 12  0.632247
7 13  0.597920
7 14  0.607334
7 15  0.590542
7 16  0.577928
7 17  0.591784
7 18  0.590506
7 19  0.595204
7 20  0.591914
7 21  0.380241
7 22  0.626645
7 23  0.633269
7 24  0.616822
7 25  0.634238
7 26  0.625687
7 27  0.599946
7 28  0.600527
7 29  0.591707
7 30  0.600597
8 9  0.617942
8 10  0.597900
8 11  0.593141
8 12  0.624268
8 13  0.598318
8 14  0.604678
8 15  0.623066
8 16  0.593582
8 17  0.589551
8 18  0.592572
8 19  0.597162
8 20  0.594029
8 21  0.624239
8 22  0.379755
8 23  0.637832
8 24  0.618996
8 25  0.625475
8 26  0.591133
8 27  0.601657
8 28  0.599148
8 29  0.628091
8 30  0.600676
9 10  0.589538
9 11  0.618181
9 12  0.623921
9 13  0.588803
9 14  0.616367
9 15  0.616301
9 16  0.580945
9 17  0.582976
9 18  0.553926
9 19  0.547484
9 20  0.546368
9 21  0.615685
9 22  0.620354
9 23  0.604696
9 24  0.377585
9 25  0.625165
9 26  0.619097
9 27  0.591034
9 28  0.615818
9 29  0.619183
9 30  0.591792
10 11  0.600610
10 12  0.568903
10 13  0.523380
10 14  0.598723
10 15  0.599532
10 16  0.566399
10 17  0.564425
10 18  0.564206
10 19  0.568741
10 20  0.565668
10 21  0.598292
10 22  0.601247
10 23  0.609545
10 24  0.590746
10 25  0.561905
10 26  0.601736
10 27  0.520189
10 28  0.598210
10 29  0.601986
10 30  0.295674
11 12  0.632577
11 13  0.599898
11 14  0.611118
11 15  0.620066
11 16  0.595019
11 17  0.578332
11 18  0.592454
11 19  0.597365
11 20  0.594318
11 21  0.624706
11 22  0.593966
11 23  0.638097
11 24  0.619165
11 25  0.633777
11 26  0.378010
11 27  0.601948
11 28  0.603727
11 29  0.627614
11 30  0.602908
12 13  0.570077
12 14  0.632840
12 15  0.633533
12 16  0.600772
12 17  0.577102
12 18  0.598528
12 19  0.603128
12 20  0.600045
12 21  0.632950
12 22  0.627005
12 23  0.644082
12 24  0.625052
12 25  0.399538
12 26  0.633855
12 27  0.562036
12 28  0.629043
12 29  0.636307
12 30  0.562349
13 14  0.598085
13 15  0.598791
13 16  0.565843
13 17  0.560469
13 18  0.563447
13 19  0.568006
13 20  0.564938
13 21  0.597732
13 22  0.602142
13 23  0.608806
13 24  0.590015
13 25  0.562712
13 26  0.600717
13 27  0.293788
13 28  0.597730
13 29  0.601144
13 30  0.519975
14 15  0.602896
14 16  0.588397
14 17  0.587521
14 18  0.590673
14 19  0.595499
14 20  0.592440
14 21  0.603358
14 22  0.600763
14 23  0.632617
14 24  0.617694
14 25  0.631045
14 26  0.607728
14 27  0.600625
14 28  0.432842
14 29  0.598985
14 30  0.601059
15 16  0.589193
15 17  0.591463
15 18  0.588764
15 19  0.595484
15 20  0.592894
15 21  0.587254
15 22  0.628092
15 23  0.624728
15 24  0.617644
15 25  0.634994
15 26  0.626219
15 27  0.600907
15 28  0.597444
15 29  0.387639
15 30  0.601764
16 17  0.560056
16 18  0.555911
16 19  0.562910
16 20  0.559383
16 21  0.570281
16 22  0.595842
16 23  0.578161
16 24  0.582859
16 25  0.602258
16 26  0.594796
16 27  0.568185
16 28  0.589482
16 29  0.593355
16 30  0.568949
17 18  0.557692
17 19  0.562253
17 20  0.559185
17 21  0.590650
17 22  0.593837
17 23  0.602997
17 24  0.584252
17 25  0.580073
17 26  0.571887
17 27  0.562169
17 28  0.588869
17 29  0.593854
17 30  0.564106
18 19  0.553759
18 20  0.551749
18 21  0.590431
18 22  0.595227
18 23  0.570972
18 24  0.560485
18 25  0.599937
18 26  0.593833
18 27  0.565707
18 28  0.590159
18 29  0.591515
18 30  0.566486
19 20  0.515617
19 21  0.595275
19 22  0.599794
19 23  0.602219
19 24  0.558930
19 25  0.604471
19 26  0.598501
19 27  0.570242
19 28  0.595057
19 29  0.598529
19 30  0.571020
20 21  0.592185
20 22  0.596725
20 23  0.597464
20 24  0.556019
20 25  0.601402
20 26  0.595435
20 27  0.567172
20 28  0.591985
20 29  0.595504
20 30  0.567949
21 22  0.621253
21 23  0.632993
21 24  0.617187
21 25  0.633531
21 26  0.615999
21 27  0.600206
21 28  0.606990
21 29  0.590995
21 30  0.600911
22 23  0.639994
22 24  0.621802
22 25  0.627433
22 26  0.594614
22 27  0.602458
22 28  0.608399
22 29  0.627123
22 30  0.602320
23 24  0.614940
23 25  0.645377
23 26  0.638242
23 27  0.611198
23 28  0.634948
23 29  0.626382
23 30  0.611974
24 25  0.626475
24 26  0.620507
24 27  0.592244
24 28  0.616888
24 29  0.619650
24 30  0.593021
25 26  0.635236
25 27  0.574099
25 28  0.633360
25 29  0.637323
25 30  0.572788
26 27  0.603273
26 28  0.611307
26 29  0.623413
26 30  0.603946
27 28  0.599661
27 29  0.603621
27 30  0.527277
28 29  0.606470
28 30  0.600310
29 30  0.604385
