  -1146.52904689
  -1146.89540221
0.00000823946918
2 2 2 2 2 2 2 2 2 2 2 2 2 2 2 0 0 0 0 0 0 0 0 0 0 0 0 0 0 0 
1  0.273967
2  0.273099
3  0.273482
4  0.280566
5  0.277513
6  0.324301
7  0.314537
8  0.316522
9  0.304208
10  0.286784
11  0.316648
12  0.321523
13  0.285931
14  0.314980
15  0.315558
16  0.282400
17  0.281125
18  0.279221
19  0.283134
20  0.280095
21  0.314574
22  0.319195
23  0.325203
24  0.305406
25  0.322870
26  0.317772
27  0.288154
28  0.314307
29  0.318107
30  0.289064
1 2  0.546924
1 3  0.545560
1 4  0.554325
1 5  0.550828
1 6  0.574360
1 7  0.567784
1 8  0.588713
1 9  0.575853
1 10  0.560719
1 11  0.589035
1 12  0.595337
1 13  0.559882
1 14  0.585642
1 15  0.586393
1 16  0.268508
1 17  0.555081
1 18  0.552496
1 19  0.556657
1 20  0.552228
1 21  0.573309
1 22  0.591669
1 23  0.573361
1 24  0.576735
1 25  0.596537
1 26  0.591432
1 27  0.561993
1 28  0.582767
1 29  0.588169
1 30  0.562723
2 3  0.546553
2 4  0.553659
2 5  0.550609
2 6  0.597201
2 7  0.586091
2 8  0.586862
2 9  0.577298
2 10  0.556990
2 11  0.568364
2 12  0.575655
2 13  0.554142
2 14  0.585136
2 15  0.586996
2 16  0.555483
2 17  0.258860
2 18  0.551954
2 19  0.556193
2 20  0.553194
2 21  0.587273
2 22  0.588754
2 23  0.597893
2 24  0.578381
2 25  0.573720
2 26  0.574152
2 27  0.557060
2 28  0.581730
2 29  0.589507
2 30  0.561112
3 4  0.547603
3 5  0.546396
3 6  0.567916
3 7  0.587732
3 8  0.589977
3 9  0.556816
3 10  0.560262
3 11  0.590024
3 12  0.595003
3 13  0.559407
3 14  0.588127
3 15  0.586885
3 16  0.554992
3 17  0.554198
3 18  0.275455
3 19  0.553215
3 20  0.552458
3 21  0.587821
3 22  0.592494
3 23  0.563206
3 24  0.552007
3 25  0.596208
3 26  0.590676
3 27  0.561626
3 28  0.587400
3 29  0.588890
3 30  0.562545
4 5  0.512106
4 6  0.601597
4 7  0.595068
4 8  0.597068
4 9  0.556512
4 10  0.567350
4 11  0.597188
4 12  0.602087
4 13  0.566496
4 14  0.595529
4 15  0.595902
4 16  0.562711
4 17  0.561610
4 18  0.555957
4 19  0.279055
4 20  0.509627
4 21  0.595132
4 22  0.599758
4 23  0.604828
4 24  0.548145
4 25  0.603429
4 26  0.598235
4 27  0.568714
4 28  0.594675
4 29  0.597757
4 30  0.569626
5 6  0.596434
5 7  0.591995
5 8  0.594014
5 9  0.553862
5 10  0.564296
5 11  0.594136
5 12  0.599034
5 13  0.563444
5 14  0.592478
5 15  0.592930
5 16  0.558341
5 17  0.558625
5 18  0.555565
5 19  0.509227
5 20  0.279357
5 21  0.591962
5 22  0.596657
5 23  0.600993
5 24  0.546290
5 25  0.600379
5 26  0.595283
5 27  0.565659
5 28  0.591540
5 29  0.595320
5 30  0.566563
6 7  0.635282
6 8  0.640162
6 9  0.614074
6 10  0.611083
6 11  0.639794
6 12  0.645777
6 13  0.610231
6 14  0.638326
6 15  0.626613
6 16  0.580897
6 17  0.604977
6 18  0.568343
6 19  0.606527
6 20  0.602351
6 21  0.636348
6 22  0.643274
6 23  0.398395
6 24  0.606768
6 25  0.647165
6 26  0.641743
6 27  0.612344
6 28  0.634436
6 29  0.629736
6 30  0.613266
7 8  0.622685
7 9  0.618599
7 10  0.601222
7 11  0.618242
7 12  0.635192
7 13  0.600434
7 14  0.611180
7 15  0.594671
7 16  0.581513
7 17  0.595239
7 18  0.593556
7 19  0.597646
7 20  0.594380
7 21  0.383989
7 22  0.630621
7 23  0.636806
7 24  0.619551
7 25  0.637218
7 26  0.629437
7 27  0.602454
7 28  0.604351
7 29  0.595811
7 30  0.603199
8 9  0.620709
8 10  0.600519
8 11  0.597066
8 12  0.627111
8 13  0.600829
8 14  0.608309
8 15  0.626980
8 16  0.597336
8 17  0.593072
8 18  0.595677
8 19  0.599652
8 20  0.596532
8 21  0.628151
8 22  0.383680
8 23  0.641410
8 24  0.621718
8 25  0.628498
8 26  0.595103
8 27  0.604189
8 28  0.602869
8 29  0.632076
8 30  0.603368
9 10  0.590988
9 11  0.620845
9 12  0.625730
9 13  0.590135
9 14  0.619031
9 15  0.619132
9 16  0.583528
9 17  0.585232
9 18  0.555822
9 19  0.548768
9 20  0.547674
9 21  0.618396
9 22  0.623099
9 23  0.607039
9 24  0.379269
9 25  0.626965
9 26  0.621754
9 27  0.592360
9 28  0.618466
9 29  0.621996
9 30  0.593248
10 11  0.603171
10 12  0.570636
10 13  0.524707
10 14  0.601283
10 15  0.602312
10 16  0.568805
10 17  0.566604
10 18  0.565995
10 19  0.569906
10 20  0.566862
10 21  0.600858
10 22  0.603959
10 23  0.611812
10 24  0.592183
10 25  0.563673
10 26  0.604305
10 27  0.521543
10 28  0.600772
10 29  0.604727
10 30  0.297097
11 12  0.635486
11 13  0.602353
11 14  0.614916
11 15  0.623922
11 16  0.598694
11 17  0.581569
11 18  0.595410
11 19  0.599751
11 20  0.596735
11 21  0.628426
11 22  0.597966
11 23  0.641572
11 24  0.621803
11 25  0.636694
11 26  0.381629
11 27  0.604402
11 28  0.607482
11 29  0.631573
11 30  0.605483
12 13  0.571768
12 14  0.635759
12 15  0.636638
12 16  0.603592
12 17  0.579665
12 18  0.600664
12 19  0.604657
12 20  0.601602
12 21  0.635901
12 22  0.630043
12 23  0.646723
12 24  0.626835
12 25  0.401767
12 26  0.636773
12 27  0.563694
12 28  0.631944
12 29  0.639389
12 30  0.564118
13 14  0.600528
13 15  0.601454
13 16  0.568171
13 17  0.562552
13 18  0.565108
13 19  0.569053
13 20  0.566018
13 21  0.600211
13 22  0.604712
13 23  0.610957
13 24  0.591336
13 25  0.564379
13 26  0.603185
13 27  0.294959
13 28  0.600166
13 29  0.603722
13 30  0.521342
14 15  0.606648
14 16  0.592121
14 17  0.590966
14 18  0.593676
14 19  0.597883
14 20  0.594855
14 21  0.607151
14 22  0.604513
14 23  0.636118
14 24  0.620360
14 25  0.633978
14 26  0.611506
14 27  0.603088
14 28  0.436842
14 29  0.602742
14 30  0.603652
15 16  0.593097
15 17  0.595041
15 18  0.592001
15 19  0.598049
15 20  0.595524
15 21  0.591382
15 22  0.632150
15 23  0.628378
15 24  0.620481
15 25  0.638117
15 26  0.630209
15 27  0.603536
15 28  0.601270
15 29  0.391789
15 30  0.604553
16 17  0.563328
16 18  0.558769
16 19  0.565183
16 20  0.561665
16 21  0.573563
16 22  0.599565
16 23  0.581456
16 24  0.585378
16 25  0.605073
16 26  0.598413
16 27  0.570532
16 28  0.593093
16 29  0.597192
16 30  0.571426
17 18  0.560305
17 19  0.564255
17 20  0.561218
17 21  0.594015
17 22  0.597356
17 23  0.606084
17 24  0.586521
17 25  0.582569
17 26  0.574872
17 27  0.564214
17 28  0.592204
17 29  0.597334
17 30  0.566282
18 19  0.555330
18 20  0.553329
18 21  0.593448
18 22  0.598357
18 23  0.573605
18 24  0.562337
18 25  0.602088
18 26  0.596826
18 27  0.567373
18 28  0.593113
18 29  0.594607
18 30  0.568283
19 20  0.516713
19 21  0.597684
19 22  0.602305
19 23  0.604244
19 24  0.560193
19 25  0.606002
19 26  0.600885
19 27  0.571288
19 28  0.597427
19 29  0.601069
19 30  0.572197
20 21  0.594621
20 22  0.599268
20 23  0.599521
20 24  0.557290
20 25  0.602964
20 26  0.597846
20 27  0.568249
20 28  0.594387
20 29  0.598079
20 30  0.569158
21 22  0.625049
21 23  0.636479
21 24  0.619863
21 25  0.636442
21 26  0.619501
21 27  0.602680
21 28  0.610766
21 29  0.595039
21 30  0.603515
22 23  0.643560
22 24  0.624588
22 25  0.630304
22 26  0.598590
22 27  0.604965
22 28  0.612069
22 29  0.630978
22 30  0.604970
23 24  0.617258
23 25  0.648012
23 26  0.641671
23 27  0.613356
23 28  0.638381
23 29  0.629810
23 30  0.614264
24 25  0.628274
24 26  0.623160
24 27  0.593558
24 28  0.619511
24 29  0.622414
24 30  0.594468
25 26  0.638144
25 27  0.575785
25 28  0.636244
25 29  0.640382
25 30  0.574521
26 27  0.605724
26 28  0.615040
26 29  0.627230
26 30  0.606516
27 28  0.602072
27 29  0.606238
27 30  0.528610
28 29  0.610189
28 30  0.602845
29 30  0.607128
