   -841.24353051
   -841.50071256
0.00014769324500
2 2 2 2 2 2 2 2 2 2 2 0 0 0 0 0 0 0 0 0 0 0 
1  0.289200
2  0.290476
3  0.290540
4  0.269565
5  0.271729
6  0.286958
7  0.270187
8  0.269369
9  0.251354
10  0.252874
11  0.259326
12  0.263413
13  0.260378
14  0.259211
15  0.271963
16  0.269929
17  0.271128
18  0.272270
19  0.291419
20  0.291438
21  0.289371
22  0.290590
1 2  0.578830
1 3  0.569854
1 4  0.529489
1 5  0.531937
1 6  0.576085
1 7  0.559363
1 8  0.558548
1 9  0.522174
1 10  0.542038
1 11  0.546366
1 12  0.550635
1 13  0.549198
1 14  0.522626
1 15  0.561131
1 16  0.559074
1 17  0.521063
1 18  0.523775
1 19  0.562558
1 20  0.350082
1 21  0.578141
1 22  0.579657
2 3  0.566706
2 4  0.559994
2 5  0.562073
2 6  0.567545
2 7  0.558816
2 8  0.556570
2 9  0.538934
2 10  0.521040
2 11  0.524027
2 12  0.521875
2 13  0.521390
2 14  0.547253
2 15  0.560845
2 16  0.559949
2 17  0.561184
2 18  0.562522
2 19  0.558626
2 20  0.581776
2 21  0.562325
2 22  0.345029
3 4  0.556815
3 5  0.560382
3 6  0.576786
3 7  0.560608
3 8  0.559863
3 9  0.519962
3 10  0.540591
3 11  0.523820
3 12  0.521681
3 13  0.548416
3 14  0.520425
3 15  0.562239
3 16  0.560067
3 17  0.561200
3 18  0.561235
3 19  0.344937
3 20  0.564732
3 21  0.579781
3 22  0.558326
4 5  0.494697
4 6  0.556504
4 7  0.539750
4 8  0.538928
4 9  0.517606
4 10  0.522417
4 11  0.528570
4 12  0.531952
4 13  0.529905
4 14  0.527695
4 15  0.541527
4 16  0.539424
4 17  0.490637
4 18  0.264493
4 19  0.559941
4 20  0.520714
4 21  0.558927
4 22  0.559675
5 6  0.558659
5 7  0.541914
5 8  0.541095
5 9  0.518059
5 10  0.524576
5 11  0.530957
5 12  0.534860
5 13  0.531905
5 14  0.526746
5 15  0.543644
5 16  0.541429
5 17  0.265385
5 18  0.489727
5 19  0.562436
5 20  0.525450
5 21  0.561071
5 22  0.561916
6 7  0.528100
6 8  0.527041
6 9  0.538279
6 10  0.521374
6 11  0.544063
6 12  0.548229
6 13  0.521729
6 14  0.545796
6 15  0.521351
6 16  0.517729
6 17  0.558015
6 18  0.559198
6 19  0.578227
6 20  0.577999
6 21  0.348832
6 22  0.559662
7 8  0.493144
7 9  0.521515
7 10  0.517774
7 11  0.529422
7 12  0.533382
7 13  0.526384
7 14  0.529199
7 15  0.488096
7 16  0.264400
7 17  0.541180
7 18  0.542420
7 19  0.561197
7 20  0.561604
7 21  0.522153
7 22  0.560066
8 9  0.520697
8 10  0.518716
8 11  0.528365
8 12  0.531843
8 13  0.528713
8 14  0.528533
8 15  0.263720
8 16  0.489152
8 17  0.540363
8 18  0.541628
8 19  0.560328
8 20  0.560798
8 21  0.518957
8 22  0.558897
9 10  0.503901
9 11  0.508668
9 12  0.514248
9 13  0.510101
9 14  0.237228
9 15  0.523314
9 16  0.521137
9 17  0.519640
9 18  0.522879
9 19  0.514507
9 20  0.516347
9 21  0.540239
9 22  0.539839
10 11  0.510208
10 12  0.515725
10 13  0.238275
10 14  0.510488
10 15  0.524084
10 16  0.519959
10 17  0.523863
10 18  0.525140
10 19  0.542129
10 20  0.543886
10 21  0.515803
10 22  0.514872
11 12  0.250575
11 13  0.519101
11 14  0.517908
11 15  0.530219
11 16  0.528881
11 17  0.530099
11 18  0.530439
11 19  0.518875
11 20  0.549086
11 21  0.547122
11 22  0.517976
12 13  0.520555
12 14  0.519339
12 15  0.534935
12 16  0.533108
12 17  0.534297
12 18  0.535213
12 19  0.528108
12 20  0.552144
12 21  0.550181
12 22  0.527759
13 14  0.519106
13 15  0.528111
13 16  0.524949
13 17  0.531483
13 18  0.532638
13 19  0.548575
13 20  0.551745
13 21  0.528935
13 22  0.527402
14 15  0.531167
14 16  0.529119
14 17  0.525012
14 18  0.527202
14 19  0.527491
14 20  0.529994
14 21  0.548521
14 22  0.546584
15 16  0.495172
15 17  0.543072
15 18  0.544223
15 19  0.563288
15 20  0.563385
15 21  0.531459
15 22  0.558996
16 17  0.541000
16 18  0.542177
16 19  0.561250
16 20  0.561325
16 21  0.531047
16 22  0.557557
17 18  0.496783
17 19  0.559453
17 20  0.534018
17 21  0.560458
17 22  0.561616
18 19  0.560300
18 20  0.533495
18 21  0.561620
18 22  0.562770
19 20  0.574016
19 21  0.579564
19 22  0.568451
20 21  0.580735
20 22  0.580798
21 22  0.570941
