   -841.24353051
   -841.50299095
0.00004502431190
2 2 2 2 2 2 2 2 2 2 2 0 0 0 0 0 0 0 0 0 0 0 
1  0.295001
2  0.297856
3  0.298755
4  0.272755
5  0.275410
6  0.292418
7  0.274145
8  0.272847
9  0.257886
10  0.258944
11  0.265749
12  0.269968
13  0.266839
14  0.265866
15  0.275529
16  0.273801
17  0.274796
18  0.275862
19  0.299078
20  0.297149
21  0.294817
22  0.298020
1 2  0.591792
1 3  0.583082
1 4  0.538208
1 5  0.540974
1 6  0.587330
1 7  0.569081
1 8  0.567794
1 9  0.533833
1 10  0.553895
1 11  0.558202
1 12  0.562948
1 13  0.561501
1 14  0.534800
1 15  0.570461
1 16  0.568754
1 17  0.530249
1 18  0.532934
1 19  0.575435
1 20  0.361956
1 21  0.589300
1 22  0.592848
2 3  0.581483
2 4  0.570550
2 5  0.573143
2 6  0.579760
2 7  0.569778
2 8  0.567117
2 9  0.552585
2 10  0.534081
2 11  0.537352
2 12  0.535579
2 13  0.535000
2 14  0.561252
2 15  0.571742
2 16  0.571122
2 17  0.572114
2 18  0.573433
2 19  0.573109
2 20  0.594829
2 21  0.574568
2 22  0.360375
3 4  0.567922
3 5  0.571936
3 6  0.590182
3 7  0.572778
3 8  0.571538
3 9  0.534054
3 10  0.554576
3 11  0.537922
3 12  0.536122
3 13  0.563063
3 14  0.534913
3 15  0.574020
3 16  0.572042
3 17  0.573032
3 18  0.572884
3 19  0.361085
3 20  0.577906
3 21  0.593405
3 22  0.573206
4 5  0.501867
4 6  0.565122
4 7  0.546865
4 8  0.545572
4 9  0.526799
4 10  0.531664
4 11  0.538122
4 12  0.541477
4 13  0.539564
4 14  0.537444
4 15  0.548283
4 16  0.546508
4 17  0.497798
4 18  0.271292
4 19  0.570796
4 20  0.529601
4 21  0.567525
4 22  0.570286
5 6  0.567765
5 7  0.549487
5 8  0.548215
5 9  0.527769
5 10  0.534302
5 11  0.541033
5 12  0.545149
5 13  0.541970
5 14  0.536957
5 15  0.550885
5 16  0.549049
5 17  0.272606
5 18  0.497313
5 19  0.573731
5 20  0.534787
5 21  0.570183
5 22  0.572883
6 7  0.537237
6 8  0.535728
6 9  0.550258
6 10  0.532317
6 11  0.555763
6 12  0.560369
6 13  0.533340
6 14  0.557931
6 15  0.530147
6 16  0.526804
6 17  0.567174
6 18  0.568222
6 19  0.591320
6 20  0.589031
6 21  0.359972
6 22  0.572056
7 8  0.500590
7 9  0.531982
7 10  0.527408
7 11  0.539770
7 12  0.543874
7 13  0.536677
7 14  0.539757
7 15  0.495841
7 16  0.272041
7 17  0.548772
7 18  0.549961
7 19  0.572717
7 20  0.571262
7 21  0.531322
7 22  0.571410
8 9  0.530699
8 10  0.527836
8 11  0.538233
8 12  0.541647
8 13  0.538518
8 14  0.538680
8 15  0.270796
8 16  0.496695
8 17  0.547596
8 18  0.548708
8 19  0.571411
8 20  0.569956
8 21  0.527661
8 22  0.569782
9 10  0.516420
9 11  0.521244
9 12  0.527203
9 13  0.522850
9 14  0.248291
9 15  0.533411
9 16  0.531534
9 17  0.529751
9 18  0.532861
9 19  0.528468
9 20  0.528104
9 21  0.552213
9 22  0.553795
10 11  0.522303
10 12  0.528248
10 13  0.248785
10 14  0.522976
10 15  0.533572
10 16  0.529789
10 17  0.533592
10 18  0.534800
10 19  0.555908
10 20  0.555575
10 21  0.526987
10 22  0.528248
11 12  0.261897
11 13  0.531875
11 14  0.530908
11 15  0.540028
11 16  0.539183
11 17  0.540143
11 18  0.540385
11 19  0.532615
11 20  0.561217
11 21  0.558925
11 22  0.531529
12 13  0.533210
12 14  0.532211
12 15  0.544876
12 16  0.543507
12 17  0.544503
12 18  0.545227
12 19  0.541890
12 20  0.564048
12 21  0.561811
12 22  0.541249
13 14  0.532092
13 15  0.537658
13 16  0.534750
13 17  0.541606
13 18  0.542683
13 19  0.562371
13 20  0.563907
13 21  0.540266
13 22  0.540701
14 15  0.541373
14 16  0.539640
14 17  0.534859
14 18  0.537117
14 19  0.540988
14 20  0.541610
14 21  0.560601
14 22  0.560276
15 16  0.502811
15 17  0.550283
15 18  0.551369
15 19  0.574502
15 20  0.572641
15 21  0.540127
15 22  0.569640
16 17  0.548411
16 18  0.549613
16 19  0.572770
16 20  0.570892
16 21  0.540025
16 22  0.568381
17 18  0.504213
17 19  0.570409
17 20  0.543268
17 21  0.569552
17 22  0.572701
18 19  0.571090
18 20  0.542495
18 21  0.570647
18 22  0.573765
19 20  0.586651
19 21  0.592423
19 22  0.582852
20 21  0.591889
20 22  0.593680
21 22  0.583250
