   -841.24353051
   -841.50391620
0.00001527991340
2 2 2 2 2 2 2 2 2 2 2 0 0 0 0 0 0 0 0 0 0 0 
1  0.297743
2  0.302052
3  0.302900
4  0.274622
5  0.277270
6  0.295123
7  0.276003
8  0.274647
9  0.260902
10  0.261930
11  0.269324
12  0.273519
13  0.269956
14  0.269008
15  0.277422
16  0.275723
17  0.276697
18  0.277776
19  0.303089
20  0.299849
21  0.297484
22  0.302059
1 2  0.598567
1 3  0.589656
1 4  0.542647
1 5  0.545520
1 6  0.592759
1 7  0.573649
1 8  0.572312
1 9  0.539369
1 10  0.559610
1 11  0.564282
1 12  0.569241
1 13  0.567298
1 14  0.540640
1 15  0.575090
1 16  0.573417
1 17  0.534852
1 18  0.537486
1 19  0.582043
1 20  0.367306
1 21  0.594655
1 22  0.599593
2 3  0.589425
2 4  0.576599
2 5  0.579186
2 6  0.586319
2 7  0.575666
2 8  0.572859
2 9  0.559504
2 10  0.540995
2 11  0.544898
2 12  0.543243
2 13  0.542227
2 14  0.568540
2 15  0.577775
2 16  0.577180
2 17  0.578173
2 18  0.579511
2 19  0.581061
2 20  0.601694
2 21  0.581210
2 22  0.368008
3 4  0.573673
3 5  0.577794
3 6  0.596869
3 7  0.578767
3 8  0.577471
3 9  0.540998
3 10  0.561391
3 11  0.545358
3 12  0.543732
3 13  0.570268
3 14  0.542130
3 15  0.580014
3 16  0.578058
3 17  0.579020
3 18  0.578920
3 19  0.368686
3 20  0.584531
3 21  0.600180
3 22  0.581162
4 5  0.505791
4 6  0.569670
4 7  0.550581
4 8  0.549239
4 9  0.531489
4 10  0.536503
4 11  0.543495
4 12  0.546832
4 13  0.544535
4 14  0.542381
4 15  0.552041
4 16  0.550303
4 17  0.501763
4 18  0.274908
4 19  0.576613
4 20  0.534128
4 21  0.572056
4 22  0.576152
5 6  0.572296
5 7  0.553137
5 8  0.551873
5 9  0.532360
5 10  0.539144
5 11  0.546444
5 12  0.550516
5 13  0.546939
5 14  0.541859
5 15  0.554635
5 16  0.552821
5 17  0.276312
5 18  0.501309
5 19  0.579543
5 20  0.539339
5 21  0.574715
5 22  0.578763
6 7  0.541791
6 8  0.540136
6 9  0.555964
6 10  0.537788
6 11  0.561798
6 12  0.566614
6 13  0.539095
6 14  0.563736
6 15  0.534702
6 16  0.531432
6 17  0.571769
6 18  0.572822
6 19  0.598005
6 20  0.594405
6 21  0.365246
6 22  0.578613
7 8  0.504422
7 9  0.536849
7 10  0.532021
7 11  0.545181
7 12  0.549257
7 13  0.541585
7 14  0.544731
7 15  0.499796
7 16  0.275748
7 17  0.552529
7 18  0.553720
7 19  0.578552
7 20  0.575810
7 21  0.535810
7 22  0.577255
8 9  0.535499
8 10  0.532443
8 11  0.543538
8 12  0.546869
8 13  0.543370
8 14  0.543614
8 15  0.274335
8 16  0.500618
8 17  0.551301
8 18  0.552420
8 19  0.577196
8 20  0.574441
8 21  0.532085
8 22  0.575591
9 10  0.522356
9 11  0.527672
9 12  0.533699
9 13  0.528860
9 14  0.253807
9 15  0.538319
9 16  0.536459
9 17  0.534584
9 18  0.537727
9 19  0.535421
9 20  0.533770
9 21  0.557847
9 22  0.560803
10 11  0.528704
10 12  0.534717
10 13  0.254252
10 14  0.528930
10 15  0.538388
10 16  0.534606
10 17  0.538465
10 18  0.539701
10 19  0.562872
10 20  0.561237
10 21  0.532619
10 22  0.535186
11 12  0.268226
11 13  0.538488
11 14  0.537542
11 15  0.545422
11 16  0.544626
11 17  0.545578
11 18  0.545749
11 19  0.540157
11 20  0.567480
11 21  0.565153
11 22  0.539133
12 13  0.539684
12 14  0.538697
12 15  0.550245
12 16  0.548945
12 17  0.549923
12 18  0.550599
12 19  0.549296
12 20  0.570067
12 21  0.567797
12 22  0.548648
13 14  0.538266
13 15  0.542454
13 16  0.539547
13 17  0.546620
13 18  0.547698
13 19  0.569249
13 20  0.569708
13 21  0.545846
13 22  0.547550
14 15  0.546397
14 16  0.544701
14 17  0.539703
14 18  0.541982
14 19  0.547838
14 20  0.547207
14 21  0.566398
14 22  0.567188
15 16  0.506830
15 17  0.554069
15 18  0.555169
15 19  0.580380
15 20  0.577221
15 21  0.544528
15 22  0.575308
16 17  0.552165
16 18  0.553450
16 19  0.578687
16 20  0.575486
16 21  0.544586
16 22  0.574087
17 18  0.508232
17 19  0.576074
17 20  0.547873
17 21  0.574094
17 22  0.578624
18 19  0.576739
18 20  0.546971
18 21  0.575210
18 22  0.579701
19 20  0.593039
19 21  0.598944
19 22  0.590616
20 21  0.597253
20 22  0.600232
21 22  0.589659
