   -841.24353051
   -841.50428937
0.00000014084074
2 2 2 2 2 2 2 2 2 2 2 0 0 0 0 0 0 0 0 0 0 0 
1  0.298839
2  0.303649
3  0.304503
4  0.275422
5  0.278252
6  0.296218
7  0.276971
8  0.275440
9  0.262115
10  0.263121
11  0.270836
12  0.275078
13  0.271202
14  0.270233
15  0.278222
16  0.276780
17  0.277763
18  0.278580
19  0.304641
20  0.300889
21  0.298532
22  0.303628
1 2  0.601187
1 3  0.592236
1 4  0.544540
1 5  0.547634
1 6  0.594945
1 7  0.575673
1 8  0.574178
1 9  0.541629
1 10  0.561892
1 11  0.566802
1 12  0.571904
1 13  0.569634
1 14  0.542964
1 15  0.576981
1 16  0.575568
1 17  0.537057
1 18  0.539401
1 19  0.584637
1 20  0.369649
1 21  0.596761
1 22  0.602234
2 3  0.592434
2 4  0.578989
2 5  0.581753
2 6  0.588884
2 7  0.578170
2 8  0.575176
2 9  0.562212
2 10  0.543663
2 11  0.547886
2 12  0.546298
2 13  0.545033
2 14  0.571364
2 15  0.580161
2 16  0.579803
2 17  0.580812
2 18  0.581905
2 19  0.584069
2 20  0.604313
2 21  0.583793
2 22  0.371262
3 4  0.576012
3 5  0.580314
3 6  0.599497
3 7  0.581329
3 8  0.579861
3 9  0.543697
3 10  0.564080
3 11  0.548340
3 12  0.546813
3 13  0.573117
3 14  0.544904
3 15  0.582407
3 16  0.580696
3 17  0.581657
3 18  0.581319
3 19  0.371934
3 20  0.587106
3 21  0.602812
3 22  0.584186
4 5  0.507648
4 6  0.571540
4 7  0.552333
4 8  0.550818
4 9  0.533431
4 10  0.538475
4 11  0.545776
4 12  0.549138
4 13  0.546576
4 14  0.544382
4 15  0.553639
4 16  0.552156
4 17  0.503726
4 18  0.276524
4 19  0.578956
4 20  0.536012
4 21  0.573899
4 22  0.578508
5 6  0.574330
5 7  0.555009
5 8  0.553632
5 9  0.534509
5 10  0.541309
5 11  0.548928
5 12  0.553050
5 13  0.549149
5 14  0.544067
5 15  0.556407
5 16  0.554843
5 17  0.278432
5 18  0.503190
5 19  0.582053
5 20  0.541408
5 21  0.576739
5 22  0.581287
6 7  0.543901
6 8  0.542026
6 9  0.558266
6 10  0.540023
6 11  0.564323
6 12  0.569282
6 13  0.541417
6 14  0.566048
6 15  0.536622
6 16  0.533635
6 17  0.573927
6 18  0.574719
6 19  0.600628
6 20  0.596501
6 21  0.367585
6 22  0.581218
7 8  0.506257
7 9  0.539024
7 10  0.534145
7 11  0.547652
7 12  0.551779
7 13  0.543804
7 14  0.546905
7 15  0.501656
7 16  0.277842
7 17  0.554544
7 18  0.555484
7 19  0.581053
7 20  0.577814
7 21  0.537856
7 22  0.579771
8 9  0.537486
8 10  0.534369
8 11  0.545814
8 12  0.549169
8 13  0.545381
8 14  0.545628
8 15  0.275946
8 16  0.502564
8 17  0.553155
8 18  0.554015
8 19  0.579530
8 20  0.576269
8 21  0.533955
8 22  0.577944
9 10  0.524707
9 11  0.530316
9 12  0.536428
9 13  0.531230
9 14  0.256062
9 15  0.540330
9 16  0.538715
9 17  0.536866
9 18  0.539715
9 19  0.538146
9 20  0.536007
9 21  0.560097
9 22  0.563589
10 11  0.531321
10 12  0.537424
10 13  0.256510
10 14  0.531268
10 15  0.540355
10 16  0.536857
10 17  0.540705
10 18  0.541694
10 19  0.565622
10 20  0.563458
10 21  0.534865
10 22  0.537885
11 12  0.271043
11 13  0.541207
11 14  0.540241
11 15  0.547680
11 16  0.547188
11 17  0.548152
11 18  0.548012
11 19  0.543137
11 20  0.570037
11 21  0.567717
11 22  0.542161
12 13  0.542389
12 14  0.541382
12 15  0.552562
12 16  0.551550
12 17  0.552538
12 18  0.552919
12 19  0.552307
12 20  0.572573
12 21  0.570309
12 22  0.551663
13 14  0.540675
13 15  0.544436
13 16  0.541815
13 17  0.548931
13 18  0.549737
13 19  0.571954
13 20  0.571985
13 21  0.548093
13 22  0.550232
14 15  0.548410
14 16  0.546982
14 17  0.541957
14 18  0.543958
14 19  0.550475
14 20  0.549424
14 21  0.568661
14 22  0.569877
15 16  0.508784
15 17  0.555916
15 18  0.556759
15 19  0.582721
15 20  0.579048
15 21  0.546365
15 22  0.577609
16 17  0.554161
16 18  0.555294
16 19  0.581283
16 20  0.577548
16 21  0.546729
16 22  0.576622
17 18  0.510199
17 19  0.578599
17 20  0.550028
17 21  0.576170
17 22  0.581245
18 19  0.579021
18 20  0.548814
18 21  0.577050
18 22  0.582063
19 20  0.595529
19 21  0.601462
19 22  0.593589
20 21  0.599336
20 22  0.602756
21 22  0.592176
