  -1146.51522843
  -1146.87290001
0.00019823757400
2 2 2 2 2 2 2 2 2 2 2 2 2 2 2 0 0 0 0 0 0 0 0 0 0 0 0 0 0 0 
1  0.262182
2  0.276838
3  0.288393
4  0.261794
5  0.271462
6  0.274458
7  0.264774
8  0.300437
9  0.303396
10  0.289950
11  0.303908
12  0.283746
13  0.290506
14  0.264034
15  0.298843
16  0.276070
17  0.288793
18  0.280096
19  0.266426
20  0.273661
21  0.276581
22  0.292376
23  0.297811
24  0.288407
25  0.303654
26  0.267803
27  0.303178
28  0.265411
29  0.286440
30  0.301222
1 2  0.538086
1 3  0.549177
1 4  0.523848
1 5  0.533630
1 6  0.536610
1 7  0.526596
1 8  0.537390
1 9  0.549768
1 10  0.551350
1 11  0.561325
1 12  0.544458
1 13  0.552618
1 14  0.526101
1 15  0.555991
1 16  0.258501
1 17  0.550823
1 18  0.541789
1 19  0.528579
1 20  0.535769
1 21  0.538749
1 22  0.554364
1 23  0.534887
1 24  0.550275
1 25  0.561182
1 26  0.528494
1 27  0.563787
1 28  0.527267
1 29  0.545817
1 30  0.541624
2 3  0.521407
2 4  0.538621
2 5  0.548299
2 6  0.551295
2 7  0.541607
2 8  0.576318
2 9  0.568704
2 10  0.566735
2 11  0.568494
2 12  0.560578
2 13  0.567341
2 14  0.540866
2 15  0.569154
2 16  0.552568
2 17  0.281526
2 18  0.515284
2 19  0.543208
2 20  0.550496
2 21  0.553407
2 22  0.569210
2 23  0.574498
2 24  0.565036
2 25  0.548876
2 26  0.544629
2 27  0.578846
2 28  0.542231
2 29  0.563153
2 30  0.576139
3 4  0.550183
3 5  0.559854
3 6  0.562850
3 7  0.553161
3 8  0.588304
3 9  0.584241
3 10  0.578335
3 11  0.568857
3 12  0.572126
3 13  0.578897
3 14  0.552421
3 15  0.583524
3 16  0.562540
3 17  0.522141
3 18  0.285040
3 19  0.554813
3 20  0.562051
3 21  0.564970
3 22  0.580768
3 23  0.585906
3 24  0.576731
3 25  0.570496
3 26  0.556137
3 27  0.588625
3 28  0.553804
3 29  0.574637
3 30  0.584516
4 5  0.529069
4 6  0.530369
4 7  0.526449
4 8  0.559943
4 9  0.565160
4 10  0.524188
4 11  0.565699
4 12  0.544828
4 13  0.532230
4 14  0.525680
4 15  0.560508
4 16  0.537819
4 17  0.550400
4 18  0.541827
4 19  0.252370
4 20  0.534471
4 21  0.534841
4 22  0.527652
4 23  0.556869
4 24  0.516309
4 25  0.565095
4 26  0.529271
4 27  0.564281
4 28  0.527080
4 29  0.548013
4 30  0.562919
5 6  0.499246
5 7  0.536178
5 8  0.571839
5 9  0.574856
5 10  0.557206
5 11  0.575370
5 12  0.555026
5 13  0.533658
5 14  0.535391
5 15  0.570298
5 16  0.547418
5 17  0.560233
5 18  0.551542
5 19  0.536785
5 20  0.268751
5 21  0.496080
5 22  0.526396
5 23  0.568793
5 24  0.558407
5 25  0.575099
5 26  0.539251
5 27  0.574563
5 28  0.536652
5 29  0.556996
5 30  0.572683
6 7  0.539204
6 8  0.574752
6 9  0.577851
6 10  0.561900
6 11  0.578365
6 12  0.558171
6 13  0.535788
6 14  0.538449
6 15  0.573293
6 16  0.550500
6 17  0.563203
6 18  0.554529
6 19  0.536853
6 20  0.495943
6 21  0.270292
6 22  0.528797
6 23  0.571404
6 24  0.562064
6 25  0.578042
6 26  0.542249
6 27  0.577445
6 28  0.539857
6 29  0.560623
6 30  0.575671
7 8  0.562139
7 9  0.568139
7 10  0.552402
7 11  0.568665
7 12  0.517863
7 13  0.555212
7 14  0.484153
7 15  0.563539
7 16  0.539736
7 17  0.553563
7 18  0.544863
7 19  0.530798
7 20  0.538392
7 21  0.541348
7 22  0.556845
7 23  0.561021
7 24  0.552828
7 25  0.568346
7 26  0.263743
7 27  0.567945
7 28  0.481604
7 29  0.510167
7 30  0.565853
8 9  0.599609
8 10  0.578989
8 11  0.602947
8 12  0.575245
8 13  0.590379
8 14  0.562834
8 15  0.586058
8 16  0.544653
8 17  0.588195
8 18  0.580421
8 19  0.563535
8 20  0.573810
8 21  0.576191
8 22  0.592600
8 23  0.356966
8 24  0.572059
8 25  0.599658
8 26  0.566244
8 27  0.596630
8 28  0.565484
8 29  0.572497
8 30  0.596139
9 10  0.593230
9 11  0.579481
9 12  0.587066
9 13  0.593893
9 14  0.567412
9 15  0.568096
9 16  0.568528
9 17  0.588611
9 18  0.582322
9 19  0.569785
9 20  0.577046
9 21  0.579971
9 22  0.595769
9 23  0.599666
9 24  0.591622
9 25  0.561439
9 26  0.571070
9 27  0.565944
9 28  0.568806
9 29  0.589415
9 30  0.440624
10 11  0.593765
10 12  0.564988
10 13  0.568356
10 14  0.550654
10 15  0.587847
10 16  0.565715
10 17  0.578168
10 18  0.569787
10 19  0.522214
10 20  0.561889
10 21  0.565810
10 22  0.561737
10 23  0.571590
10 24  0.342236
10 25  0.592932
10 26  0.557424
10 27  0.591481
10 28  0.553747
10 29  0.561465
10 30  0.591098
11 12  0.587539
11 13  0.594413
11 14  0.567934
11 15  0.575664
11 16  0.573742
11 17  0.573344
11 18  0.553310
11 19  0.570267
11 20  0.577569
11 21  0.580485
11 22  0.596244
11 23  0.598160
11 24  0.592256
11 25  0.486441
11 26  0.571558
11 27  0.560014
11 28  0.569237
11 29  0.590172
11 30  0.576437
12 13  0.573309
12 14  0.517227
12 15  0.582143
12 16  0.556978
12 17  0.572418
12 18  0.563654
12 19  0.549952
12 20  0.556553
12 21  0.559994
12 22  0.575266
12 23  0.565147
12 24  0.558366
12 25  0.587391
12 26  0.512254
12 27  0.586539
12 28  0.508446
12 29  0.345684
12 30  0.584828
13 14  0.554337
13 15  0.589336
13 16  0.566348
13 17  0.579283
13 18  0.570600
13 19  0.530768
13 20  0.526843
13 21  0.527276
13 22  0.356578
13 23  0.588186
13 24  0.557944
13 25  0.594099
13 26  0.558172
13 27  0.593629
13 28  0.555300
13 29  0.576108
13 30  0.591676
14 15  0.562766
14 16  0.539965
14 17  0.552758
14 18  0.544117
14 19  0.530310
14 20  0.537359
14 21  0.540580
14 22  0.555535
14 23  0.561540
14 24  0.550413
14 25  0.567515
14 26  0.481056
14 27  0.567062
14 28  0.261157
14 29  0.511800
14 30  0.565171
15 16  0.566992
15 17  0.582697
15 18  0.576518
15 19  0.564498
15 20  0.572493
15 21  0.575307
15 22  0.591046
15 23  0.580374
15 24  0.585902
15 25  0.574075
15 26  0.566489
15 27  0.442843
15 28  0.563805
15 29  0.585222
15 30  0.555151
16 17  0.563943
16 18  0.554660
16 19  0.542378
16 20  0.549724
16 21  0.552629
16 22  0.568395
16 23  0.546655
16 24  0.563422
16 25  0.576805
16 26  0.543443
16 27  0.574808
16 28  0.541288
16 29  0.560800
16 30  0.554660
17 18  0.524097
17 19  0.555197
17 20  0.562454
17 21  0.565374
17 22  0.581163
17 23  0.585491
17 24  0.577116
17 25  0.569870
17 26  0.556586
17 27  0.584391
17 28  0.554195
17 29  0.575216
17 30  0.584954
18 19  0.546510
18 20  0.553756
18 21  0.556677
18 22  0.572468
18 23  0.576908
18 24  0.568473
18 25  0.569021
18 26  0.547894
18 27  0.571921
18 28  0.545500
18 29  0.566528
18 30  0.573633
19 20  0.534768
19 21  0.536694
19 22  0.537037
19 23  0.561318
19 24  0.527180
19 25  0.569980
19 26  0.534163
19 27  0.569338
19 28  0.531708
19 29  0.551511
19 30  0.567575
20 21  0.503004
20 22  0.537325
20 23  0.571415
20 24  0.557482
20 25  0.577314
20 26  0.541414
20 27  0.576833
20 28  0.538973
20 29  0.559858
20 30  0.574882
21 22  0.540197
21 23  0.574250
21 24  0.561678
21 25  0.580232
21 26  0.544355
21 27  0.579748
21 28  0.541933
21 29  0.562956
21 30  0.577799
22 23  0.589272
22 24  0.568787
22 25  0.596018
22 26  0.560103
22 27  0.595514
22 28  0.557587
22 29  0.577489
22 30  0.593587
23 24  0.575791
23 25  0.598533
23 26  0.562094
23 27  0.588237
23 28  0.560507
23 29  0.574830
23 30  0.596261
24 25  0.591644
24 26  0.553708
24 27  0.590680
24 28  0.550340
24 29  0.565409
24 30  0.589207
25 26  0.571420
25 27  0.581787
25 28  0.569022
25 29  0.590001
25 30  0.579726
26 27  0.570892
26 28  0.488190
26 29  0.522297
26 30  0.569012
27 28  0.568497
27 29  0.589304
27 30  0.566604
28 29  0.521972
28 30  0.566612
29 30  0.587519
