  -1146.51522843
  -1146.87512741
0.00013302496100
2 2 2 2 2 2 2 2 2 2 2 2 2 2 2 0 0 0 0 0 0 0 0 0 0 0 0 0 0 0 
1  0.266595
2  0.279079
3  0.290683
4  0.266026
5  0.273306
6  0.276275
7  0.270863
8  0.310359
9  0.307214
10  0.298542
11  0.307363
12  0.290765
13  0.293465
14  0.270168
15  0.303914
16  0.280681
17  0.291479
18  0.282402
19  0.271001
20  0.275524
21  0.278412
22  0.295334
23  0.306899
24  0.297190
25  0.307475
26  0.273783
27  0.308059
28  0.271556
29  0.293422
30  0.304879
1 2  0.544606
1 3  0.555762
1 4  0.532462
1 5  0.539877
1 6  0.542833
1 7  0.537057
1 8  0.551516
1 9  0.557145
1 10  0.564273
1 11  0.568994
1 12  0.555748
1 13  0.559982
1 14  0.536623
1 15  0.565447
1 16  0.266687
1 17  0.557918
1 18  0.548401
1 19  0.537565
1 20  0.542030
1 21  0.544983
1 22  0.561727
1 23  0.548513
1 24  0.563442
1 25  0.569315
1 26  0.538863
1 27  0.573056
1 28  0.537811
1 29  0.557203
1 30  0.549263
2 3  0.526206
2 4  0.545088
2 5  0.552384
2 6  0.555352
2 7  0.549929
2 8  0.588301
2 9  0.574291
2 10  0.577548
2 11  0.574124
2 12  0.569836
2 13  0.572539
2 14  0.549233
2 15  0.576075
2 16  0.559406
2 17  0.286369
2 18  0.520091
2 19  0.549970
2 20  0.554597
2 21  0.557468
2 22  0.574406
2 23  0.585773
2 24  0.575968
2 25  0.554911
2 26  0.552851
2 27  0.585909
2 28  0.550618
2 29  0.572349
2 30  0.581939
3 4  0.556704
3 5  0.563989
3 6  0.566957
3 7  0.561535
3 8  0.600408
3 9  0.590141
3 10  0.589213
3 11  0.574173
3 12  0.581433
3 13  0.584146
3 14  0.560840
3 15  0.590703
3 16  0.569318
3 17  0.527469
3 18  0.289586
3 19  0.561670
3 20  0.566203
3 21  0.569089
3 22  0.586016
3 23  0.597256
3 24  0.587781
3 25  0.576618
3 26  0.564397
3 27  0.595704
3 28  0.562238
3 29  0.583878
3 30  0.590355
4 5  0.534944
4 6  0.536135
4 7  0.536745
4 8  0.573600
4 9  0.573205
4 10  0.536659
4 11  0.573383
4 12  0.555990
4 13  0.539254
4 14  0.536028
4 15  0.569782
4 16  0.546657
4 17  0.557247
4 18  0.548347
4 19  0.260313
4 20  0.540500
4 21  0.540812
4 22  0.534915
4 23  0.570121
4 24  0.529429
4 25  0.573072
4 26  0.539452
4 27  0.573330
4 28  0.537433
4 29  0.559192
4 30  0.570798
5 6  0.503136
5 7  0.544099
5 8  0.583583
5 9  0.580516
5 10  0.567328
5 11  0.580668
5 12  0.563855
5 13  0.538427
5 14  0.543346
5 15  0.577208
5 16  0.553850
5 17  0.564746
5 18  0.555682
5 19  0.543140
5 20  0.272397
5 21  0.500013
5 22  0.531210
5 23  0.579711
5 24  0.569001
5 25  0.580754
5 26  0.547079
5 27  0.581261
5 28  0.544618
5 29  0.565777
5 30  0.578180
6 7  0.547110
6 8  0.586448
6 9  0.583483
6 10  0.572119
6 11  0.583637
6 12  0.566997
6 13  0.540572
6 14  0.546391
6 15  0.580177
6 16  0.556914
6 17  0.567676
6 18  0.558639
6 19  0.543202
6 20  0.499877
6 21  0.273912
6 22  0.533605
6 23  0.582211
6 24  0.572625
6 25  0.583652
6 26  0.550049
6 27  0.584091
6 28  0.547814
6 29  0.569413
6 30  0.581147
7 8  0.577818
7 9  0.578034
7 10  0.566867
7 11  0.578204
7 12  0.530314
7 13  0.564242
7 14  0.495192
7 15  0.574683
7 16  0.550395
7 17  0.562337
7 18  0.553250
7 19  0.541418
7 20  0.546341
7 21  0.549266
7 22  0.565873
7 23  0.576117
7 24  0.567604
7 25  0.578246
7 26  0.273302
7 27  0.578912
7 28  0.492672
7 29  0.522500
7 30  0.575594
8 9  0.613214
8 10  0.595693
8 11  0.616230
8 12  0.591786
8 13  0.603092
8 14  0.578692
8 15  0.600459
8 16  0.559487
8 17  0.600791
8 18  0.592641
8 19  0.577898
8 20  0.585558
8 21  0.587832
8 22  0.605428
8 23  0.374143
8 24  0.589210
8 25  0.613315
8 26  0.582043
8 27  0.611218
8 28  0.581448
8 29  0.589210
8 30  0.609740
9 10  0.605620
9 11  0.586795
9 12  0.597888
9 13  0.600668
9 14  0.577353
9 15  0.576956
9 16  0.576521
9 17  0.594952
9 18  0.588403
9 19  0.578176
9 20  0.582720
9 21  0.585613
9 22  0.602543
9 23  0.612561
9 24  0.604159
9 25  0.568844
9 26  0.580853
9 27  0.574601
9 28  0.578767
9 29  0.600209
9 30  0.447601
10 11  0.605779
10 12  0.580182
10 13  0.579656
10 14  0.565157
10 15  0.601256
10 16  0.578878
10 17  0.589350
10 18  0.580619
10 19  0.535418
10 20  0.572308
10 21  0.576189
10 22  0.573251
10 23  0.588350
10 24  0.357988
10 25  0.605364
10 26  0.571898
10 27  0.604938
10 28  0.568427
10 29  0.576674
10 30  0.603347
11 12  0.598006
11 13  0.600827
11 14  0.577520
11 15  0.583728
11 16  0.581720
11 17  0.579461
11 18  0.558910
11 19  0.578267
11 20  0.582887
11 21  0.585766
11 22  0.602645
11 23  0.610579
11 24  0.604462
11 25  0.493711
11 26  0.580961
11 27  0.567798
11 28  0.578841
11 29  0.600593
11 30  0.583459
12 13  0.583169
12 14  0.529537
12 15  0.594158
12 16  0.568624
12 17  0.582097
12 18  0.572917
12 19  0.561469
12 20  0.565381
12 21  0.568826
12 22  0.585260
12 23  0.581184
12 24  0.573972
12 25  0.598226
12 26  0.524531
12 27  0.598396
12 28  0.520388
12 29  0.358384
12 30  0.595487
13 14  0.563405
13 15  0.597361
13 16  0.573888
13 17  0.584931
13 18  0.575867
13 19  0.538352
13 20  0.531663
13 21  0.532064
13 22  0.362391
13 23  0.600189
13 24  0.569711
13 25  0.600878
13 26  0.567107
13 27  0.601473
13 28  0.564384
13 29  0.586019
13 30  0.598270
14 15  0.573944
14 16  0.550701
14 17  0.561568
14 18  0.552559
14 19  0.540999
14 20  0.545315
14 21  0.548543
14 22  0.564641
14 23  0.576673
14 24  0.565264
14 25  0.577479
14 26  0.491860
14 27  0.578028
14 28  0.271286
14 29  0.523851
14 30  0.574976
15 16  0.576726
15 17  0.590262
15 18  0.583775
15 19  0.574033
15 20  0.579426
15 21  0.582176
15 22  0.599054
15 23  0.594449
15 24  0.599625
15 25  0.582499
15 26  0.577549
15 27  0.452107
15 28  0.574973
15 29  0.597249
15 30  0.563914
16 17  0.571164
16 18  0.561420
16 19  0.551512
16 20  0.556198
16 21  0.559063
16 22  0.575951
16 23  0.560313
16 24  0.576623
16 25  0.585107
16 26  0.553979
16 27  0.584243
16 28  0.552016
16 29  0.572260
16 30  0.562031
17 18  0.529321
17 19  0.562445
17 20  0.567002
17 21  0.569890
17 22  0.586805
17 23  0.597101
17 24  0.588559
17 25  0.575939
17 26  0.565246
17 27  0.591634
17 28  0.563020
17 29  0.584884
17 30  0.591076
18 19  0.553384
18 20  0.557924
18 21  0.560813
18 22  0.577731
18 23  0.588146
18 24  0.579554
18 25  0.575153
18 26  0.556174
18 27  0.578499
18 28  0.553947
18 29  0.575814
18 30  0.579386
19 20  0.541001
19 21  0.542855
19 22  0.544482
19 23  0.574377
19 24  0.540186
19 25  0.578337
19 26  0.544693
19 27  0.578714
19 28  0.542403
19 29  0.562911
19 30  0.575780
20 21  0.506945
20 22  0.542063
20 23  0.582345
20 24  0.567845
20 25  0.582996
20 26  0.549238
20 27  0.583571
20 28  0.546953
20 29  0.568664
20 30  0.580400
21 22  0.544970
21 23  0.585135
21 24  0.572083
21 25  0.585882
21 26  0.552164
21 27  0.586455
21 28  0.549898
21 29  0.571758
21 30  0.583286
22 23  0.601073
22 24  0.580367
22 25  0.602789
22 26  0.569030
22 27  0.603338
22 28  0.566669
22 29  0.587278
22 30  0.600197
23 24  0.592014
23 25  0.611223
23 26  0.576873
23 27  0.601400
23 28  0.575493
23 29  0.590621
23 30  0.608977
24 25  0.604129
24 26  0.568273
24 27  0.604102
24 28  0.565014
24 29  0.580615
24 30  0.601542
25 26  0.581214
25 27  0.590109
25 28  0.578970
25 29  0.600788
25 30  0.586990
26 27  0.581735
26 28  0.499118
26 29  0.534714
26 30  0.578648
27 28  0.579519
27 29  0.601114
27 30  0.575398
28 29  0.534400
28 30  0.576402
29 30  0.598142
