  -1146.51522843
  -1146.87602129
0.00005405720040
2 2 2 2 2 2 2 2 2 2 2 2 2 2 2 0 0 0 0 0 0 0 0 0 0 0 0 0 0 0 
1  0.268430
2  0.279891
3  0.291503
4  0.268129
5  0.274025
6  0.276965
7  0.273538
8  0.314533
9  0.308508
10  0.302423
11  0.308534
12  0.293796
13  0.294842
14  0.272984
15  0.305746
16  0.282646
17  0.292479
18  0.283210
19  0.273161
20  0.276240
21  0.279094
22  0.296711
23  0.310914
24  0.300818
25  0.308872
26  0.276460
27  0.309849
28  0.274272
29  0.296503
30  0.306179
1 2  0.547202
1 3  0.558360
1 4  0.536379
1 5  0.542426
1 6  0.545346
1 7  0.541521
1 8  0.557457
1 9  0.559968
1 10  0.569929
1 11  0.571933
1 12  0.560558
1 13  0.563181
1 14  0.541254
1 15  0.569132
1 16  0.270290
1 17  0.560751
1 18  0.551034
1 19  0.541553
1 20  0.544573
1 21  0.547500
1 22  0.564908
1 23  0.554434
1 24  0.568874
1 25  0.572513
1 26  0.543334
1 27  0.576675
1 28  0.542341
1 29  0.562167
1 30  0.552341
2 3  0.527927
2 4  0.547995
2 5  0.553914
2 6  0.556854
2 7  0.553413
2 8  0.593213
2 9  0.576288
2 10  0.582227
2 11  0.576114
2 12  0.573676
2 13  0.574726
2 14  0.552858
2 15  0.578618
2 16  0.562180
2 17  0.288177
2 18  0.521809
2 19  0.552897
2 20  0.556123
2 21  0.558954
2 22  0.576592
2 23  0.590572
2 24  0.580339
2 25  0.557152
2 26  0.556338
2 27  0.588513
2 28  0.554144
2 29  0.576229
2 30  0.584022
3 4  0.559623
3 5  0.565527
3 6  0.568468
3 7  0.565026
3 8  0.605350
3 9  0.592225
3 10  0.593911
3 11  0.576051
3 12  0.585281
3 13  0.586342
3 14  0.564472
3 15  0.593286
3 16  0.572058
3 17  0.529443
3 18  0.291235
3 19  0.564644
3 20  0.567738
3 21  0.570592
3 22  0.588213
3 23  0.602084
3 24  0.592220
3 25  0.578847
3 26  0.567877
3 27  0.598285
3 28  0.565773
3 29  0.587728
3 30  0.592466
4 5  0.537710
4 6  0.538890
4 7  0.541503
4 8  0.579499
4 9  0.576595
4 10  0.542461
4 11  0.576656
4 12  0.561052
4 13  0.542730
4 14  0.540938
4 15  0.573691
4 16  0.550708
4 17  0.560295
4 18  0.551236
4 19  0.264326
4 20  0.543305
4 21  0.543607
4 22  0.538480
4 23  0.576170
4 24  0.535200
4 25  0.576551
4 26  0.544214
4 27  0.577174
4 28  0.542242
4 29  0.564352
4 30  0.574192
5 6  0.504649
5 7  0.547479
5 8  0.588467
5 9  0.582529
5 10  0.571837
5 11  0.582557
5 12  0.567588
5 13  0.540554
5 14  0.546864
5 15  0.579754
5 16  0.556535
5 17  0.566450
5 18  0.557200
5 19  0.545998
5 20  0.273871
5 21  0.501535
5 22  0.533361
5 23  0.584434
5 24  0.573345
5 25  0.582868
5 26  0.550473
5 27  0.583763
5 28  0.548040
5 29  0.569537
5 30  0.580194
6 7  0.550476
6 8  0.591288
6 9  0.585467
6 10  0.576630
6 11  0.585498
6 12  0.570715
6 13  0.542717
6 14  0.549893
6 15  0.582692
6 16  0.559578
6 17  0.569341
6 18  0.560124
6 19  0.546065
6 20  0.501406
6 21  0.275368
6 22  0.535738
6 23  0.586843
6 24  0.576927
6 25  0.585736
6 26  0.553417
6 27  0.586555
6 28  0.551221
6 29  0.573176
6 30  0.583143
7 8  0.584496
7 9  0.581997
7 10  0.573315
7 11  0.582047
7 12  0.535876
7 13  0.568286
7 14  0.500029
7 15  0.579182
7 16  0.554973
7 17  0.566011
7 18  0.556727
7 19  0.546227
7 20  0.549731
7 21  0.552623
7 22  0.569923
7 23  0.582767
7 24  0.573873
7 25  0.582304
7 26  0.277913
7 27  0.583375
7 28  0.497577
7 29  0.527943
7 30  0.579563
8 9  0.618667
8 10  0.602834
8 11  0.621545
8 12  0.598881
8 13  0.608525
8 14  0.585562
8 15  0.606273
8 16  0.565760
8 17  0.605933
8 18  0.597620
8 19  0.584122
8 20  0.590439
8 21  0.592628
8 22  0.610941
8 23  0.382028
8 24  0.596545
8 25  0.618825
8 26  0.588863
8 27  0.617104
8 28  0.588293
8 29  0.596405
8 30  0.615225
9 10  0.610787
9 11  0.589289
9 12  0.602209
9 13  0.603337
9 14  0.581460
9 15  0.580105
9 16  0.579644
9 17  0.597211
9 18  0.590499
9 19  0.581627
9 20  0.584727
9 21  0.587589
9 22  0.605211
9 23  0.617853
9 24  0.609058
9 25  0.571464
9 26  0.584815
9 27  0.577732
9 28  0.582778
9 29  0.604604
9 30  0.450032
10 11  0.610809
10 12  0.586767
10 13  0.584857
10 14  0.571740
10 15  0.606834
10 16  0.584676
10 17  0.594158
10 18  0.585286
10 19  0.541436
10 20  0.576897
10 21  0.580738
10 22  0.578503
10 23  0.595732
10 24  0.365393
10 25  0.610646
10 26  0.578419
10 27  0.610601
10 28  0.575006
10 29  0.583509
10 30  0.608522
11 12  0.602196
11 13  0.603375
11 14  0.581503
11 15  0.586601
11 16  0.584856
11 17  0.581634
11 18  0.560887
11 19  0.581576
11 20  0.584774
11 21  0.587612
11 22  0.605185
11 23  0.615748
11 24  0.609259
11 25  0.496369
11 26  0.584801
11 27  0.570582
11 28  0.582720
11 29  0.604839
11 30  0.585930
12 13  0.587458
12 14  0.535000
12 15  0.598991
12 16  0.573664
12 17  0.586116
12 18  0.576724
12 19  0.566627
12 20  0.569081
12 21  0.572529
12 22  0.589639
12 23  0.588221
12 24  0.580461
12 25  0.602652
12 26  0.530005
12 27  0.603203
12 28  0.525748
12 29  0.364681
12 30  0.599818
13 14  0.567587
13 15  0.600564
13 16  0.577202
13 17  0.587305
13 18  0.578053
13 19  0.541977
13 20  0.533793
13 21  0.534175
13 22  0.365338
13 23  0.605554
13 24  0.574735
13 25  0.603641
13 26  0.571157
13 27  0.604626
13 28  0.568475
13 29  0.590464
13 30  0.600934
14 15  0.578576
14 16  0.555470
14 17  0.565369
14 18  0.556188
14 19  0.545966
14 20  0.548834
14 21  0.552041
14 22  0.568842
14 23  0.583463
14 24  0.571692
14 25  0.581698
14 26  0.496672
14 27  0.582621
14 28  0.276646
14 29  0.529304
14 30  0.579089
15 16  0.580541
15 17  0.593071
15 18  0.586359
15 19  0.577953
15 20  0.581974
15 21  0.584682
15 22  0.602247
15 23  0.600285
15 24  0.605062
15 25  0.585600
15 26  0.582049
15 27  0.455580
15 28  0.579508
15 29  0.602147
15 30  0.567090
16 17  0.574097
16 18  0.564135
16 19  0.555621
16 20  0.558879
16 21  0.561698
16 22  0.579277
16 23  0.566274
16 24  0.582105
16 25  0.588432
16 26  0.558582
16 27  0.587991
16 28  0.556668
16 29  0.577249
16 30  0.564995
17 18  0.531202
17 19  0.565590
17 20  0.568717
17 21  0.571570
17 22  0.589178
17 23  0.602023
17 24  0.593164
17 25  0.578219
17 26  0.568917
17 27  0.594361
17 28  0.566732
17 29  0.588961
17 30  0.593322
18 19  0.556345
18 20  0.559449
18 21  0.562302
18 22  0.579915
18 23  0.592891
18 24  0.583984
18 25  0.577377
18 26  0.559654
18 27  0.580925
18 28  0.557468
18 29  0.579702
18 30  0.581452
19 20  0.543839
19 21  0.545668
19 22  0.548027
19 23  0.580169
19 24  0.545832
19 25  0.581866
19 26  0.549516
19 27  0.582599
19 28  0.547266
19 29  0.568036
19 30  0.579219
20 21  0.508464
20 22  0.544175
20 23  0.587070
20 24  0.572099
20 25  0.585107
20 26  0.552619
20 27  0.586074
20 28  0.550369
20 29  0.572437
20 30  0.582415
21 22  0.547108
21 23  0.589802
21 24  0.576332
21 25  0.587958
21 26  0.555522
21 27  0.588916
21 28  0.553285
21 29  0.575511
21 30  0.585266
22 23  0.606321
22 24  0.585327
22 25  0.605558
22 26  0.573073
22 27  0.606495
22 28  0.570752
22 29  0.591602
22 30  0.602872
23 24  0.598946
23 25  0.616560
23 26  0.583437
23 27  0.606933
23 28  0.582069
23 29  0.597603
23 30  0.614292
24 25  0.609081
24 26  0.574485
24 27  0.609410
24 28  0.571229
24 29  0.586993
24 30  0.606408
25 26  0.585284
25 27  0.593188
25 28  0.583078
25 29  0.605257
25 30  0.589606
26 27  0.586191
26 28  0.503924
26 29  0.540297
26 30  0.582624
27 28  0.584021
27 29  0.605961
27 30  0.578651
28 29  0.539841
28 30  0.580411
29 30  0.602512
