  -1146.51522843
  -1146.87639755
0.00000086352417
2 2 2 2 2 2 2 2 2 2 2 2 2 2 2 0 0 0 0 0 0 0 0 0 0 0 0 0 0 0 
1  0.269400
2  0.280221
3  0.291834
4  0.269291
5  0.274421
6  0.277358
7  0.275136
8  0.316521
9  0.309052
10  0.304285
11  0.309011
12  0.295507
13  0.295575
14  0.274575
15  0.306571
16  0.283665
17  0.292882
18  0.283534
19  0.274383
20  0.276628
21  0.279495
22  0.297467
23  0.312770
24  0.302598
25  0.309445
26  0.278073
27  0.310664
28  0.275854
29  0.298196
30  0.306719
1 2  0.548485
1 3  0.559648
1 4  0.538505
1 5  0.543789
1 6  0.546695
1 7  0.544069
1 8  0.560371
1 9  0.561380
1 10  0.572709
1 11  0.573365
1 12  0.563206
1 13  0.564875
1 14  0.543801
1 15  0.570939
1 16  0.272281
1 17  0.562124
1 18  0.552329
1 19  0.543740
1 20  0.545909
1 21  0.548857
1 22  0.566557
1 23  0.557288
1 24  0.571606
1 25  0.574060
1 26  0.545915
1 27  0.578458
1 28  0.544883
1 29  0.564848
1 30  0.553846
2 3  0.528626
2 4  0.549477
2 5  0.554640
2 6  0.557576
2 7  0.555337
2 8  0.595500
2 9  0.577133
2 10  0.584413
2 11  0.576928
2 12  0.575716
2 13  0.575786
2 14  0.554776
2 15  0.579743
2 16  0.563527
2 17  0.288937
2 18  0.522508
2 19  0.554420
2 20  0.556830
2 21  0.559674
2 22  0.577675
2 23  0.592754
2 24  0.582431
2 25  0.558076
2 26  0.558282
2 27  0.589657
2 28  0.556055
2 29  0.578243
2 30  0.584883
3 4  0.561113
3 5  0.566254
3 6  0.569191
3 7  0.566952
3 8  0.607651
3 9  0.593085
3 10  0.596104
3 11  0.576831
3 12  0.587321
3 13  0.587405
3 14  0.566391
3 15  0.594425
3 16  0.573406
3 17  0.530245
3 18  0.291916
3 19  0.566193
3 20  0.568450
3 21  0.571322
3 22  0.589300
3 23  0.604267
3 24  0.594326
3 25  0.579762
3 26  0.569814
3 27  0.599423
3 28  0.567687
3 29  0.589730
3 30  0.593334
4 5  0.539255
4 6  0.540429
4 7  0.544250
4 8  0.582451
4 9  0.578295
4 10  0.545362
4 11  0.578293
4 12  0.563883
4 13  0.544648
4 14  0.543684
4 15  0.575656
4 16  0.552878
4 17  0.561833
4 18  0.552720
4 19  0.266596
4 20  0.544850
4 21  0.545174
4 22  0.540470
4 23  0.579190
4 24  0.538159
4 25  0.578263
4 26  0.546972
4 27  0.579104
4 28  0.544983
4 29  0.567189
4 30  0.575895
5 6  0.505502
5 7  0.549463
5 8  0.590848
5 9  0.583466
5 10  0.574052
5 11  0.583429
5 12  0.569687
5 13  0.541720
5 14  0.548843
5 15  0.580970
5 16  0.557919
5 17  0.567229
5 18  0.557906
5 19  0.547613
5 20  0.274719
5 21  0.502403
5 22  0.534563
5 23  0.586681
5 24  0.575515
5 25  0.583837
5 26  0.552482
5 27  0.584959
5 28  0.550018
5 29  0.571621
5 30  0.581124
6 7  0.552465
6 8  0.593654
6 9  0.586400
6 10  0.578863
6 11  0.586366
6 12  0.572816
6 13  0.543915
6 14  0.551874
6 15  0.583908
6 16  0.560986
6 17  0.570110
6 18  0.560825
6 19  0.547685
6 20  0.502261
6 21  0.276233
6 22  0.536953
6 23  0.589073
6 24  0.579094
6 25  0.586693
6 26  0.555423
6 27  0.587753
6 28  0.553195
6 29  0.575264
6 30  0.584076
7 8  0.588008
7 9  0.584135
7 10  0.576712
7 11  0.584118
7 12  0.539052
7 13  0.570609
7 14  0.502975
7 15  0.581599
7 16  0.557575
7 17  0.568013
7 18  0.558643
7 19  0.549031
7 20  0.551716
7 21  0.554622
7 22  0.572279
7 23  0.586200
7 24  0.577222
7 25  0.584472
7 26  0.280315
7 27  0.585786
7 28  0.500548
7 29  0.531019
7 30  0.581701
8 9  0.621178
8 10  0.606242
8 11  0.623992
8 12  0.602517
8 13  0.611157
8 14  0.589077
8 15  0.608991
8 16  0.568825
8 17  0.608322
8 18  0.599930
8 19  0.587325
8 20  0.592809
8 21  0.594988
8 22  0.613666
8 23  0.385848
8 24  0.600068
8 25  0.621373
8 26  0.592444
8 27  0.619868
8 28  0.591833
8 29  0.600068
8 30  0.617754
9 10  0.613185
9 11  0.590333
9 12  0.604460
9 13  0.604611
9 14  0.583591
9 15  0.581517
9 16  0.581166
9 17  0.598150
9 18  0.591364
9 19  0.583392
9 20  0.585645
9 21  0.588532
9 22  0.606504
9 23  0.620245
9 24  0.611373
9 25  0.572582
9 26  0.586968
9 27  0.579133
9 28  0.584903
9 29  0.606855
9 30  0.451081
10 11  0.613137
10 12  0.590196
10 13  0.587414
10 14  0.575135
10 15  0.609451
10 16  0.587535
10 17  0.596407
10 18  0.587466
10 19  0.544509
10 20  0.579145
10 21  0.582994
10 22  0.581117
10 23  0.599213
10 24  0.369058
10 25  0.613093
10 26  0.581865
10 27  0.613306
10 28  0.578434
10 29  0.586975
10 30  0.610920
11 12  0.604378
11 13  0.604583
11 14  0.583566
11 15  0.587877
11 16  0.586355
11 17  0.582522
11 18  0.561697
11 19  0.583259
11 20  0.585638
11 21  0.588488
11 22  0.606412
11 23  0.618082
11 24  0.611517
11 25  0.497486
11 26  0.586887
11 27  0.571850
11 28  0.584773
11 29  0.607006
11 30  0.586959
12 13  0.589849
12 14  0.538039
12 15  0.601511
12 16  0.576413
12 17  0.588230
12 18  0.578736
12 19  0.569537
12 20  0.571172
12 21  0.574642
12 22  0.592106
12 23  0.591787
12 24  0.583859
12 25  0.604934
12 26  0.533181
12 27  0.605719
12 28  0.528719
12 29  0.367977
12 30  0.602071
13 14  0.569904
13 15  0.602117
13 16  0.578889
13 17  0.588441
13 18  0.579108
13 19  0.544002
13 20  0.534951
13 21  0.535355
13 22  0.366989
13 23  0.608130
13 24  0.577261
13 25  0.604944
13 26  0.573502
13 27  0.606176
13 28  0.570794
13 29  0.592892
13 30  0.602174
14 15  0.580985
14 16  0.558076
14 17  0.567360
14 18  0.558103
14 19  0.548772
14 20  0.550812
14 21  0.554031
14 22  0.571198
14 23  0.586884
14 24  0.575042
14 25  0.583863
14 26  0.499529
14 27  0.585009
14 28  0.279453
14 29  0.532313
14 30  0.581220
15 16  0.582402
15 17  0.594295
15 18  0.587495
15 19  0.579944
15 20  0.583184
15 21  0.585901
15 22  0.603821
15 23  0.602966
15 24  0.607693
15 25  0.586981
15 26  0.584490
15 27  0.457209
15 28  0.581903
15 29  0.604658
15 30  0.568505
16 17  0.575509
16 18  0.565461
16 19  0.557847
16 20  0.560287
16 21  0.563105
16 22  0.581043
16 23  0.569142
16 24  0.584818
16 25  0.590008
16 26  0.561192
16 27  0.589826
16 28  0.559246
16 29  0.579929
16 30  0.566453
17 18  0.531966
17 19  0.567203
17 20  0.569507
17 21  0.572373
17 22  0.590335
17 23  0.604251
17 24  0.595341
17 25  0.579157
17 26  0.570931
17 27  0.595550
17 28  0.568717
17 29  0.591057
17 30  0.594253
18 19  0.557884
18 20  0.560160
18 21  0.563026
18 22  0.580993
18 23  0.595043
18 24  0.586085
18 25  0.578289
18 26  0.561587
18 27  0.582004
18 28  0.559372
18 29  0.581719
18 30  0.582305
19 20  0.545445
19 21  0.547280
19 22  0.550026
19 23  0.583062
19 24  0.548732
19 25  0.583643
19 26  0.552342
19 27  0.584592
19 28  0.550064
19 29  0.570880
19 30  0.580963
20 21  0.509324
20 22  0.545350
20 23  0.589310
20 24  0.574223
20 25  0.586064
20 26  0.554612
20 27  0.587272
20 28  0.552327
20 29  0.574506
20 30  0.583341
21 22  0.548349
21 23  0.592047
21 24  0.578490
21 25  0.588930
21 26  0.557534
21 27  0.590127
21 28  0.555263
21 29  0.577601
21 30  0.586205
22 23  0.608829
22 24  0.587825
22 25  0.606881
22 26  0.575434
22 27  0.608059
22 28  0.573086
22 29  0.593989
22 30  0.604166
23 24  0.602243
23 25  0.618952
23 26  0.586844
23 27  0.609479
23 28  0.585413
23 29  0.601095
23 30  0.616686
24 25  0.611401
24 26  0.577819
24 27  0.611953
24 28  0.574526
24 29  0.590302
24 30  0.608684
25 26  0.587470
25 27  0.594552
25 28  0.585232
25 29  0.607517
25 30  0.590705
26 27  0.588612
26 28  0.506871
26 29  0.543489
26 30  0.584776
27 28  0.586420
27 29  0.608455
27 30  0.580096
28 29  0.542897
28 30  0.582530
29 30  0.604740
