   -841.25089124
   -841.51744999
0.00031080526500
2 2 2 2 2 2 2 2 2 2 2 0 0 0 0 0 0 0 0 0 0 0 
1  0.308222
2  0.303566
3  0.283417
4  0.308883
5  0.277555
6  0.314559
7  0.306133
8  0.294727
9  0.280346
10  0.291597
11  0.264972
12  0.272199
13  0.296475
14  0.284882
15  0.303011
16  0.308412
17  0.314690
18  0.311881
19  0.284750
20  0.297871
21  0.311366
22  0.279391
1 2  0.591745
1 3  0.591317
1 4  0.613127
1 5  0.585295
1 6  0.614575
1 7  0.612987
1 8  0.566518
1 9  0.587187
1 10  0.599060
1 11  0.551735
1 12  0.557312
1 13  0.604361
1 14  0.592037
1 15  0.586590
1 16  0.612392
1 17  0.620020
1 18  0.363886
1 19  0.592480
1 20  0.568744
1 21  0.616799
1 22  0.587540
2 3  0.586906
2 4  0.590857
2 5  0.580795
2 6  0.596455
2 7  0.608877
2 8  0.586627
2 9  0.579753
2 10  0.593082
2 11  0.567260
2 12  0.569550
2 13  0.593580
2 14  0.582556
2 15  0.407930
2 16  0.608508
2 17  0.592567
2 18  0.588890
2 19  0.588249
2 20  0.584557
2 21  0.587082
2 22  0.582784
3 4  0.592292
3 5  0.512326
3 6  0.597947
3 7  0.550778
3 8  0.577483
3 9  0.563760
3 10  0.575012
3 11  0.543216
3 12  0.550321
3 13  0.579827
3 14  0.568220
3 15  0.586296
3 16  0.545794
3 17  0.597974
3 18  0.594508
3 19  0.288307
3 20  0.580965
3 21  0.594729
3 22  0.507739
4 5  0.586370
4 6  0.585679
4 7  0.614512
4 8  0.596891
4 9  0.583907
4 10  0.576679
4 11  0.573522
4 12  0.580758
4 13  0.579872
4 14  0.584627
4 15  0.584012
4 16  0.616678
4 17  0.584742
4 18  0.617956
4 19  0.593598
4 20  0.603500
4 21  0.388193
4 22  0.588040
5 6  0.592073
5 7  0.548318
5 8  0.570816
5 9  0.557896
5 10  0.569144
5 11  0.539281
5 12  0.548437
5 13  0.573876
5 14  0.562314
5 15  0.580476
5 16  0.540807
5 17  0.591902
5 18  0.589303
5 19  0.509002
5 20  0.573807
5 21  0.588648
5 22  0.283487
6 7  0.620000
6 8  0.598240
6 9  0.576507
6 10  0.598675
6 11  0.578539
6 12  0.586346
6 13  0.606094
6 14  0.588031
6 15  0.591307
6 16  0.622839
6 17  0.382879
6 18  0.623285
6 19  0.599223
6 20  0.609508
6 21  0.586473
6 22  0.593669
7 8  0.591464
7 9  0.586439
7 10  0.597673
7 11  0.555040
7 12  0.559309
7 13  0.602461
7 14  0.591008
7 15  0.605652
7 16  0.375723
7 17  0.620646
7 18  0.614674
7 19  0.541936
7 20  0.595843
7 21  0.616659
7 22  0.541303
8 9  0.573875
8 10  0.584967
8 11  0.556495
8 12  0.564070
8 13  0.590748
8 14  0.579469
8 15  0.580744
8 16  0.595710
8 17  0.606585
8 18  0.568468
8 19  0.579069
8 20  0.338459
8 21  0.602842
8 22  0.572363
9 10  0.526759
9 11  0.545186
9 12  0.552148
9 13  0.531073
9 14  0.269934
9 15  0.576855
9 16  0.588753
9 17  0.583937
9 18  0.591270
9 19  0.565041
9 20  0.578086
9 21  0.583101
9 22  0.559648
10 11  0.556517
10 12  0.563771
10 13  0.278811
10 14  0.530882
10 15  0.588146
10 16  0.599908
10 17  0.602055
10 18  0.603206
10 19  0.576307
10 20  0.588983
10 21  0.578519
10 22  0.570876
11 12  0.239787
11 13  0.561397
11 14  0.549497
11 15  0.561742
11 16  0.553115
11 17  0.579227
11 18  0.555097
11 19  0.544712
11 20  0.560406
11 21  0.576107
11 22  0.543390
12 13  0.568569
12 14  0.556890
12 15  0.573639
12 16  0.561321
12 17  0.585794
12 18  0.560879
12 19  0.551905
12 20  0.566739
12 21  0.583021
12 22  0.547453
13 14  0.534092
13 15  0.596916
13 16  0.604800
13 17  0.604056
13 18  0.607313
13 19  0.581222
13 20  0.592790
13 21  0.583370
13 22  0.575854
14 15  0.583287
14 16  0.593221
14 17  0.579533
14 18  0.594989
14 19  0.569629
14 20  0.581289
14 21  0.590656
14 22  0.564267
15 16  0.610402
15 17  0.595951
15 18  0.595394
15 19  0.587633
15 20  0.589050
15 21  0.593660
15 22  0.581999
16 17  0.622195
16 18  0.618992
16 19  0.555611
16 20  0.596176
16 21  0.619127
16 22  0.552310
17 18  0.618405
17 19  0.599408
17 20  0.599950
17 21  0.586834
17 22  0.593995
18 19  0.596362
18 20  0.570908
18 21  0.618598
18 22  0.590821
19 20  0.581657
19 21  0.596103
19 22  0.514876
20 21  0.601918
20 22  0.575477
21 22  0.590670
