   -841.25089124
   -841.52084580
0.00011484056500
2 2 2 2 2 2 2 2 2 2 2 0 0 0 0 0 0 0 0 0 0 0 
1  0.321011
2  0.313641
3  0.286994
4  0.319121
5  0.281421
6  0.326742
7  0.313051
8  0.308594
9  0.287162
10  0.296877
11  0.274184
12  0.281632
13  0.302260
14  0.292292
15  0.312749
16  0.315187
17  0.327199
18  0.324737
19  0.288138
20  0.311393
21  0.321458
22  0.283184
1 2  0.613062
1 3  0.607635
1 4  0.635571
1 5  0.601885
1 6  0.638984
1 7  0.632466
1 8  0.592813
1 9  0.606237
1 10  0.616773
1 11  0.570979
1 12  0.579007
1 13  0.622832
1 14  0.612114
1 15  0.607571
1 16  0.632037
1 17  0.645230
1 18  0.385803
1 19  0.608669
1 20  0.595115
1 21  0.639510
1 22  0.604101
2 3  0.600508
2 4  0.609837
2 5  0.594654
2 6  0.618674
2 7  0.625785
2 8  0.610017
2 9  0.596397
2 10  0.608183
2 11  0.586274
2 12  0.589256
2 13  0.609297
2 14  0.599720
2 15  0.428144
2 16  0.625712
2 17  0.615037
2 18  0.611420
2 19  0.601701
2 20  0.607655
2 21  0.605562
2 22  0.596616
3 4  0.606102
3 5  0.520097
3 6  0.613708
3 7  0.561201
3 8  0.594813
3 9  0.574153
3 10  0.583870
3 11  0.555734
3 12  0.563162
3 13  0.589176
3 14  0.579165
3 15  0.599594
3 16  0.556020
3 17  0.614018
3 18  0.610984
3 19  0.295047
3 20  0.597983
3 21  0.608403
3 22  0.515526
4 5  0.600437
4 6  0.607365
4 7  0.631447
4 8  0.619989
4 9  0.600642
4 10  0.590602
4 11  0.592775
4 12  0.600386
4 13  0.595395
4 14  0.602349
4 15  0.602404
4 16  0.633540
4 17  0.607349
4 18  0.640820
4 19  0.607199
4 20  0.627152
4 21  0.407886
4 22  0.601969
5 6  0.608101
5 7  0.558925
5 8  0.588376
5 9  0.568576
5 10  0.578284
5 11  0.551912
5 12  0.561549
5 13  0.583462
5 14  0.573530
5 15  0.594054
5 16  0.551312
5 17  0.608171
5 18  0.605970
5 19  0.516624
5 20  0.591182
5 21  0.602529
5 22  0.290922
6 7  0.638843
6 8  0.621674
6 9  0.593033
6 10  0.615861
6 11  0.599643
6 12  0.607837
6 13  0.623775
6 14  0.606441
6 15  0.613371
6 16  0.641745
6 17  0.404902
6 18  0.648176
6 19  0.614783
6 20  0.634417
6 21  0.608601
6 22  0.609618
7 8  0.611019
7 9  0.600122
7 10  0.609815
7 11  0.570403
7 12  0.575683
7 13  0.615137
7 14  0.605335
7 15  0.622567
7 16  0.390002
7 17  0.640036
7 18  0.634397
7 19  0.552264
7 20  0.615792
7 21  0.633727
7 22  0.551968
8 9  0.594009
8 10  0.603664
8 11  0.579102
8 12  0.587194
8 13  0.610186
8 14  0.600652
8 15  0.604129
8 16  0.615963
8 17  0.632133
8 18  0.595205
8 19  0.596249
8 20  0.361849
8 21  0.626447
8 22  0.590008
9 10  0.539409
9 11  0.561133
9 12  0.568397
9 13  0.544311
9 14  0.283085
9 15  0.593435
9 16  0.602343
9 17  0.602271
9 18  0.610753
9 19  0.575241
9 20  0.598333
9 21  0.600083
9 22  0.570248
10 11  0.570954
10 12  0.578478
10 13  0.290108
10 14  0.544194
10 15  0.603151
10 16  0.611905
10 17  0.619655
10 18  0.621263
10 19  0.584959
10 20  0.607643
10 21  0.593326
10 22  0.579904
11 12  0.256527
11 13  0.576384
11 14  0.566050
11 15  0.580940
11 16  0.569250
11 17  0.600888
11 18  0.576023
11 19  0.557369
11 20  0.583082
11 21  0.595377
11 22  0.556315
12 13  0.583736
12 14  0.573648
12 15  0.592414
12 16  0.576865
12 17  0.607436
12 18  0.580321
12 19  0.564278
12 20  0.589319
12 21  0.602392
12 22  0.560291
13 14  0.547892
13 15  0.612188
13 16  0.617289
13 17  0.621809
13 18  0.625596
13 19  0.590396
13 20  0.611642
13 21  0.597332
13 22  0.585425
14 15  0.600056
14 16  0.607346
14 17  0.596732
14 18  0.614748
14 19  0.580428
14 20  0.601522
14 21  0.607917
14 22  0.575469
15 16  0.626883
15 17  0.618220
15 18  0.616588
15 19  0.600727
15 20  0.611917
15 21  0.612572
15 22  0.595436
16 17  0.641190
16 18  0.638421
16 19  0.565630
16 20  0.615230
16 21  0.635746
16 22  0.562625
17 18  0.642885
17 19  0.615310
17 20  0.623314
17 21  0.608793
17 22  0.610281
18 19  0.612573
18 20  0.597087
18 21  0.640866
18 22  0.607348
19 20  0.598402
19 21  0.609575
19 22  0.522478
20 21  0.624655
20 22  0.592490
21 22  0.604512
