   -841.25089124
   -841.52219719
0.00004370011090
2 2 2 2 2 2 2 2 2 2 2 0 0 0 0 0 0 0 0 0 0 0 
1  0.327131
2  0.319420
3  0.288927
4  0.324037
5  0.283705
6  0.332406
7  0.316472
8  0.315797
9  0.290589
10  0.300022
11  0.278526
12  0.286387
13  0.305641
14  0.295916
15  0.318018
16  0.318788
17  0.332538
18  0.330656
19  0.290174
20  0.318461
21  0.326368
22  0.285587
1 2  0.624173
1 3  0.615676
1 4  0.646190
1 5  0.610188
1 6  0.650244
1 7  0.641910
1 8  0.606150
1 9  0.615518
1 10  0.625815
1 11  0.580262
1 12  0.589388
1 13  0.632277
1 14  0.621760
1 15  0.618563
1 16  0.641735
1 17  0.656594
1 18  0.396774
1 19  0.616822
1 20  0.608461
1 21  0.650395
1 22  0.612597
2 3  0.608206
2 4  0.619844
2 5  0.602621
2 6  0.630055
2 7  0.634891
2 8  0.622700
2 9  0.605338
2 10  0.616990
2 11  0.596157
2 12  0.599592
2 13  0.618249
2 14  0.609132
2 15  0.438751
2 16  0.635082
2 17  0.626079
2 18  0.622838
2 19  0.609517
2 20  0.620359
2 21  0.615785
2 22  0.604769
3 4  0.612943
3 5  0.524549
3 6  0.621305
3 7  0.566691
3 8  0.603803
3 9  0.579514
3 10  0.588946
3 11  0.561804
3 12  0.569847
3 13  0.594457
3 14  0.584683
3 15  0.606777
3 16  0.561662
3 17  0.621257
3 18  0.618870
3 19  0.298835
3 20  0.606934
3 21  0.615227
3 22  0.520143
4 5  0.607610
4 6  0.618009
4 7  0.639648
4 8  0.631444
4 9  0.608941
4 10  0.597956
4 11  0.601898
4 12  0.610014
4 13  0.603488
4 14  0.610947
4 15  0.612252
4 16  0.642033
4 17  0.617654
4 18  0.651442
4 19  0.614139
4 20  0.639011
4 21  0.417284
4 22  0.609245
5 6  0.616010
5 7  0.564620
5 8  0.597706
5 9  0.574288
5 10  0.583708
5 11  0.558377
5 12  0.568559
5 13  0.589061
5 14  0.579409
5 15  0.601582
5 16  0.557254
5 17  0.615753
5 18  0.614134
5 19  0.521239
5 20  0.600475
5 21  0.609675
5 22  0.295443
6 7  0.647729
6 8  0.633111
6 9  0.600971
6 10  0.624477
6 11  0.609497
6 12  0.618192
6 13  0.632839
6 14  0.615212
6 15  0.624271
6 16  0.650999
6 17  0.415141
6 18  0.659654
6 19  0.622420
6 20  0.646707
6 21  0.619297
6 22  0.617649
7 8  0.620867
7 9  0.606935
7 10  0.616343
7 11  0.577923
7 12  0.583904
7 13  0.621905
7 14  0.612382
7 15  0.631257
7 16  0.397100
7 17  0.648770
7 18  0.643753
7 19  0.557816
7 20  0.626124
7 21  0.642019
7 22  0.557851
8 9  0.604316
8 10  0.613704
8 11  0.590525
8 12  0.599079
8 13  0.620695
8 14  0.611439
8 15  0.616442
8 16  0.626557
8 17  0.644287
8 18  0.608441
8 19  0.605431
8 20  0.374153
8 21  0.638411
8 22  0.599540
9 10  0.546205
9 11  0.568818
9 12  0.576482
9 13  0.551467
9 14  0.289644
9 15  0.602102
9 16  0.609370
9 17  0.610635
9 18  0.620036
9 19  0.580665
9 20  0.608784
9 21  0.608499
9 22  0.576055
10 11  0.578394
10 12  0.586356
10 13  0.296293
10 14  0.551294
10 15  0.611473
10 16  0.618616
10 17  0.628180
10 18  0.630258
10 19  0.590110
10 20  0.617772
10 21  0.601258
10 22  0.585382
11 12  0.264878
11 13  0.584091
11 14  0.573913
11 15  0.590465
11 16  0.577259
11 17  0.610504
11 18  0.585896
11 19  0.563682
11 20  0.594457
11 21  0.604571
11 22  0.563010
12 13  0.591821
12 14  0.581910
12 15  0.602162
12 16  0.584977
12 17  0.617323
12 18  0.589598
12 19  0.570902
12 20  0.600984
12 21  0.611928
12 22  0.567277
13 14  0.555166
13 15  0.620642
13 16  0.624218
13 17  0.630357
13 18  0.634724
13 19  0.595806
13 20  0.621708
13 21  0.604763
13 22  0.591198
14 15  0.608687
14 16  0.614526
14 17  0.604508
14 18  0.624017
14 19  0.586090
14 20  0.611919
14 21  0.616381
14 22  0.581495
15 16  0.635692
15 17  0.628868
15 18  0.627134
15 19  0.608000
15 20  0.624054
15 21  0.622215
15 22  0.603033
16 17  0.649956
16 18  0.647823
16 19  0.571410
16 20  0.625027
16 21  0.644135
16 22  0.568556
17 18  0.653680
17 19  0.622679
17 20  0.634508
17 21  0.619029
17 22  0.617992
18 19  0.620500
18 20  0.610088
18 21  0.651266
18 22  0.615597
19 20  0.607333
19 21  0.616504
19 22  0.527157
20 21  0.636032
20 22  0.601740
21 22  0.611789
