   -841.25089124
   -841.52267984
0.00000013998390
2 2 2 2 2 2 2 2 2 2 2 0 0 0 0 0 0 0 0 0 0 0 
1  0.329621
2  0.321656
3  0.289785
4  0.325969
5  0.284719
6  0.334490
7  0.317970
8  0.318549
9  0.291983
10  0.301462
11  0.280528
12  0.288556
13  0.307112
14  0.297386
15  0.320085
16  0.320311
17  0.334578
18  0.333086
19  0.291040
20  0.321189
21  0.328273
22  0.286629
1 2  0.628545
1 3  0.619015
1 4  0.650430
1 5  0.613653
1 6  0.654693
1 7  0.645856
1 8  0.611431
1 9  0.619258
1 10  0.629647
1 11  0.584172
1 12  0.593836
1 13  0.636199
1 14  0.625696
1 15  0.622825
1 16  0.645736
1 17  0.661113
1 18  0.401289
1 19  0.620178
1 20  0.613715
1 21  0.654708
1 22  0.616116
2 3  0.611276
2 4  0.623720
2 5  0.605805
2 6  0.634390
2 7  0.638576
2 8  0.627576
2 9  0.608884
2 10  0.620608
2 11  0.600288
2 12  0.603895
2 13  0.621926
2 14  0.612851
2 15  0.443122
2 16  0.638821
2 17  0.630341
2 18  0.627367
2 19  0.612608
2 20  0.625269
2 21  0.619713
2 22  0.608041
3 4  0.615719
3 5  0.526545
3 6  0.624242
3 7  0.569162
3 8  0.607369
3 9  0.581766
3 10  0.591235
3 11  0.564629
3 12  0.572889
3 13  0.596768
3 14  0.586949
3 15  0.609686
3 16  0.564143
3 17  0.624092
3 18  0.622158
3 19  0.300616
3 20  0.610484
3 21  0.617986
3 22  0.522216
4 5  0.610536
4 6  0.622081
4 7  0.643003
4 8  0.635922
4 9  0.612256
4 10  0.601112
4 11  0.605748
4 12  0.614090
4 13  0.606874
4 14  0.614369
4 15  0.616058
4 16  0.645469
4 17  0.621735
4 18  0.655704
4 19  0.616929
4 20  0.643659
4 21  0.421133
4 22  0.612177
5 6  0.619089
5 7  0.567172
5 8  0.601418
5 9  0.576696
5 10  0.586151
5 11  0.561363
5 12  0.571723
5 13  0.591455
5 14  0.581840
5 15  0.604658
5 16  0.559867
5 17  0.618797
5 18  0.617565
5 19  0.523287
5 20  0.604218
5 21  0.612542
5 22  0.297541
6 7  0.651219
6 8  0.637303
6 9  0.604104
6 10  0.627968
6 11  0.613507
6 12  0.622408
6 13  0.636395
6 14  0.618653
6 15  0.628450
6 16  0.654600
6 17  0.419107
6 18  0.664143
6 19  0.625316
6 20  0.651284
6 21  0.623393
6 22  0.620769
7 8  0.624821
7 9  0.609794
7 10  0.619244
7 11  0.581363
7 12  0.587580
7 13  0.624835
7 14  0.615348
7 15  0.634845
7 16  0.400301
7 17  0.652306
7 18  0.647654
7 19  0.560285
7 20  0.630245
7 21  0.645393
7 22  0.560455
8 9  0.608347
8 10  0.617772
8 11  0.595223
8 12  0.603962
8 13  0.624864
8 14  0.615639
8 15  0.621209
8 16  0.630751
8 17  0.648869
8 18  0.613636
8 19  0.609006
8 20  0.378954
8 21  0.643051
8 22  0.603333
9 10  0.549132
9 11  0.572130
9 12  0.579951
9 13  0.554493
9 14  0.292448
9 15  0.605591
9 16  0.612283
9 17  0.613986
9 18  0.623806
9 19  0.582880
9 20  0.612889
9 21  0.611824
9 22  0.578454
10 11  0.581787
10 12  0.589948
10 13  0.299159
10 14  0.554356
10 15  0.614971
10 16  0.621550
10 17  0.631664
10 18  0.634091
10 19  0.592391
10 20  0.621879
10 21  0.604587
10 22  0.587782
11 12  0.268717
11 13  0.587549
11 14  0.577283
11 15  0.594483
11 16  0.580828
11 17  0.614512
11 18  0.590132
11 19  0.566576
11 20  0.599162
11 21  0.608450
11 22  0.566042
12 13  0.595399
12 14  0.585467
12 15  0.606269
12 16  0.588605
12 17  0.621440
12 18  0.593511
12 19  0.573904
12 20  0.605821
12 21  0.615945
12 22  0.570453
13 14  0.558211
13 15  0.624117
13 16  0.627181
13 17  0.633820
13 18  0.638549
13 19  0.598131
13 20  0.625786
13 21  0.607899
13 22  0.593699
14 15  0.612152
14 16  0.617480
14 17  0.607658
14 18  0.627782
14 19  0.588425
14 20  0.615989
14 21  0.619742
14 22  0.584007
15 16  0.639247
15 17  0.633021
15 18  0.631364
15 19  0.610913
15 20  0.628757
15 21  0.625956
15 22  0.606083
16 17  0.653414
16 18  0.651728
16 19  0.573926
16 20  0.628939
16 21  0.647464
16 22  0.571138
17 18  0.658023
17 19  0.625578
17 20  0.638705
17 21  0.623037
17 22  0.621056
18 19  0.623788
18 20  0.615308
18 21  0.655426
18 22  0.619034
19 20  0.610842
19 21  0.619257
19 22  0.529197
20 21  0.640473
20 22  0.605426
21 22  0.614710
