   -993.89462193
   -994.19970047
0.00090500262400
2 2 2 2 2 2 2 2 2 2 2 2 2 0 0 0 0 0 0 0 0 0 0 0 0 0 
1  0.280172
2  0.289017
3  0.285719
4  0.266230
5  0.314239
6  0.238317
7  0.304870
8  0.295950
9  0.240405
10  0.264793
11  0.239864
12  0.244073
13  0.291102
14  0.287341
15  0.293773
16  0.283838
17  0.313855
18  0.306145
19  0.265713
20  0.296991
21  0.244398
22  0.245204
23  0.245517
24  0.297829
25  0.269450
26  0.237999
1 2  0.524009
1 3  0.564636
1 4  0.546358
1 5  0.576095
1 6  0.518479
1 7  0.579352
1 8  0.571691
1 9  0.520572
1 10  0.544928
1 11  0.520034
1 12  0.524243
1 13  0.569945
1 14  0.567369
1 15  0.277808
1 16  0.523372
1 17  0.591779
1 18  0.561240
1 19  0.545851
1 20  0.576692
1 21  0.524507
1 22  0.525369
1 23  0.525671
1 24  0.573215
1 25  0.549515
1 26  0.518138
2 3  0.573376
2 4  0.555232
2 5  0.595784
2 6  0.527332
2 7  0.571390
2 8  0.582836
2 9  0.529422
2 10  0.553762
2 11  0.528877
2 12  0.533089
2 13  0.579353
2 14  0.576122
2 15  0.531226
2 16  0.278480
2 17  0.592276
2 18  0.585225
2 19  0.554727
2 20  0.584651
2 21  0.533303
2 22  0.534220
2 23  0.534507
2 24  0.580181
2 25  0.558177
2 26  0.527004
3 4  0.550795
3 5  0.588384
3 6  0.523898
3 7  0.584020
3 8  0.570590
3 9  0.526062
3 10  0.543062
3 11  0.524800
3 12  0.529401
3 13  0.540854
3 14  0.539036
3 15  0.579259
3 16  0.569284
3 17  0.598589
3 18  0.589978
3 19  0.550378
3 20  0.341008
3 21  0.528192
3 22  0.530862
3 23  0.530877
3 24  0.555435
3 25  0.548505
3 26  0.523685
4 5  0.580148
4 6  0.470177
4 7  0.571035
4 8  0.561778
4 9  0.479725
4 10  0.524926
4 11  0.505078
4 12  0.508976
4 13  0.550146
4 14  0.547582
4 15  0.559704
4 16  0.549974
4 17  0.579625
4 18  0.571444
4 19  0.307710
4 20  0.561128
4 21  0.510523
4 22  0.473706
4 23  0.510042
4 24  0.561864
4 25  0.523514
4 26  0.462230
5 6  0.552505
5 7  0.581653
5 8  0.586705
5 9  0.554629
5 10  0.578493
5 11  0.554063
5 12  0.558292
5 13  0.597502
5 14  0.600503
5 15  0.597064
5 16  0.595382
5 17  0.583274
5 18  0.467324
5 19  0.579883
5 20  0.607705
5 21  0.558314
5 22  0.559414
5 23  0.559694
5 24  0.567362
5 25  0.583150
5 26  0.552120
6 7  0.543181
6 8  0.534149
6 9  0.438254
6 10  0.502167
6 11  0.477608
6 12  0.481836
6 13  0.528021
6 14  0.523681
6 15  0.531923
6 16  0.522053
6 17  0.551791
6 18  0.544026
6 19  0.464829
6 20  0.535252
6 21  0.482068
6 22  0.435769
6 23  0.483291
6 24  0.535765
6 25  0.507517
6 26  0.241290
7 8  0.577979
7 9  0.545270
7 10  0.569264
7 11  0.544684
7 12  0.548936
7 13  0.592706
7 14  0.590023
7 15  0.587769
7 16  0.563659
7 17  0.467054
7 18  0.566249
7 19  0.570406
7 20  0.597318
7 21  0.548966
7 22  0.550071
7 23  0.550344
7 24  0.577134
7 25  0.573435
7 26  0.542866
8 9  0.536291
8 10  0.560106
8 11  0.535652
8 12  0.539971
8 13  0.566983
8 14  0.555740
8 15  0.583934
8 16  0.575224
8 17  0.565703
8 18  0.577167
8 19  0.558389
8 20  0.577595
8 21  0.539866
8 22  0.541130
8 23  0.541421
8 24  0.498443
8 25  0.562918
8 26  0.533705
9 10  0.504131
9 11  0.479702
9 12  0.483841
9 13  0.531026
9 14  0.527346
9 15  0.534121
9 16  0.524197
9 17  0.554133
9 18  0.546441
9 19  0.469268
9 20  0.537368
9 21  0.484336
9 22  0.224470
9 23  0.484660
9 24  0.538200
9 25  0.508108
9 26  0.433403
10 11  0.474463
10 12  0.479467
10 13  0.555126
10 14  0.551517
10 15  0.558562
10 16  0.548559
10 17  0.578562
10 18  0.570820
10 19  0.522717
10 20  0.548867
10 21  0.471633
10 22  0.507987
10 23  0.470952
10 24  0.559370
10 25  0.313780
10 26  0.502353
11 12  0.441102
11 13  0.530811
11 14  0.527156
11 15  0.533599
11 16  0.523617
11 17  0.553522
11 18  0.545968
11 19  0.505189
11 20  0.535288
11 21  0.237495
11 22  0.484431
11 23  0.439840
11 24  0.537461
11 25  0.469860
11 26  0.477139
12 13  0.535072
12 14  0.531322
12 15  0.537835
12 16  0.527887
12 17  0.557871
12 18  0.550211
12 19  0.507964
12 20  0.540967
12 21  0.439249
12 22  0.487655
12 23  0.231957
12 24  0.541894
12 25  0.477097
12 26  0.481436
13 14  0.339399
13 15  0.583630
13 16  0.574528
13 17  0.601556
13 18  0.593051
13 19  0.544691
13 20  0.545870
13 21  0.535383
13 22  0.536227
13 23  0.536590
13 24  0.574383
13 25  0.557745
13 26  0.527284
14 15  0.579601
14 16  0.569687
14 17  0.587620
14 18  0.586651
14 19  0.544549
14 20  0.546580
14 21  0.531621
14 22  0.532114
14 23  0.532728
14 24  0.573928
14 25  0.555521
14 26  0.524284
15 16  0.530605
15 17  0.600376
15 18  0.575942
15 19  0.559412
15 20  0.589731
15 21  0.538167
15 22  0.538975
15 23  0.539289
15 24  0.588839
15 25  0.563173
15 26  0.531764
16 17  0.578141
16 18  0.584023
16 19  0.549498
16 20  0.579166
16 21  0.528224
16 22  0.529039
16 23  0.529348
16 24  0.576768
16 25  0.553191
16 26  0.521831
17 18  0.581644
17 19  0.578957
17 20  0.603203
17 21  0.558203
17 22  0.559042
17 23  0.559352
17 24  0.587401
17 25  0.582808
17 26  0.551796
18 19  0.571350
18 20  0.598975
18 21  0.550530
18 22  0.551342
18 23  0.551657
18 24  0.582718
18 25  0.575410
18 26  0.544091
19 20  0.561988
19 21  0.509037
19 22  0.483624
19 23  0.509796
19 24  0.562796
19 25  0.527609
19 26  0.472754
20 21  0.539631
20 22  0.542036
20 23  0.541633
20 24  0.575536
20 25  0.556795
20 26  0.534798
21 22  0.489094
21 23  0.446771
21 24  0.542091
21 25  0.481913
21 26  0.481877
22 23  0.490086
22 24  0.542983
22 25  0.513286
22 26  0.439815
23 24  0.543246
23 25  0.486451
23 26  0.482768
24 25  0.566594
24 26  0.535669
25 26  0.506028
