   -993.89462193
   -994.20742414
0.00052059389200
2 2 2 2 2 2 2 2 2 2 2 2 2 0 0 0 0 0 0 0 0 0 0 0 0 0 
1  0.285733
2  0.296179
3  0.299001
4  0.286117
5  0.325291
6  0.259642
7  0.316025
8  0.309030
9  0.255771
10  0.284319
11  0.257381
12  0.259752
13  0.306819
14  0.302535
15  0.301117
16  0.290958
17  0.325400
18  0.318185
19  0.285597
20  0.311086
21  0.262128
22  0.258884
23  0.261152
24  0.308947
25  0.289501
26  0.259169
1 2  0.537359
1 3  0.583156
1 4  0.571755
1 5  0.590803
1 6  0.545356
1 7  0.595722
1 8  0.589916
1 9  0.541495
1 10  0.569996
1 11  0.543111
1 12  0.545485
1 13  0.590791
1 14  0.588069
1 15  0.290836
1 16  0.536773
1 17  0.608709
1 18  0.578401
1 19  0.571264
1 20  0.596387
1 21  0.547783
1 22  0.544602
1 23  0.546858
1 24  0.589705
1 25  0.575148
1 26  0.544842
2 3  0.593418
2 4  0.582260
2 5  0.613575
2 6  0.555818
2 7  0.587445
2 8  0.602696
2 9  0.551949
2 10  0.580414
2 11  0.553550
2 12  0.555929
2 13  0.601916
2 14  0.598357
2 15  0.546541
2 16  0.292415
2 17  0.610603
2 18  0.604387
2 19  0.581766
2 20  0.605529
2 21  0.558083
2 22  0.555049
2 23  0.557267
2 24  0.598352
2 25  0.585211
2 26  0.555323
3 4  0.583789
3 5  0.610134
3 6  0.558511
3 7  0.607608
3 8  0.596603
3 9  0.554706
3 10  0.574669
3 11  0.555182
3 12  0.558178
3 13  0.570310
3 14  0.568044
3 15  0.599816
3 16  0.589686
3 17  0.623268
3 18  0.614920
3 19  0.583573
3 20  0.366318
3 21  0.559261
3 22  0.557817
3 23  0.559742
3 24  0.579310
3 25  0.581556
3 26  0.558122
4 5  0.610902
4 6  0.509469
4 7  0.601993
4 8  0.594560
4 9  0.511606
4 10  0.563649
4 11  0.542502
4 12  0.544374
4 13  0.583863
4 14  0.581574
4 15  0.586764
4 16  0.576948
4 17  0.611001
4 18  0.603304
4 19  0.341123
4 20  0.595137
4 21  0.548186
4 22  0.506242
4 23  0.545519
4 24  0.592819
4 25  0.563885
4 26  0.500091
5 6  0.584857
5 7  0.604099
5 8  0.610649
5 9  0.581040
5 10  0.608880
5 11  0.582603
5 12  0.585025
5 13  0.623663
5 14  0.626646
5 15  0.614880
5 16  0.613424
5 17  0.606398
5 18  0.488650
5 19  0.610834
5 20  0.632303
5 21  0.587111
5 22  0.584127
5 23  0.586383
5 24  0.587917
5 25  0.614344
5 26  0.584325
6 7  0.575657
6 8  0.568480
6 9  0.471976
6 10  0.543203
6 11  0.516876
6 12  0.519158
6 13  0.564372
6 14  0.560188
6 15  0.560454
6 16  0.550451
6 17  0.584551
6 18  0.577283
6 19  0.503339
6 20  0.570673
6 21  0.521597
6 22  0.467878
6 23  0.520623
6 24  0.568215
6 25  0.549028
6 26  0.261270
7 8  0.601093
7 9  0.571789
7 10  0.599795
7 11  0.573320
7 12  0.575761
7 13  0.618606
7 14  0.616025
7 15  0.606274
7 16  0.581106
7 17  0.487814
7 18  0.589542
7 19  0.601433
7 20  0.622353
7 21  0.577741
7 22  0.574899
7 23  0.577098
7 24  0.599171
7 25  0.604528
7 26  0.575188
8 9  0.564681
8 10  0.592633
8 11  0.566182
8 12  0.568710
8 13  0.593840
8 14  0.583245
8 15  0.603814
8 16  0.594773
8 17  0.588722
8 18  0.601292
8 19  0.591614
8 20  0.604138
8 21  0.570735
8 22  0.567909
8 23  0.570144
8 24  0.523301
8 25  0.596371
8 26  0.567871
9 10  0.538842
9 11  0.512751
9 12  0.514944
9 13  0.561693
9 14  0.557898
9 15  0.556800
9 16  0.546678
9 17  0.581050
9 18  0.573855
9 19  0.500156
9 20  0.566822
9 21  0.517634
9 22  0.248902
9 23  0.515823
9 24  0.564689
9 25  0.543573
9 26  0.467718
10 11  0.508743
10 12  0.511016
10 13  0.590327
10 14  0.586204
10 15  0.585432
10 16  0.575203
10 17  0.609622
10 18  0.602383
10 19  0.562001
10 20  0.583049
10 21  0.505375
10 22  0.541281
10 23  0.502232
10 24  0.590202
10 25  0.343437
10 26  0.543135
11 12  0.472070
11 13  0.564020
11 14  0.559808
11 15  0.558433
11 16  0.548235
11 17  0.582538
11 18  0.575527
11 19  0.542584
11 20  0.566759
11 21  0.260150
11 22  0.515847
11 23  0.471022
11 24  0.566010
11 25  0.502600
11 26  0.516357
12 13  0.566482
12 14  0.562195
12 15  0.560828
12 16  0.550676
12 17  0.585055
12 18  0.577901
12 19  0.543438
12 20  0.570675
12 21  0.469064
12 22  0.517237
12 23  0.254515
12 24  0.568695
12 25  0.510573
12 26  0.518662
13 14  0.366571
13 15  0.606332
13 16  0.597236
13 17  0.628340
13 18  0.620269
13 19  0.580691
13 20  0.576217
13 21  0.568843
13 22  0.565530
13 23  0.567938
13 24  0.600596
13 25  0.593734
13 26  0.564191
14 15  0.601717
14 16  0.591487
14 17  0.612257
14 18  0.612879
14 19  0.578163
14 20  0.575979
14 21  0.564518
14 22  0.560649
14 23  0.563607
14 24  0.599973
14 25  0.590699
14 26  0.560108
15 16  0.545522
15 17  0.618753
15 18  0.593335
15 19  0.586590
15 20  0.610888
15 21  0.563241
15 22  0.559997
15 23  0.562267
15 24  0.607033
15 25  0.590567
15 26  0.560271
16 17  0.594322
16 18  0.602900
16 19  0.576471
16 20  0.599914
16 21  0.553069
16 22  0.549841
16 23  0.552100
16 24  0.594406
16 25  0.580339
16 26  0.550122
17 18  0.604870
17 19  0.610106
17 20  0.627841
17 21  0.587466
17 22  0.584261
17 23  0.586526
17 24  0.610521
17 25  0.614339
17 26  0.584477
18 19  0.603082
18 20  0.624272
18 21  0.580301
18 22  0.577049
18 23  0.579330
18 24  0.604707
18 25  0.607472
18 26  0.577249
19 20  0.595930
19 21  0.546668
19 22  0.513170
19 23  0.545224
19 24  0.593692
19 25  0.566863
19 26  0.510999
20 21  0.571019
20 22  0.569888
20 23  0.570927
20 24  0.598908
20 25  0.590051
20 26  0.570017
21 22  0.520672
21 23  0.477434
21 24  0.570864
21 25  0.516798
21 26  0.521161
22 23  0.519448
22 24  0.567750
22 25  0.546575
22 26  0.473093
23 24  0.569964
23 25  0.519319
23 26  0.519976
24 25  0.597665
24 26  0.567845
25 26  0.547212
