   -993.89462193
   -994.21142158
0.00029414749500
2 2 2 2 2 2 2 2 2 2 2 2 2 0 0 0 0 0 0 0 0 0 0 0 0 0 
1  0.288736
2  0.299197
3  0.306140
4  0.301833
5  0.330243
6  0.275741
7  0.320697
8  0.314298
9  0.272437
10  0.299408
11  0.272041
12  0.273151
13  0.314104
14  0.309646
15  0.304434
16  0.293879
17  0.330209
18  0.322939
19  0.301432
20  0.318585
21  0.277513
22  0.274719
23  0.274484
24  0.313944
25  0.304163
26  0.275091
1 2  0.543534
1 3  0.593004
1 4  0.590447
1 5  0.598058
1 6  0.564451
1 7  0.603352
1 8  0.597995
1 9  0.561162
1 10  0.588067
1 11  0.560772
1 12  0.561886
1 13  0.600779
1 14  0.598082
1 15  0.296960
1 16  0.542899
1 17  0.616539
1 18  0.586062
1 19  0.590049
1 20  0.606866
1 21  0.566142
1 22  0.563432
1 23  0.563179
1 24  0.597503
1 25  0.592811
1 26  0.563728
2 3  0.603298
2 4  0.600980
2 5  0.621437
2 6  0.574934
2 7  0.594280
2 8  0.610874
2 9  0.571633
2 10  0.598491
2 11  0.571218
2 12  0.572341
2 13  0.612030
2 14  0.608469
2 15  0.553138
2 16  0.298276
2 17  0.618119
2 18  0.612204
2 19  0.600623
2 20  0.615946
2 21  0.576430
2 22  0.573890
2 23  0.573598
2 24  0.606352
2 25  0.602875
2 26  0.574249
3 4  0.606614
3 5  0.621156
3 6  0.581744
3 7  0.618999
3 8  0.608882
3 9  0.578512
3 10  0.596264
3 11  0.576630
3 12  0.578618
3 13  0.584821
3 14  0.582504
3 15  0.610239
3 16  0.599674
3 17  0.635177
3 18  0.626656
3 19  0.606570
3 20  0.379589
3 21  0.581584
3 22  0.580781
3 23  0.580124
3 24  0.591116
3 25  0.603378
3 26  0.581169
4 5  0.631520
4 6  0.539141
4 7  0.622345
4 8  0.615487
4 9  0.540410
4 10  0.593838
4 11  0.572800
4 12  0.573204
4 13  0.606316
4 14  0.604367
4 15  0.605763
4 16  0.595592
4 17  0.631532
4 18  0.623782
4 19  0.367487
4 20  0.618342
4 21  0.579232
4 22  0.533948
4 23  0.574638
4 24  0.613591
4 25  0.594352
4 26  0.528663
5 6  0.605895
5 7  0.613721
5 8  0.620947
5 9  0.602650
5 10  0.628790
5 11  0.602175
5 12  0.603370
5 13  0.635466
5 14  0.638644
5 15  0.622882
5 16  0.621298
5 17  0.616347
5 18  0.497629
5 19  0.631596
5 20  0.644451
5 21  0.607427
5 22  0.604894
5 23  0.604640
5 24  0.597329
5 25  0.633946
5 26  0.605169
6 7  0.596423
6 8  0.589770
6 9  0.500737
6 10  0.574358
6 11  0.547708
6 12  0.548690
6 13  0.587453
6 14  0.583250
6 15  0.579811
6 16  0.569431
6 17  0.605457
6 18  0.598135
6 19  0.532965
6 20  0.594272
6 21  0.553164
6 22  0.496004
6 23  0.550136
6 24  0.589303
6 25  0.579753
6 26  0.282936
7 8  0.610563
7 9  0.593125
7 10  0.619466
7 11  0.592610
7 12  0.593819
7 13  0.630248
7 14  0.627645
7 15  0.614310
7 16  0.588387
7 17  0.496546
7 18  0.599093
7 19  0.621930
7 20  0.634330
7 21  0.597749
7 22  0.595398
7 23  0.595082
7 24  0.608650
7 25  0.623899
7 26  0.595781
8 9  0.586558
8 10  0.612908
8 11  0.586030
8 12  0.587359
8 13  0.605691
8 14  0.595333
8 15  0.612316
8 16  0.602833
8 17  0.598299
8 18  0.611085
8 19  0.612744
8 20  0.616766
8 21  0.591380
8 22  0.589008
8 23  0.588733
8 24  0.533671
8 25  0.616363
8 26  0.589018
9 10  0.570388
9 11  0.544254
9 12  0.545124
9 13  0.585409
9 14  0.581593
9 15  0.576744
9 16  0.566230
9 17  0.602494
9 18  0.595248
9 19  0.528049
9 20  0.590977
9 21  0.549880
9 22  0.273497
9 23  0.546122
9 24  0.586350
9 25  0.574947
9 26  0.497265
10 11  0.535632
10 12  0.536719
10 13  0.612713
10 14  0.608388
10 15  0.603838
10 16  0.593138
10 17  0.629521
10 18  0.622211
10 19  0.592655
10 20  0.605750
10 21  0.532713
10 22  0.572070
10 23  0.526926
10 24  0.610315
10 25  0.369827
10 26  0.574110
11 12  0.498130
11 13  0.585919
11 14  0.581577
11 15  0.576385
11 16  0.565763
11 17  0.601994
11 18  0.594945
11 19  0.573013
11 20  0.588828
11 21  0.281607
11 22  0.546538
11 23  0.497068
11 24  0.585638
11 25  0.528788
11 26  0.546995
12 13  0.587158
12 14  0.582694
12 15  0.577516
12 16  0.566972
12 17  0.603229
12 18  0.596034
12 19  0.572517
12 20  0.591539
12 21  0.495610
12 22  0.546697
12 23  0.276552
12 24  0.587088
12 25  0.535415
12 26  0.548052
13 14  0.379360
13 15  0.616799
13 16  0.607468
13 17  0.640170
13 18  0.632086
13 19  0.603845
13 20  0.591339
13 21  0.591519
13 22  0.588622
13 23  0.588544
13 24  0.612854
13 25  0.615711
13 26  0.587273
14 15  0.611800
14 16  0.601249
14 17  0.623263
14 18  0.624253
14 19  0.600431
14 20  0.590741
14 21  0.586991
14 22  0.583461
14 23  0.584055
14 24  0.612001
14 25  0.612458
14 26  0.582811
15 16  0.551958
15 17  0.626792
15 18  0.600677
15 19  0.605705
15 20  0.621488
15 21  0.581940
15 22  0.579143
15 23  0.578915
15 24  0.615205
15 25  0.608525
15 26  0.579500
16 17  0.601218
16 18  0.610556
16 19  0.595198
16 20  0.610064
16 21  0.571363
16 22  0.568596
16 23  0.568349
16 24  0.602184
16 25  0.597872
16 26  0.568962
17 18  0.614429
17 19  0.630590
17 20  0.639795
17 21  0.607638
17 22  0.604894
17 23  0.604655
17 24  0.620474
17 25  0.633725
17 26  0.605172
18 19  0.623574
18 20  0.636179
18 21  0.600431
18 22  0.597620
18 23  0.597413
18 24  0.613988
18 25  0.626838
18 26  0.597886
19 20  0.619269
19 21  0.577854
19 22  0.541444
19 23  0.574203
19 24  0.614444
19 25  0.596714
19 26  0.540311
20 21  0.593408
20 22  0.593204
20 23  0.591485
20 24  0.610634
20 25  0.611489
20 26  0.593389
21 22  0.552002
21 23  0.503868
21 24  0.591180
21 25  0.544156
21 26  0.552524
22 23  0.548692
22 24  0.588560
22 25  0.576861
22 26  0.501825
23 24  0.588261
23 25  0.544783
23 26  0.549266
24 25  0.617230
24 26  0.588689
25 26  0.577700
