   -993.89462193
   -994.21413815
0.00000015227605
2 2 2 2 2 2 2 2 2 2 2 2 2 0 0 0 0 0 0 0 0 0 0 0 0 0 
1  0.290346
2  0.301059
3  0.312460
4  0.314625
5  0.333131
6  0.286872
7  0.323499
8  0.317762
9  0.283226
10  0.311539
11  0.283622
12  0.284861
13  0.320552
14  0.315813
15  0.306346
16  0.295643
17  0.333074
18  0.325735
19  0.312918
20  0.325095
21  0.289513
22  0.287026
23  0.285885
24  0.317220
25  0.316508
26  0.286225
1 2  0.547134
1 3  0.600779
1 4  0.604814
1 5  0.602297
1 6  0.577171
1 7  0.607757
1 8  0.602985
1 9  0.573542
1 10  0.601784
1 11  0.573958
1 12  0.575205
1 13  0.608653
1 14  0.605811
1 15  0.300474
1 16  0.546440
1 17  0.620998
1 18  0.590540
1 19  0.603123
1 20  0.614980
1 21  0.579721
1 22  0.577322
1 23  0.576171
1 24  0.602328
1 25  0.606775
1 26  0.576397
2 3  0.611349
2 4  0.615618
2 5  0.626087
2 6  0.587923
2 7  0.598559
2 8  0.616152
2 9  0.584282
2 10  0.612454
2 11  0.584642
2 12  0.585899
2 13  0.620233
2 14  0.616487
2 15  0.557179
2 16  0.301858
2 17  0.622788
2 18  0.616898
2 19  0.613966
2 20  0.624257
2 21  0.590191
2 22  0.588037
2 23  0.586842
2 24  0.611475
2 25  0.617029
2 26  0.587226
3 4  0.625676
3 5  0.629675
3 6  0.599168
3 7  0.627829
3 8  0.618633
3 9  0.595617
3 10  0.614038
3 11  0.594035
3 12  0.596383
3 13  0.597802
3 14  0.595236
3 15  0.618459
3 16  0.607730
3 17  0.644340
3 18  0.635671
3 19  0.624341
3 20  0.391595
3 21  0.599692
3 22  0.599397
3 23  0.597713
3 24  0.600707
3 25  0.621915
3 26  0.598605
4 5  0.647151
4 6  0.561236
4 7  0.637899
4 8  0.631674
4 9  0.560967
4 10  0.618373
4 11  0.596995
4 12  0.597383
4 13  0.624790
4 14  0.623186
4 15  0.620416
4 16  0.610163
4 17  0.647228
4 18  0.639413
4 19  0.390791
4 20  0.637618
4 21  0.603918
4 22  0.555245
4 23  0.598825
4 24  0.629736
4 25  0.619463
4 26  0.549932
5 6  0.619895
5 7  0.619493
5 8  0.627455
5 9  0.616305
5 10  0.643707
5 11  0.616572
5 12  0.617948
5 13  0.644650
5 14  0.647677
5 15  0.627620
5 16  0.625930
5 17  0.622355
5 18  0.503206
5 19  0.645959
5 20  0.653658
5 21  0.622280
5 22  0.620085
5 23  0.618887
5 24  0.603357
5 25  0.649201
5 26  0.619159
6 7  0.610344
6 8  0.604282
6 9  0.521683
6 10  0.597558
6 11  0.570395
6 12  0.571511
6 13  0.604525
6 14  0.600457
6 15  0.592761
6 16  0.582291
6 17  0.619441
6 18  0.612044
6 19  0.554175
6 20  0.611902
6 21  0.576292
6 22  0.517228
6 23  0.572662
6 24  0.603717
6 25  0.603145
6 26  0.299495
7 8  0.616603
7 9  0.606710
7 10  0.634325
7 11  0.606932
7 12  0.608301
7 13  0.639350
7 14  0.636534
7 15  0.619047
7 16  0.592924
7 17  0.502027
7 18  0.604928
7 19  0.636216
7 20  0.643569
7 21  0.612504
7 22  0.610483
7 23  0.609284
7 24  0.614730
7 25  0.639055
7 26  0.609715
8 9  0.600711
8 10  0.628421
8 11  0.600967
8 12  0.602496
8 13  0.615216
8 14  0.604996
8 15  0.617669
8 16  0.607982
8 17  0.604471
8 18  0.617256
8 19  0.627754
8 20  0.626719
8 21  0.606815
8 22  0.604773
8 23  0.603593
8 24  0.540754
8 25  0.632246
8 26  0.603582
9 10  0.593033
9 11  0.566588
9 12  0.567538
9 13  0.602129
9 14  0.598428
9 15  0.589424
9 16  0.578745
9 17  0.616090
9 18  0.608834
9 19  0.547191
9 20  0.608246
9 21  0.572655
9 22  0.295393
9 23  0.568372
9 24  0.600407
9 25  0.598089
9 26  0.518401
10 11  0.557242
10 12  0.557539
10 13  0.631259
10 14  0.626644
10 15  0.617881
10 16  0.607008
10 17  0.644506
10 18  0.637134
10 19  0.616124
10 20  0.624518
10 21  0.554690
10 22  0.596393
10 23  0.547158
10 24  0.625807
10 25  0.392785
10 26  0.597271
11 12  0.520244
11 13  0.603881
11 14  0.599294
11 15  0.589842
11 16  0.579016
11 17  0.616389
11 18  0.609318
11 19  0.595983
11 20  0.606664
11 21  0.300402
11 22  0.570411
11 23  0.519007
11 24  0.600456
11 25  0.549968
11 26  0.569696
12 13  0.605295
12 14  0.600548
12 15  0.591102
12 16  0.580420
12 17  0.617807
12 18  0.610507
12 19  0.595624
12 20  0.609677
12 21  0.517328
12 22  0.570760
12 23  0.297460
12 24  0.602066
12 25  0.556379
12 26  0.570873
13 14  0.390987
13 15  0.625075
13 16  0.615672
13 17  0.649347
13 18  0.641245
13 19  0.621910
13 20  0.604760
13 21  0.609949
13 22  0.607285
13 23  0.606372
13 24  0.622548
13 25  0.634526
13 26  0.604681
14 15  0.619720
14 16  0.609032
14 17  0.631733
14 18  0.632921
14 19  0.617425
14 20  0.603652
14 21  0.605121
14 22  0.601558
14 23  0.601612
14 24  0.621435
14 25  0.630934
14 26  0.599600
15 16  0.555758
15 17  0.631484
15 18  0.605076
15 19  0.619074
15 20  0.629833
15 21  0.595849
15 22  0.593344
15 23  0.592225
15 24  0.620312
15 25  0.622764
15 26  0.592527
16 17  0.605484
16 18  0.615114
16 19  0.608416
16 20  0.618170
16 21  0.585106
16 22  0.582664
16 23  0.581495
16 24  0.607148
16 25  0.611953
16 26  0.581855
17 18  0.620144
17 19  0.644824
17 20  0.648990
17 21  0.622481
17 22  0.620040
17 23  0.618896
17 24  0.626815
17 25  0.648894
17 26  0.619105
18 19  0.637773
18 20  0.645277
18 21  0.615215
18 22  0.612688
18 23  0.611607
18 24  0.619885
18 25  0.641954
18 26  0.611760
19 20  0.637232
19 21  0.601201
19 22  0.561747
19 23  0.596843
19 24  0.629119
19 25  0.620205
19 26  0.561287
20 21  0.611256
20 22  0.611995
20 23  0.608705
20 24  0.620050
20 25  0.629699
20 26  0.610981
21 22  0.576254
21 23  0.526213
21 24  0.606374
21 25  0.566190
21 26  0.575632
22 23  0.572307
22 24  0.604096
22 25  0.601175
22 26  0.524292
23 24  0.602843
23 25  0.565899
23 26  0.571765
24 25  0.632790
24 26  0.602993
25 26  0.601032
