  -1146.51123906
  -1146.86983651
0.00020347444600
2 2 2 2 2 2 2 2 2 2 2 2 2 2 2 0 0 0 0 0 0 0 0 0 0 0 0 0 0 0 
1  0.265701
2  0.275705
3  0.287418
4  0.261212
5  0.275504
6  0.271977
7  0.260771
8  0.262953
9  0.303227
10  0.291033
11  0.305170
12  0.301406
13  0.290287
14  0.293104
15  0.298896
16  0.273921
17  0.278612
18  0.288363
19  0.266625
20  0.277412
21  0.274063
22  0.264100
23  0.265326
24  0.306343
25  0.305933
26  0.294172
27  0.290585
28  0.303065
29  0.300660
30  0.292762
1 2  0.540559
1 3  0.551773
1 4  0.526804
1 5  0.541192
1 6  0.537654
1 7  0.526291
1 8  0.528186
1 9  0.552010
1 10  0.555974
1 11  0.566563
1 12  0.541681
1 13  0.554041
1 14  0.558756
1 15  0.560583
1 16  0.255280
1 17  0.544185
1 18  0.552843
1 19  0.532029
1 20  0.543078
1 21  0.539759
1 22  0.529484
1 23  0.529486
1 24  0.565746
1 25  0.543658
1 26  0.559845
1 27  0.553100
1 28  0.555530
1 29  0.561870
1 30  0.558131
2 3  0.519217
2 4  0.536912
2 5  0.551208
2 6  0.547681
2 7  0.536469
2 8  0.538652
2 9  0.568889
2 10  0.566702
2 11  0.567058
2 12  0.576287
2 13  0.565986
2 14  0.568804
2 15  0.568021
2 16  0.549465
2 17  0.267165
2 18  0.516161
2 19  0.542329
2 20  0.553108
2 21  0.549745
2 22  0.539771
2 23  0.541024
2 24  0.557732
2 25  0.581267
2 26  0.569843
2 27  0.566124
2 28  0.576699
2 29  0.572864
2 30  0.568193
3 4  0.548628
3 5  0.562922
3 6  0.559395
3 7  0.548183
3 8  0.550365
3 9  0.583139
3 10  0.578446
3 11  0.569047
3 12  0.588361
3 13  0.577691
3 14  0.580521
3 15  0.582403
3 16  0.559806
3 17  0.516034
3 18  0.276779
3 19  0.554036
3 20  0.564828
3 21  0.561476
3 22  0.551518
3 23  0.552692
3 24  0.562343
3 25  0.593148
3 26  0.581588
3 27  0.577769
3 28  0.587556
3 29  0.585542
3 30  0.580099
4 5  0.530820
4 6  0.529116
4 7  0.521552
4 8  0.524014
4 9  0.564426
4 10  0.526963
4 11  0.566380
4 12  0.561548
4 13  0.549416
4 14  0.534204
4 15  0.560090
4 16  0.534820
4 17  0.539824
4 18  0.549568
4 19  0.250227
4 20  0.535226
4 21  0.534285
4 22  0.523742
4 23  0.526045
4 24  0.567518
4 25  0.566884
4 26  0.528352
4 27  0.549542
4 28  0.564257
4 29  0.561850
4 30  0.522114
5 6  0.500701
5 7  0.536208
5 8  0.538413
5 9  0.578728
5 10  0.564065
5 11  0.580673
5 12  0.576865
5 13  0.565664
5 14  0.539271
5 15  0.574393
5 16  0.549398
5 17  0.554108
5 18  0.563862
5 19  0.537948
5 20  0.271688
5 21  0.496875
5 22  0.539383
5 23  0.540825
5 24  0.581845
5 25  0.581153
5 26  0.531747
5 27  0.565319
5 28  0.578564
5 29  0.576134
5 30  0.567528
6 7  0.532679
6 8  0.534881
6 9  0.575201
6 10  0.558979
6 11  0.577146
6 12  0.573183
6 13  0.562199
6 14  0.536188
6 15  0.570855
6 16  0.545882
6 17  0.550562
6 18  0.560331
6 19  0.537426
6 20  0.498013
6 21  0.270079
6 22  0.536059
6 23  0.537198
6 24  0.578297
6 25  0.576794
6 26  0.527606
6 27  0.562094
6 28  0.575040
6 29  0.572460
6 30  0.563397
7 8  0.481471
7 9  0.563975
7 10  0.548439
7 11  0.565930
7 12  0.560183
7 13  0.523394
7 14  0.553804
7 15  0.559554
7 16  0.534479
7 17  0.539354
7 18  0.549133
7 19  0.525843
7 20  0.537970
7 21  0.534831
7 22  0.255812
7 23  0.479428
7 24  0.566946
7 25  0.566278
7 26  0.554510
7 27  0.514919
7 28  0.563809
7 29  0.561138
7 30  0.551630
8 9  0.566142
8 10  0.551921
8 11  0.568105
8 12  0.560626
8 13  0.524711
8 14  0.555972
8 15  0.561759
8 16  0.535332
8 17  0.541565
8 18  0.551271
8 19  0.529271
8 20  0.540356
8 21  0.536938
8 22  0.480097
8 23  0.258570
8 24  0.569063
8 25  0.566726
8 26  0.556661
8 27  0.516701
8 28  0.565865
8 29  0.563493
8 30  0.555391
9 10  0.594172
9 11  0.581500
9 12  0.600952
9 13  0.593396
9 14  0.596323
9 15  0.566549
9 16  0.564528
9 17  0.579249
9 18  0.588848
9 19  0.569824
9 20  0.580629
9 21  0.577285
9 22  0.567324
9 23  0.568402
9 24  0.575898
9 25  0.606474
9 26  0.597397
9 27  0.593305
9 28  0.368163
9 29  0.564445
9 30  0.595822
10 11  0.596094
10 12  0.580794
10 13  0.570808
10 14  0.572022
10 15  0.589082
10 16  0.564473
10 17  0.569312
10 18  0.579256
10 19  0.525581
10 20  0.567809
10 21  0.563395
10 22  0.553246
10 23  0.555985
10 24  0.597209
10 25  0.578769
10 26  0.565017
10 27  0.565719
10 28  0.593971
10 29  0.590228
10 30  0.347437
11 12  0.605467
11 13  0.595342
11 14  0.598271
11 15  0.577243
11 16  0.572937
11 17  0.562606
11 18  0.560855
11 19  0.571768
11 20  0.582581
11 21  0.579215
11 22  0.569160
11 23  0.570327
11 24  0.404903
11 25  0.606885
11 26  0.599281
11 27  0.595597
11 28  0.578184
11 29  0.570003
11 30  0.597789
12 13  0.579773
12 14  0.593227
12 15  0.588608
12 16  0.546770
12 17  0.579559
12 18  0.589636
12 19  0.567746
12 20  0.578458
12 21  0.574492
12 22  0.565076
12 23  0.564742
12 24  0.603354
12 25  0.361065
12 26  0.594547
12 27  0.574530
12 28  0.601790
12 29  0.589498
12 30  0.576939
13 14  0.582922
13 15  0.588805
13 16  0.560831
13 17  0.568786
13 18  0.578406
13 19  0.554469
13 20  0.567008
13 21  0.564072
13 22  0.517045
13 23  0.518013
13 24  0.596457
13 25  0.578562
13 26  0.584316
13 27  0.353684
13 28  0.592937
13 29  0.590849
13 30  0.566852
14 15  0.591926
14 16  0.567015
14 17  0.571672
14 18  0.581460
14 19  0.533028
14 20  0.530513
14 21  0.529606
14 22  0.556830
14 23  0.557883
14 24  0.599367
14 25  0.597657
14 26  0.360077
14 27  0.583586
14 28  0.596168
14 29  0.593379
14 30  0.565385
15 16  0.566713
15 17  0.573909
15 18  0.584464
15 19  0.565502
15 20  0.576277
15 21  0.572777
15 22  0.562508
15 23  0.564100
15 24  0.572765
15 25  0.591064
15 26  0.592675
15 27  0.589337
15 28  0.560025
15 29  0.371514
15 30  0.590120
16 17  0.551466
16 18  0.560702
16 19  0.540476
16 20  0.551318
16 21  0.547961
16 22  0.537760
16 23  0.538656
16 24  0.575709
16 25  0.552910
16 26  0.568048
16 27  0.562343
16 28  0.556582
16 29  0.570640
16 30  0.565519
17 18  0.521938
17 19  0.545232
17 20  0.556023
17 21  0.552673
17 22  0.542706
17 23  0.543934
17 24  0.568877
17 25  0.583580
17 26  0.572778
17 27  0.569189
17 28  0.571644
17 29  0.572015
17 30  0.571307
18 19  0.554984
18 20  0.565775
18 21  0.562425
18 22  0.552457
18 23  0.553684
18 24  0.572211
18 25  0.593685
18 26  0.582533
18 27  0.578935
18 28  0.583612
18 29  0.583726
18 30  0.581110
19 20  0.537674
19 21  0.535596
19 22  0.530155
19 23  0.531719
19 24  0.572967
19 25  0.570932
19 26  0.538596
19 27  0.554790
19 28  0.569684
19 29  0.567254
19 30  0.533547
20 21  0.504243
20 22  0.541468
20 23  0.542697
20 24  0.583754
20 25  0.583237
20 26  0.542681
20 27  0.567888
20 28  0.580474
20 29  0.578061
20 30  0.566768
21 22  0.538116
21 23  0.539354
21 24  0.580404
21 25  0.579670
21 26  0.538919
21 27  0.564580
21 28  0.577124
21 29  0.574698
21 30  0.562503
22 23  0.486882
22 24  0.570429
22 25  0.567151
22 26  0.558182
22 27  0.526916
22 28  0.567153
22 29  0.564661
22 30  0.552768
23 24  0.571650
23 25  0.566895
23 26  0.559398
23 27  0.527741
23 28  0.568370
23 29  0.565891
23 30  0.555029
24 25  0.610952
24 26  0.600508
24 27  0.596779
24 28  0.583971
24 29  0.581768
24 30  0.598922
25 26  0.598468
25 27  0.584341
25 28  0.605773
25 29  0.594787
25 30  0.586140
26 27  0.583984
26 28  0.597232
26 29  0.594736
26 30  0.575588
27 28  0.593556
27 29  0.590543
27 30  0.572871
28 29  0.565377
28 30  0.595700
29 30  0.592269
