  -1146.51123906
  -1146.87211420
0.00012446374100
2 2 2 2 2 2 2 2 2 2 2 2 2 2 2 0 0 0 0 0 0 0 0 0 0 0 0 0 0 0 
1  0.270298
2  0.278357
3  0.289863
4  0.264629
5  0.277349
6  0.274008
7  0.267256
8  0.269307
9  0.307565
10  0.299607
11  0.309011
12  0.311270
13  0.298053
14  0.296403
15  0.304325
16  0.278819
17  0.281427
18  0.291006
19  0.270215
20  0.279296
21  0.276216
22  0.270417
23  0.271827
24  0.310122
25  0.315506
26  0.297451
27  0.298409
28  0.307174
29  0.305748
30  0.301710
1 2  0.547657
1 3  0.558658
1 4  0.534824
1 5  0.547633
1 6  0.544278
1 7  0.537365
1 8  0.539063
1 9  0.559938
1 10  0.569033
1 11  0.574712
1 12  0.556042
1 13  0.566226
1 14  0.566640
1 15  0.570548
1 16  0.263928
1 17  0.551576
1 18  0.559960
1 19  0.540173
1 20  0.549567
1 21  0.546504
1 22  0.540370
1 23  0.540544
1 24  0.574072
1 25  0.558041
1 26  0.567715
1 27  0.565525
1 28  0.563890
1 29  0.571589
1 30  0.571628
2 3  0.524556
2 4  0.542980
2 5  0.555705
2 6  0.552363
2 7  0.545600
2 8  0.547651
2 9  0.575332
2 10  0.577910
2 11  0.573466
2 12  0.588651
2 13  0.576400
2 14  0.574752
2 15  0.575682
2 16  0.556987
2 17  0.272263
2 18  0.521792
2 19  0.548572
2 20  0.557638
2 21  0.554535
2 22  0.548748
2 23  0.550177
2 24  0.564174
2 25  0.593441
2 26  0.575751
2 27  0.576570
2 28  0.583331
2 29  0.580482
2 30  0.579683
3 4  0.554488
3 5  0.567211
3 6  0.563871
3 7  0.557107
3 8  0.559157
3 9  0.589607
3 10  0.589462
3 11  0.574982
3 12  0.600582
3 13  0.587896
3 14  0.586263
3 15  0.590051
3 16  0.567081
3 17  0.521631
3 18  0.281660
3 19  0.560071
3 20  0.569154
3 21  0.566071
3 22  0.560279
3 23  0.561619
3 24  0.568521
3 25  0.605143
3 26  0.587307
3 27  0.587998
3 28  0.594043
3 29  0.593008
3 30  0.591456
4 5  0.535827
4 6  0.534381
4 7  0.531409
4 8  0.533762
4 9  0.572182
4 10  0.538942
4 11  0.573638
4 12  0.574648
4 13  0.560388
4 14  0.540694
4 15  0.568928
4 16  0.543098
4 17  0.546056
4 18  0.555624
4 19  0.256710
4 20  0.540435
4 21  0.539794
4 22  0.533395
4 23  0.535938
4 24  0.574708
4 25  0.579813
4 26  0.535119
4 27  0.560688
4 28  0.571763
4 29  0.570350
4 30  0.534771
5 6  0.504808
5 7  0.544523
5 8  0.546582
5 9  0.584911
5 10  0.574266
5 11  0.586359
5 12  0.588547
5 13  0.575260
5 14  0.544437
5 15  0.581665
5 16  0.556143
5 17  0.558767
5 18  0.568350
5 19  0.543323
5 20  0.275335
5 21  0.501163
5 22  0.547504
5 23  0.549169
5 24  0.587470
5 25  0.592535
5 26  0.536914
5 27  0.574918
5 28  0.584517
5 29  0.583062
5 30  0.578273
6 7  0.541178
6 8  0.543245
6 9  0.581568
6 10  0.569275
6 11  0.583017
6 12  0.585011
6 13  0.571983
6 14  0.541423
6 15  0.578314
6 16  0.552797
6 17  0.555392
6 18  0.564999
6 19  0.542985
6 20  0.502191
6 21  0.274161
6 22  0.544401
6 23  0.545733
6 24  0.584103
6 25  0.588309
6 26  0.532924
6 27  0.571941
6 28  0.581176
6 29  0.579542
6 30  0.574334
7 8  0.493216
7 9  0.574791
7 10  0.563256
7 11  0.576254
7 12  0.576266
7 13  0.536831
7 14  0.563578
7 15  0.571437
7 16  0.545842
7 17  0.548649
7 18  0.558261
7 19  0.535904
7 20  0.546328
7 21  0.543469
7 22  0.266308
7 23  0.491151
7 24  0.577215
7 25  0.582242
7 26  0.564257
7 27  0.528030
7 28  0.574409
7 29  0.572662
7 30  0.567013
8 9  0.576822
8 10  0.566681
8 11  0.578295
8 12  0.576472
8 13  0.538144
8 14  0.565600
8 15  0.573527
8 16  0.546553
8 17  0.550733
8 18  0.560247
8 19  0.539190
8 20  0.548591
8 21  0.545444
8 22  0.491633
8 23  0.269182
8 24  0.579159
8 25  0.582544
8 26  0.566233
8 27  0.529997
8 28  0.576306
8 29  0.574933
8 30  0.570585
9 10  0.607060
9 11  0.589585
9 12  0.615045
9 13  0.605480
9 14  0.603958
9 15  0.576291
9 16  0.573334
9 17  0.586204
9 18  0.595710
9 19  0.577738
9 20  0.586850
9 21  0.583772
9 22  0.577979
9 23  0.579207
9 24  0.583967
9 25  0.620353
9 26  0.605014
9 27  0.605444
9 28  0.375808
9 29  0.573835
9 30  0.609054
10 11  0.608468
10 12  0.597442
10 13  0.586607
10 14  0.583504
10 15  0.602856
10 16  0.577912
10 17  0.580618
10 18  0.590438
10 19  0.537887
10 20  0.578218
10 21  0.574052
10 22  0.568053
10 23  0.570965
10 24  0.609554
10 25  0.595840
10 26  0.576773
10 27  0.581737
10 28  0.606611
10 29  0.603829
10 30  0.363428
11 12  0.619073
11 13  0.606928
11 14  0.605410
11 15  0.585889
11 16  0.581599
11 17  0.569284
11 18  0.567292
11 19  0.579200
11 20  0.588302
11 21  0.585197
11 22  0.579322
11 23  0.580620
11 24  0.412225
11 25  0.620179
11 26  0.606385
11 27  0.607253
11 28  0.585996
11 29  0.578500
11 30  0.610541
12 13  0.596918
12 14  0.606111
12 15  0.603304
12 16  0.561751
12 17  0.592225
12 18  0.602117
12 19  0.581145
12 20  0.590172
12 21  0.586367
12 22  0.581133
12 23  0.580958
12 24  0.616934
12 25  0.378668
12 26  0.607577
12 27  0.591967
12 28  0.615768
12 29  0.604358
12 30  0.593882
13 14  0.593871
13 15  0.601920
13 16  0.573450
13 17  0.579328
13 18  0.588763
13 19  0.565765
13 20  0.576640
13 21  0.573966
13 22  0.530083
13 23  0.531309
13 24  0.608006
13 25  0.595705
13 26  0.595333
13 27  0.367768
13 28  0.604821
13 29  0.603676
13 30  0.583136
14 15  0.600655
14 16  0.575205
14 17  0.577757
14 18  0.587396
14 19  0.539879
14 20  0.535688
14 21  0.535042
14 22  0.566434
14 23  0.567633
14 24  0.606422
14 25  0.610545
14 26  0.366598
14 27  0.594684
14 28  0.603576
14 29  0.601758
14 30  0.577621
15 16  0.577037
15 17  0.582018
15 18  0.592426
15 19  0.574518
15 20  0.583569
15 21  0.580304
15 22  0.574209
15 23  0.576037
15 24  0.581602
15 25  0.605899
15 26  0.601360
15 27  0.602556
15 28  0.569513
15 29  0.381348
15 30  0.604319
16 17  0.559031
16 18  0.568064
16 19  0.548961
16 20  0.558094
16 21  0.555003
16 22  0.548940
16 23  0.549982
16 24  0.584141
16 25  0.567117
16 26  0.576211
16 27  0.574933
16 28  0.564672
16 29  0.580592
16 30  0.579192
17 18  0.527648
17 19  0.551634
17 20  0.560721
17 21  0.557640
17 22  0.551833
17 23  0.553245
17 24  0.575318
17 25  0.595804
17 26  0.578867
17 27  0.579824
17 28  0.578016
17 29  0.579536
17 30  0.583049
18 19  0.561216
18 20  0.570301
18 21  0.567221
18 22  0.561414
18 23  0.562824
18 24  0.578254
18 25  0.605779
18 26  0.588453
18 27  0.589399
18 28  0.590025
18 29  0.591137
18 30  0.592697
19 20  0.542920
19 21  0.541149
19 22  0.539996
19 23  0.541766
19 24  0.580336
19 25  0.583839
19 26  0.545346
19 27  0.565983
19 28  0.577381
19 29  0.575921
19 30  0.546066
20 21  0.508543
20 22  0.549658
20 23  0.551078
20 24  0.589416
20 25  0.594647
20 26  0.547891
20 27  0.577575
20 28  0.586466
20 29  0.585024
20 30  0.577366
21 22  0.546569
21 23  0.547998
21 24  0.586336
21 25  0.591289
21 26  0.544219
21 27  0.574546
21 28  0.583385
21 29  0.581928
21 30  0.573268
22 23  0.498743
22 24  0.580522
22 25  0.582828
22 26  0.567762
22 27  0.540254
22 28  0.577579
22 29  0.576057
22 30  0.567783
23 24  0.581931
23 25  0.582594
23 26  0.569147
23 27  0.541228
23 28  0.578971
23 29  0.577461
23 30  0.570316
24 25  0.624192
24 26  0.607565
24 27  0.608350
24 28  0.591725
24 29  0.590177
24 30  0.611593
25 26  0.610948
25 27  0.601444
25 28  0.619353
25 29  0.608760
25 30  0.602858
26 27  0.594960
26 28  0.604618
26 29  0.603088
26 30  0.587505
27 28  0.605465
27 29  0.603348
27 30  0.588966
28 29  0.574646
28 30  0.608728
29 30  0.606007
