  -1146.51123906
  -1146.87301553
0.00005188715870
2 2 2 2 2 2 2 2 2 2 2 2 2 2 2 0 0 0 0 0 0 0 0 0 0 0 0 0 0 0 
1  0.272204
2  0.279172
3  0.290669
4  0.266388
5  0.278050
6  0.274816
7  0.270216
8  0.272206
9  0.308873
10  0.303421
11  0.310199
12  0.315604
13  0.301328
14  0.297939
15  0.306142
16  0.280804
17  0.282263
18  0.291811
19  0.272172
20  0.280026
21  0.277076
22  0.273531
23  0.274705
24  0.311325
25  0.319615
26  0.299017
27  0.301496
28  0.308405
29  0.307515
30  0.305550
1 2  0.550337
1 3  0.561307
1 4  0.538468
1 5  0.550241
1 6  0.546989
1 7  0.542204
1 8  0.543818
1 9  0.562821
1 10  0.574690
1 11  0.577742
1 12  0.562203
1 13  0.571336
1 14  0.570077
1 15  0.574274
1 16  0.267613
1 17  0.554313
1 18  0.562647
1 19  0.543978
1 20  0.552210
1 21  0.549271
1 22  0.545368
1 23  0.545262
1 24  0.577186
1 25  0.564142
1 26  0.571178
1 27  0.570559
1 28  0.566956
1 29  0.575268
1 30  0.577343
2 3  0.526255
2 4  0.545550
2 5  0.557220
2 6  0.553985
2 7  0.549371
2 8  0.551360
2 9  0.577325
2 10  0.582526
2 11  0.575463
2 12  0.593732
2 13  0.580488
2 14  0.577101
2 15  0.578215
2 16  0.559778
2 17  0.273903
2 18  0.523526
2 19  0.551343
2 20  0.559181
2 21  0.556198
2 22  0.552673
2 23  0.553868
2 24  0.566216
2 25  0.598343
2 26  0.578113
2 27  0.580455
2 28  0.585343
2 29  0.583066
2 30  0.584269
3 4  0.557052
3 5  0.568719
3 6  0.565484
3 7  0.560869
3 8  0.562857
3 9  0.591699
3 10  0.594081
3 11  0.576898
3 12  0.605664
3 13  0.591973
3 14  0.588605
3 15  0.592602
3 16  0.569826
3 17  0.523399
3 18  0.283305
3 19  0.562834
3 20  0.570691
3 21  0.567736
3 22  0.564199
3 23  0.565288
3 24  0.570532
3 25  0.610045
3 26  0.589678
3 27  0.591844
3 28  0.596079
3 29  0.595551
3 30  0.596096
4 5  0.538257
4 6  0.536902
4 7  0.536101
4 8  0.538398
4 9  0.575245
4 10  0.544477
4 11  0.576585
4 12  0.580577
4 13  0.565224
4 14  0.543972
4 15  0.572496
4 16  0.546795
4 17  0.548650
4 18  0.558187
4 19  0.260281
4 20  0.542935
4 21  0.542398
4 22  0.538267
4 23  0.540562
4 24  0.577664
4 25  0.585646
4 26  0.538504
4 27  0.565500
4 28  0.574733
4 29  0.573870
4 30  0.540435
5 6  0.506436
5 7  0.548173
5 8  0.550162
5 9  0.586920
5 10  0.578712
5 11  0.588248
5 12  0.593576
5 13  0.579219
5 14  0.546773
5 15  0.584177
5 16  0.558836
5 17  0.560303
5 18  0.569856
5 19  0.545990
5 20  0.276805
5 21  0.502848
5 22  0.551303
5 23  0.552745
5 24  0.589374
5 25  0.597331
5 26  0.539249
5 27  0.578657
5 28  0.586447
5 29  0.585539
5 30  0.582798
6 7  0.544934
6 8  0.546945
6 9  0.583683
6 10  0.573799
6 11  0.585013
6 12  0.590103
6 13  0.576062
6 14  0.543788
6 15  0.580929
6 16  0.555595
6 17  0.557025
6 18  0.566609
6 19  0.545728
6 20  0.503859
6 21  0.275834
6 22  0.548322
6 23  0.549417
6 24  0.586111
6 25  0.593161
6 26  0.535347
6 27  0.575827
6 28  0.583211
6 29  0.582107
6 30  0.578975
7 8  0.498335
7 9  0.579054
7 10  0.569904
7 11  0.580398
7 12  0.583424
7 13  0.542683
7 14  0.568068
7 15  0.576193
7 16  0.550768
7 17  0.552435
7 18  0.562023
7 19  0.540824
7 20  0.550005
7 21  0.547288
7 22  0.271924
7 23  0.496441
7 24  0.581379
7 25  0.589266
7 26  0.568776
7 27  0.533720
7 28  0.578594
7 29  0.577361
7 30  0.573783
8 9  0.581021
8 10  0.573293
8 11  0.582380
8 12  0.583544
8 13  0.544216
8 14  0.570021
8 15  0.578230
8 16  0.551387
8 17  0.554468
8 18  0.563929
8 19  0.544028
8 20  0.552217
8 21  0.549195
8 22  0.496951
8 23  0.274070
8 24  0.583238
8 25  0.589532
8 26  0.570676
8 27  0.535822
8 28  0.580429
8 29  0.579596
8 30  0.577287
9 10  0.612172
9 11  0.592096
9 12  0.620671
9 13  0.610053
9 14  0.606801
9 15  0.579473
9 16  0.576505
9 17  0.588301
9 18  0.597821
9 19  0.580989
9 20  0.588888
9 21  0.585938
9 22  0.582400
9 23  0.583376
9 24  0.586479
9 25  0.625756
9 26  0.607889
9 27  0.609853
9 28  0.378185
9 29  0.577000
9 30  0.614179
10 11  0.613439
10 12  0.604647
10 13  0.593382
10 14  0.588722
10 15  0.608344
10 16  0.583669
10 17  0.585203
10 18  0.595037
10 19  0.543709
10 20  0.582745
10 21  0.578713
10 22  0.574957
10 23  0.577618
10 24  0.614567
10 25  0.603217
10 26  0.582143
10 27  0.588510
10 28  0.611643
10 29  0.609396
10 30  0.370988
11 12  0.624567
11 13  0.611376
11 14  0.608134
11 15  0.588726
11 16  0.584798
11 17  0.571321
11 18  0.569294
11 19  0.582340
11 20  0.590219
11 21  0.587239
11 22  0.583611
11 23  0.584669
11 24  0.414727
11 25  0.625457
11 26  0.609126
11 27  0.611521
11 28  0.588396
11 29  0.581347
11 30  0.615571
12 13  0.604388
12 14  0.611729
12 15  0.609246
12 16  0.568126
12 17  0.597380
12 18  0.607245
12 19  0.587368
12 20  0.595218
12 21  0.591494
12 22  0.588531
12 23  0.588116
12 24  0.622457
12 25  0.386831
12 26  0.613482
12 27  0.599328
12 28  0.621327
12 29  0.610397
12 30  0.601548
13 14  0.598609
13 15  0.606979
13 16  0.578765
13 17  0.583428
13 18  0.592794
13 19  0.570922
13 20  0.580597
13 21  0.578094
13 22  0.535968
13 23  0.537171
13 24  0.612483
13 25  0.603043
13 26  0.600148
13 27  0.374273
13 28  0.609342
13 29  0.608702
13 30  0.590106
14 15  0.603993
14 16  0.578722
14 17  0.580109
14 18  0.589734
14 19  0.543458
14 20  0.538025
14 21  0.537482
14 22  0.571078
14 23  0.572033
14 24  0.609147
14 25  0.616165
14 26  0.369861
14 27  0.599290
14 28  0.606343
14 29  0.605003
14 30  0.582970
15 16  0.580849
15 17  0.584657
15 18  0.595016
15 19  0.578284
15 20  0.586115
15 21  0.582958
15 22  0.579118
15 23  0.580725
15 24  0.584533
15 25  0.611823
15 26  0.604709
15 27  0.607441
15 28  0.572620
15 29  0.384897
15 30  0.609978
16 17  0.561813
16 18  0.570780
16 19  0.552892
16 20  0.560809
16 21  0.557843
16 22  0.553997
16 23  0.554796
16 24  0.587279
16 25  0.573109
16 26  0.579754
16 27  0.579947
16 28  0.567588
16 29  0.584354
16 30  0.584915
17 18  0.529379
17 19  0.554423
17 20  0.562285
17 21  0.559333
17 22  0.555780
17 23  0.556953
17 24  0.577337
17 25  0.600671
17 26  0.581265
17 27  0.583744
17 28  0.579964
17 29  0.582047
17 30  0.587712
18 19  0.563976
18 20  0.571835
18 21  0.568884
18 22  0.565329
18 23  0.566501
18 24  0.580196
18 25  0.610641
18 26  0.590822
18 27  0.593288
18 28  0.592028
18 29  0.593621
18 30  0.597341
19 20  0.545581
19 21  0.543932
19 22  0.545028
19 23  0.546582
19 24  0.583493
19 25  0.589671
19 26  0.548852
19 27  0.570806
19 28  0.580564
19 29  0.579634
19 30  0.551774
20 21  0.510249
20 22  0.553498
20 23  0.554678
20 24  0.591348
20 25  0.599471
20 26  0.550280
20 27  0.581379
20 28  0.588425
20 29  0.587512
20 30  0.581846
21 22  0.550533
21 23  0.551730
21 24  0.588396
21 25  0.596202
21 26  0.546637
21 27  0.578490
21 28  0.585473
21 29  0.584543
21 30  0.577871
22 23  0.504040
22 24  0.584836
22 25  0.589893
22 26  0.572435
22 27  0.546068
22 28  0.581921
22 29  0.580930
22 30  0.574608
23 24  0.586012
23 25  0.589412
23 26  0.573574
23 27  0.547056
23 28  0.583074
23 29  0.582093
23 30  0.576941
24 25  0.629457
24 26  0.610332
24 27  0.612622
24 28  0.594160
24 29  0.593025
24 30  0.616594
25 26  0.616371
25 27  0.608558
25 28  0.624675
25 29  0.614416
25 30  0.609924
26 27  0.599524
26 28  0.607412
26 29  0.606401
26 30  0.592794
27 28  0.609777
27 29  0.608161
27 30  0.595616
28 29  0.577749
28 30  0.613785
29 30  0.611464
