  -1146.51123906
  -1146.87339036
0.00000075454195
2 2 2 2 2 2 2 2 2 2 2 2 2 2 2 0 0 0 0 0 0 0 0 0 0 0 0 0 0 0 
1  0.273170
2  0.279495
3  0.290980
4  0.267376
5  0.278403
6  0.275265
7  0.271850
8  0.273863
9  0.309425
10  0.305286
11  0.310673
12  0.317580
13  0.303107
14  0.298741
15  0.306958
16  0.281853
17  0.282610
18  0.292140
19  0.273205
20  0.280391
21  0.277541
22  0.275193
23  0.276344
24  0.311810
25  0.321540
26  0.299806
27  0.303260
28  0.308933
29  0.308336
30  0.307348
1 2  0.551609
1 3  0.562570
1 4  0.540407
1 5  0.551559
1 6  0.548402
1 7  0.544784
1 8  0.546416
1 9  0.564217
1 10  0.577463
1 11  0.579165
1 12  0.565092
1 13  0.574039
1 14  0.571842
1 15  0.576062
1 16  0.269607
1 17  0.555624
1 18  0.563943
1 19  0.545875
1 20  0.553540
1 21  0.550701
1 22  0.547988
1 23  0.547849
1 24  0.578649
1 25  0.567078
1 26  0.572926
1 27  0.573306
1 28  0.568432
1 29  0.577062
1 30  0.580085
2 3  0.526927
2 4  0.546859
2 5  0.557895
2 6  0.554755
2 7  0.551325
2 8  0.553336
2 9  0.578170
2 10  0.584710
2 11  0.576265
2 12  0.596003
2 13  0.582589
2 14  0.578223
2 15  0.579326
2 16  0.561148
2 17  0.274591
2 18  0.524231
2 19  0.552699
2 20  0.559861
2 21  0.556961
2 22  0.554658
2 23  0.555831
2 24  0.567043
2 25  0.600587
2 26  0.579223
2 27  0.582537
2 28  0.586183
2 29  0.584212
2 30  0.586369
3 4  0.558351
3 5  0.569382
3 6  0.566243
3 7  0.562809
3 8  0.564821
3 9  0.592549
3 10  0.596256
3 11  0.577665
3 12  0.607932
3 13  0.594061
3 14  0.589716
3 15  0.593711
3 16  0.571187
3 17  0.524111
3 18  0.283970
3 19  0.564177
3 20  0.571361
3 21  0.568506
3 22  0.566171
3 23  0.567229
3 24  0.571344
3 25  0.612278
3 26  0.590780
3 27  0.593898
3 28  0.596918
3 29  0.596676
3 30  0.598202
4 5  0.539591
4 6  0.538330
4 7  0.538705
4 8  0.541028
4 9  0.576782
4 10  0.547288
4 11  0.578046
4 12  0.583412
4 13  0.567893
4 14  0.545778
4 15  0.574295
4 16  0.548720
4 17  0.549985
4 18  0.559503
4 19  0.262313
4 20  0.544294
4 21  0.543848
4 22  0.540921
4 23  0.543187
4 24  0.579130
4 25  0.588520
4 26  0.540349
4 27  0.568246
4 28  0.576217
4 29  0.575677
4 30  0.543265
5 6  0.507301
5 7  0.550152
5 8  0.552156
5 9  0.587824
5 10  0.580903
5 11  0.589074
5 12  0.595900
5 13  0.581345
5 14  0.548003
5 15  0.585341
5 16  0.560235
5 17  0.560995
5 18  0.570531
5 19  0.547383
5 20  0.277563
5 21  0.503744
5 22  0.553314
5 23  0.554735
5 24  0.590213
5 25  0.599603
5 26  0.540451
5 27  0.580757
5 28  0.587328
5 29  0.586712
5 30  0.584945
6 7  0.547010
6 8  0.549042
6 9  0.584682
6 10  0.576066
6 11  0.585934
6 12  0.592513
6 13  0.578288
6 14  0.545066
6 15  0.582186
6 16  0.557086
6 17  0.557791
6 18  0.567374
6 19  0.547206
6 20  0.504749
6 21  0.276782
6 22  0.550431
6 23  0.551503
6 24  0.587043
6 25  0.595519
6 26  0.536631
6 27  0.578041
6 28  0.584182
6 29  0.583359
6 30  0.581216
7 8  0.501379
7 9  0.581236
7 10  0.573342
7 11  0.582501
7 12  0.586955
7 13  0.545854
7 14  0.570500
7 15  0.578633
7 16  0.553441
7 17  0.554412
7 18  0.563986
7 19  0.543501
7 20  0.552005
7 21  0.549386
7 22  0.274807
7 23  0.499512
7 24  0.583499
7 25  0.592794
7 26  0.571202
7 27  0.536818
7 28  0.580756
7 29  0.579793
7 30  0.577197
8 9  0.583224
8 10  0.576766
8 11  0.584508
8 12  0.587103
8 13  0.547535
8 14  0.572470
8 15  0.580697
8 16  0.554083
8 17  0.556472
8 18  0.565907
8 19  0.546712
8 20  0.554239
8 21  0.551318
8 22  0.499967
8 23  0.276594
8 24  0.585376
8 25  0.593093
8 26  0.573109
8 27  0.539117
8 28  0.582611
8 29  0.582076
8 30  0.580716
9 10  0.614576
9 11  0.593141
9 12  0.623178
9 13  0.612379
9 14  0.608152
9 15  0.580886
9 16  0.578074
9 17  0.589189
9 18  0.598698
9 19  0.582548
9 20  0.589805
9 21  0.586951
9 22  0.584613
9 23  0.585563
9 24  0.587538
9 25  0.628224
9 26  0.609229
9 27  0.612182
9 28  0.379238
9 29  0.578423
9 30  0.616517
10 11  0.615764
10 12  0.608076
10 13  0.596860
10 14  0.591306
10 15  0.610961
10 16  0.586560
10 17  0.587395
10 18  0.597225
10 19  0.546624
10 20  0.584968
10 21  0.581038
10 22  0.578462
10 23  0.581094
10 24  0.616920
10 25  0.606734
10 26  0.584786
10 27  0.592036
10 28  0.614030
10 29  0.612106
10 30  0.374702
11 12  0.627000
11 13  0.613623
11 14  0.609408
11 15  0.589980
11 16  0.586333
11 17  0.572152
11 18  0.570111
11 19  0.583844
11 20  0.591059
11 21  0.588174
11 22  0.585740
11 23  0.586772
11 24  0.415773
11 25  0.627864
11 26  0.610378
11 27  0.613757
11 28  0.589413
11 29  0.582639
11 30  0.617843
12 13  0.608079
12 14  0.614387
12 15  0.611938
12 16  0.571173
12 17  0.599701
12 18  0.609547
12 19  0.590334
12 20  0.597554
12 21  0.593929
12 22  0.592139
12 23  0.591705
12 24  0.624925
12 25  0.390728
12 26  0.616255
12 27  0.603050
12 28  0.623825
12 29  0.613165
12 30  0.605062
13 14  0.601147
13 15  0.609557
13 16  0.581616
13 17  0.585551
13 18  0.594886
13 19  0.573728
13 20  0.582726
13 21  0.580335
13 22  0.539127
13 23  0.540383
13 24  0.614749
13 25  0.606729
13 26  0.602706
13 27  0.377735
13 28  0.611658
13 29  0.611290
13 30  0.593589
14 15  0.605603
14 16  0.580566
14 17  0.581250
14 18  0.590867
14 19  0.545357
14 20  0.539246
14 21  0.538788
14 22  0.573544
14 23  0.574468
14 24  0.610425
14 25  0.618905
14 26  0.371597
14 27  0.601843
14 28  0.607673
14 29  0.606595
14 30  0.585568
15 16  0.582726
15 17  0.585821
15 18  0.596154
15 19  0.580132
15 20  0.587293
15 21  0.584211
15 22  0.581582
15 23  0.583183
15 24  0.585819
15 25  0.614560
15 26  0.606299
15 27  0.610012
15 28  0.574013
15 29  0.386587
15 30  0.612616
16 17  0.563196
16 18  0.572136
16 19  0.554967
16 20  0.562223
16 21  0.559356
16 22  0.556679
16 23  0.557454
16 24  0.588794
16 25  0.576023
16 26  0.581588
16 27  0.582720
16 28  0.569065
16 29  0.586229
16 30  0.587671
17 18  0.530096
17 19  0.555801
17 20  0.562995
17 21  0.560142
17 22  0.557786
17 23  0.558936
17 24  0.578171
17 25  0.602915
17 26  0.582398
17 27  0.585853
17 28  0.580804
17 29  0.583189
17 30  0.589852
18 19  0.565339
18 20  0.572529
18 21  0.569677
18 22  0.567317
18 23  0.568465
18 24  0.581001
18 25  0.612877
18 26  0.591938
18 27  0.595380
18 28  0.592873
18 29  0.594746
18 30  0.599467
19 20  0.546974
19 21  0.545431
19 22  0.547698
19 23  0.549233
19 24  0.585011
19 25  0.592477
19 26  0.550694
19 27  0.573511
19 28  0.582123
19 29  0.581477
19 30  0.554558
20 21  0.511145
20 22  0.555521
20 23  0.556679
20 24  0.592197
20 25  0.601755
20 26  0.551514
20 27  0.583501
20 28  0.589318
20 29  0.588690
20 30  0.583977
21 22  0.552653
21 23  0.553832
21 24  0.589345
21 25  0.598572
21 26  0.547911
21 27  0.580717
21 28  0.586464
21 29  0.585820
21 30  0.580084
22 23  0.507144
22 24  0.586982
22 25  0.593398
22 26  0.574881
22 27  0.549235
22 28  0.584110
22 29  0.583406
22 30  0.578000
23 24  0.588136
23 25  0.592894
23 26  0.575992
23 27  0.550322
23 28  0.585240
23 29  0.584545
23 30  0.580324
24 25  0.631847
24 26  0.611606
24 27  0.614863
24 28  0.595187
24 29  0.594308
24 30  0.618858
25 26  0.618967
25 27  0.612191
25 28  0.627113
25 29  0.617058
25 30  0.613269
26 27  0.602019
26 28  0.608727
26 29  0.608004
26 30  0.595309
27 28  0.612065
27 29  0.610723
27 30  0.599021
28 29  0.579156
28 30  0.616096
29 30  0.614010
