   -841.26731941
   -841.52928481
0.00016745471400
2 2 2 2 2 2 2 2 2 2 2 0 0 0 0 0 0 0 0 0 0 0 
1  0.282350
2  0.277455
3  0.297842
4  0.278669
5  0.289164
6  0.274769
7  0.293328
8  0.304909
9  0.296104
10  0.254662
11  0.263190
12  0.260552
13  0.269419
14  0.294469
15  0.276636
16  0.306345
17  0.299245
18  0.283879
19  0.279948
20  0.290964
21  0.298134
22  0.281595
1 2  0.559801
1 3  0.579575
1 4  0.561017
1 5  0.571345
1 6  0.508605
1 7  0.575310
1 8  0.587256
1 9  0.542399
1 10  0.537004
1 11  0.540297
1 12  0.537475
1 13  0.551433
1 14  0.576343
1 15  0.558979
1 16  0.549020
1 17  0.581056
1 18  0.566186
1 19  0.296253
1 20  0.572965
1 21  0.580392
1 22  0.504925
2 3  0.574978
2 4  0.507797
2 5  0.565016
2 6  0.552220
2 7  0.570711
2 8  0.549610
2 9  0.573547
2 10  0.527490
2 11  0.540629
2 12  0.537826
2 13  0.543817
2 14  0.571337
2 15  0.505536
2 16  0.583676
2 17  0.576333
2 18  0.288484
2 19  0.557398
2 20  0.568213
2 21  0.530100
2 22  0.559026
3 4  0.576276
3 5  0.557105
3 6  0.571091
3 7  0.557118
3 8  0.601901
3 9  0.591058
3 10  0.547486
3 11  0.542215
3 12  0.533161
3 13  0.561202
3 14  0.506389
3 15  0.574453
3 16  0.596959
3 17  0.560260
3 18  0.581281
3 19  0.577509
3 20  0.523937
3 21  0.594002
3 22  0.578769
4 5  0.565574
4 6  0.553432
4 7  0.571811
4 8  0.548256
4 9  0.574746
4 10  0.530831
4 11  0.541839
4 12  0.539010
4 13  0.547465
4 14  0.571794
4 15  0.288013
4 16  0.584732
4 17  0.577403
4 18  0.503848
4 19  0.558594
4 20  0.568822
4 21  0.538264
4 22  0.560188
5 6  0.563335
5 7  0.550827
5 8  0.586683
5 9  0.582925
5 10  0.537099
5 11  0.550241
5 12  0.547320
5 13  0.548534
5 14  0.497818
5 15  0.564788
5 16  0.592821
5 17  0.521299
5 18  0.572802
5 19  0.568875
5 20  0.546948
5 21  0.572882
5 22  0.569897
6 7  0.567464
6 8  0.579636
6 9  0.539494
6 10  0.529423
6 11  0.534236
6 12  0.533516
6 13  0.544047
6 14  0.568587
6 15  0.551404
6 16  0.535176
6 17  0.573946
6 18  0.558631
6 19  0.506783
6 20  0.564932
6 21  0.572755
6 22  0.291863
7 8  0.595516
7 9  0.583881
7 10  0.538146
7 11  0.552381
7 12  0.553205
7 13  0.556202
7 14  0.545749
7 15  0.569294
7 16  0.597592
7 17  0.508096
7 18  0.576651
7 19  0.572658
7 20  0.496793
7 21  0.591136
7 22  0.573579
8 9  0.600831
8 10  0.541140
8 11  0.567934
8 12  0.565418
8 13  0.546446
8 14  0.597048
8 15  0.535954
8 16  0.610769
8 17  0.597240
8 18  0.547679
8 19  0.584741
8 20  0.592868
8 21  0.384842
8 22  0.586239
9 10  0.550533
9 11  0.542814
9 12  0.538939
9 13  0.565102
9 14  0.590343
9 15  0.572652
9 16  0.388706
9 17  0.593489
9 18  0.579956
9 19  0.529658
9 20  0.572389
9 21  0.594181
9 22  0.539223
10 11  0.517178
10 12  0.514468
10 13  0.244239
10 14  0.548567
10 15  0.529810
10 16  0.560983
10 17  0.528354
10 18  0.533315
10 19  0.534501
10 20  0.543271
10 21  0.534604
10 22  0.536135
11 12  0.244210
11 13  0.529169
11 14  0.551521
11 15  0.539770
11 16  0.541211
11 17  0.555983
11 18  0.546881
11 19  0.540342
11 20  0.544468
11 21  0.560830
11 22  0.544242
12 13  0.529035
12 14  0.543326
12 15  0.537174
12 16  0.546786
12 17  0.554281
12 18  0.544425
12 19  0.535758
12 20  0.543919
12 21  0.558311
12 22  0.538537
13 14  0.559681
13 15  0.541115
13 16  0.575524
13 17  0.548592
13 18  0.547730
13 19  0.549353
13 20  0.557771
13 21  0.548743
13 22  0.550989
14 15  0.570293
14 16  0.597911
14 17  0.559187
14 18  0.577951
14 19  0.574340
14 20  0.553299
14 21  0.586186
14 22  0.575841
15 16  0.582926
15 17  0.574128
15 18  0.511445
15 19  0.556579
15 20  0.566905
15 21  0.543106
15 22  0.558222
16 17  0.604574
16 18  0.590214
16 19  0.553638
16 20  0.589553
16 21  0.604221
16 22  0.552838
17 18  0.582412
17 19  0.578920
17 20  0.561860
17 21  0.594625
17 22  0.580640
18 19  0.563823
18 20  0.574620
18 21  0.546682
18 22  0.565471
19 20  0.568458
19 21  0.578064
19 22  0.512452
20 21  0.586397
20 22  0.569784
21 22  0.579688
