   -841.26731941
   -841.53218228
0.00005216426920
2 2 2 2 2 2 2 2 2 2 2 0 0 0 0 0 0 0 0 0 0 0 
1  0.286136
2  0.281359
3  0.308620
4  0.283315
5  0.301393
6  0.278314
7  0.303744
8  0.312732
9  0.302511
10  0.263136
11  0.272343
12  0.269543
13  0.278975
14  0.304654
15  0.280341
16  0.313860
17  0.309528
18  0.287849
19  0.283773
20  0.302751
21  0.304759
22  0.286388
1 2  0.567489
1 3  0.594133
1 4  0.569446
1 5  0.587300
1 6  0.516334
1 7  0.589440
1 8  0.598860
1 9  0.552278
1 10  0.549256
1 11  0.552659
1 12  0.550081
1 13  0.564697
1 14  0.590282
1 15  0.566470
1 16  0.560388
1 17  0.595138
1 18  0.573939
1 19  0.303595
1 20  0.588503
1 21  0.590749
1 22  0.513895
2 3  0.589596
2 4  0.516545
2 5  0.580676
2 6  0.559666
2 7  0.585000
2 8  0.561434
2 9  0.583855
2 10  0.539583
2 11  0.553678
2 12  0.550606
2 13  0.557192
2 14  0.585247
2 15  0.513502
2 16  0.595011
2 17  0.590509
2 18  0.296028
2 19  0.565128
2 20  0.583892
2 21  0.540285
2 22  0.567693
3 4  0.591621
3 5  0.578619
3 6  0.585194
3 7  0.578734
3 8  0.620345
3 9  0.607996
3 10  0.566114
3 11  0.560124
3 12  0.552258
3 13  0.581039
3 14  0.524973
3 15  0.588920
3 16  0.614847
3 17  0.581330
3 18  0.596067
3 19  0.592066
3 20  0.546478
3 21  0.611312
3 22  0.594288
4 5  0.582123
4 6  0.561614
4 7  0.586851
4 8  0.560347
4 9  0.585785
4 10  0.543602
4 11  0.555630
4 12  0.552590
4 13  0.561518
4 14  0.586515
4 15  0.296193
4 16  0.596703
4 17  0.592299
4 18  0.512783
4 19  0.567043
4 20  0.585023
4 21  0.549442
4 22  0.569506
5 6  0.578944
5 7  0.572932
5 8  0.605518
5 9  0.601306
5 10  0.557461
5 11  0.571324
5 12  0.568124
5 13  0.570044
5 14  0.518453
5 15  0.580729
5 16  0.612354
5 17  0.543722
5 18  0.588938
5 19  0.584900
5 20  0.569798
5 21  0.591608
5 22  0.586717
6 7  0.581282
6 8  0.590981
6 9  0.549413
6 10  0.541441
6 11  0.546331
6 12  0.545917
6 13  0.557063
6 14  0.582361
6 15  0.558639
6 16  0.546216
6 17  0.587792
6 18  0.566159
6 19  0.514601
6 20  0.580258
6 21  0.582808
6 22  0.300125
7 8  0.613509
7 9  0.599690
7 10  0.555453
7 11  0.571577
7 12  0.572423
7 13  0.575713
7 14  0.566597
7 15  0.583529
7 16  0.615360
7 17  0.526586
7 18  0.591072
7 19  0.586661
7 20  0.517268
7 21  0.608107
7 22  0.588658
8 9  0.614987
8 10  0.556575
8 11  0.584862
8 12  0.582240
8 13  0.563522
8 14  0.614892
8 15  0.547290
8 16  0.626071
8 17  0.614963
8 18  0.559354
8 19  0.596325
8 20  0.612199
8 21  0.399457
8 22  0.598693
9 10  0.565329
9 11  0.557926
9 12  0.554125
9 13  0.581030
9 14  0.606915
9 15  0.582654
9 16  0.402959
9 17  0.610173
9 18  0.590241
9 19  0.539646
9 20  0.590144
9 21  0.607255
9 22  0.550291
10 11  0.534553
10 12  0.531890
10 13  0.259849
10 14  0.567057
10 15  0.541890
10 16  0.576966
10 17  0.546657
10 18  0.545653
10 19  0.546732
10 20  0.563203
10 21  0.549574
10 22  0.549375
11 12  0.260320
11 13  0.548443
11 14  0.570579
11 15  0.552571
11 16  0.557492
11 17  0.574882
11 18  0.559910
11 19  0.553218
11 20  0.565261
11 21  0.576565
11 22  0.558039
12 13  0.547343
12 14  0.560833
12 15  0.549877
12 16  0.562387
12 17  0.572775
12 18  0.557378
12 19  0.548182
12 20  0.564388
12 21  0.573799
12 22  0.552055
13 14  0.579006
13 15  0.553842
13 16  0.592551
13 17  0.566489
13 18  0.560750
13 19  0.562722
13 20  0.578684
13 21  0.564279
13 22  0.565324
14 15  0.583952
14 16  0.615380
14 17  0.580103
14 18  0.592000
14 19  0.588331
14 20  0.574932
14 21  0.601922
14 22  0.590787
15 16  0.594126
15 17  0.587955
15 18  0.519427
15 19  0.564106
15 20  0.582250
15 21  0.553362
15 22  0.566711
16 17  0.622197
16 18  0.601695
16 19  0.565225
16 20  0.607808
16 21  0.618272
16 22  0.564690
17 18  0.596632
17 19  0.592974
17 20  0.582781
17 21  0.611266
17 22  0.595601
18 19  0.571616
18 20  0.590306
18 21  0.556995
18 22  0.574231
19 20  0.583476
19 21  0.588511
19 22  0.521319
20 21  0.604511
20 22  0.586008
21 22  0.591098
