   -841.26731941
   -841.53317055
0.00001609699750
2 2 2 2 2 2 2 2 2 2 2 0 0 0 0 0 0 0 0 0 0 0 
1  0.287909
2  0.283031
3  0.312604
4  0.285376
5  0.305843
6  0.280165
7  0.307787
8  0.315673
9  0.305321
10  0.266285
11  0.275462
12  0.272783
13  0.282352
14  0.308700
15  0.282221
16  0.316806
17  0.313416
18  0.289603
19  0.285490
20  0.307123
21  0.307442
22  0.288464
1 2  0.570931
1 3  0.599834
1 4  0.573275
1 5  0.593472
1 6  0.520188
1 7  0.595206
1 8  0.603571
1 9  0.556809
1 10  0.554169
1 11  0.557324
1 12  0.554993
1 13  0.569737
1 14  0.596078
1 15  0.570128
1 16  0.565121
1 17  0.600786
1 18  0.577468
1 19  0.306965
1 20  0.594605
1 21  0.595158
1 22  0.517997
2 3  0.595192
2 4  0.520432
2 5  0.586587
2 6  0.563181
2 7  0.590694
2 8  0.566140
2 9  0.588331
2 10  0.544225
2 11  0.558456
2 12  0.555403
2 13  0.562194
2 14  0.590880
2 15  0.517263
2 16  0.599589
2 17  0.596046
2 18  0.299369
2 19  0.568520
2 20  0.589924
2 21  0.544651
2 22  0.571452
3 4  0.597613
3 5  0.586676
3 6  0.590889
3 7  0.586875
3 8  0.627174
3 9  0.614677
3 10  0.572988
3 11  0.566600
3 12  0.559202
3 13  0.588347
3 14  0.532430
3 15  0.594775
3 16  0.621640
3 17  0.588956
3 18  0.601770
3 19  0.597751
3 20  0.554854
3 21  0.617861
3 22  0.600318
4 5  0.588411
4 6  0.565515
4 7  0.592937
4 8  0.565115
4 9  0.590649
4 10  0.548701
4 11  0.560800
4 12  0.557834
4 13  0.566905
4 14  0.592559
4 15  0.300023
4 16  0.601621
4 17  0.598221
4 18  0.516853
4 19  0.570826
4 20  0.591415
4 21  0.554101
4 22  0.573618
5 6  0.585144
5 7  0.581292
5 8  0.612452
5 9  0.608376
5 10  0.564980
5 11  0.578794
5 12  0.575699
5 13  0.577843
5 14  0.526282
5 15  0.587038
5 16  0.619667
5 17  0.552023
5 18  0.595098
5 19  0.591054
5 20  0.578272
5 21  0.598567
5 22  0.593183
6 7  0.587076
6 8  0.595767
6 9  0.553985
6 10  0.546440
6 11  0.551063
6 12  0.550939
6 13  0.562268
6 14  0.588155
6 15  0.562356
6 16  0.550962
6 17  0.593520
6 18  0.569766
6 19  0.518370
6 20  0.586449
6 21  0.587291
6 22  0.303950
7 8  0.620342
7 9  0.606056
7 10  0.562091
7 11  0.578618
7 12  0.579660
7 13  0.582935
7 14  0.574624
7 15  0.589364
7 16  0.622234
7 17  0.533978
7 18  0.596840
7 19  0.592350
7 20  0.525030
7 21  0.614811
7 22  0.594782
8 9  0.620697
8 10  0.562373
8 11  0.590897
8 12  0.588421
8 13  0.569845
8 14  0.621764
8 15  0.552053
8 16  0.631972
8 17  0.621652
8 18  0.564052
8 19  0.600928
8 20  0.619458
8 21  0.405100
8 22  0.603618
9 10  0.571192
9 11  0.563663
9 12  0.560126
9 13  0.587213
9 14  0.613742
9 15  0.587293
9 16  0.408666
9 17  0.616761
9 18  0.594778
9 19  0.544098
9 20  0.597168
9 21  0.612729
9 22  0.555077
10 11  0.540693
10 12  0.538019
10 13  0.265847
10 14  0.574211
10 15  0.546854
10 16  0.583060
10 17  0.553487
10 18  0.550461
10 19  0.551522
10 20  0.570627
10 21  0.555381
10 22  0.554552
11 12  0.266198
11 13  0.554715
11 14  0.577576
11 15  0.557543
11 16  0.563549
11 17  0.581831
11 18  0.564714
11 19  0.558021
11 20  0.572720
11 21  0.582365
11 22  0.563176
12 13  0.553793
12 14  0.567497
12 15  0.554994
12 16  0.568315
12 17  0.579667
12 18  0.562369
12 19  0.553001
12 20  0.571940
12 21  0.579627
12 22  0.557236
13 14  0.586329
13 15  0.558848
13 16  0.598844
13 17  0.573110
13 18  0.565655
13 19  0.567807
13 20  0.586298
13 21  0.570159
13 22  0.570771
14 15  0.589781
14 16  0.622208
14 17  0.588154
14 18  0.597738
14 19  0.594083
14 20  0.583243
14 21  0.608136
14 22  0.596889
15 16  0.598936
15 17  0.593564
15 18  0.523308
15 19  0.567697
15 20  0.588381
15 21  0.557853
15 22  0.570654
16 17  0.628925
16 18  0.606388
16 19  0.569983
16 20  0.614672
16 21  0.623861
16 22  0.569471
17 18  0.602201
17 19  0.598549
17 20  0.590706
17 21  0.617732
17 22  0.601513
18 19  0.575085
18 20  0.596363
18 21  0.561396
18 22  0.578054
19 20  0.589277
19 21  0.592903
19 22  0.525292
20 21  0.611396
20 22  0.592249
21 22  0.595843
