   -841.26731941
   -841.53348278
0.00000004603058
2 2 2 2 2 2 2 2 2 2 2 0 0 0 0 0 0 0 0 0 0 0 
1  0.288550
2  0.283626
3  0.314082
4  0.286119
5  0.307489
6  0.280851
7  0.309227
8  0.316757
9  0.306309
10  0.267532
11  0.276824
12  0.274108
13  0.283761
14  0.310126
15  0.282911
16  0.317849
17  0.314862
18  0.290253
19  0.286105
20  0.308724
21  0.308428
22  0.289242
1 2  0.572164
1 3  0.601939
1 4  0.574649
1 5  0.595742
1 6  0.521601
1 7  0.597260
1 8  0.605290
1 9  0.558468
1 10  0.556053
1 11  0.559277
1 12  0.556954
1 13  0.571697
1 14  0.598148
1 15  0.571460
1 16  0.566846
1 17  0.602842
1 18  0.578768
1 19  0.308262
1 20  0.596829
1 21  0.596756
1 22  0.519527
2 3  0.597244
2 4  0.521842
2 5  0.588746
2 6  0.564453
2 7  0.592726
2 8  0.567887
2 9  0.589911
2 10  0.546044
2 11  0.560407
2 12  0.557260
2 13  0.564204
2 14  0.592855
2 15  0.518639
2 16  0.601215
2 17  0.598080
2 18  0.300652
2 19  0.569731
2 20  0.592120
2 21  0.546267
2 22  0.572831
3 4  0.599812
3 5  0.589600
3 6  0.593008
3 7  0.589856
3 8  0.629694
3 9  0.617107
3 10  0.575599
3 11  0.569134
3 12  0.561886
3 13  0.591202
3 14  0.535060
3 15  0.596940
3 16  0.624095
3 17  0.591810
3 18  0.603870
3 19  0.599839
3 20  0.557981
3 21  0.620289
3 22  0.602566
4 5  0.590733
4 6  0.566928
4 7  0.595110
4 8  0.566908
4 9  0.592379
4 10  0.550659
4 11  0.562899
4 12  0.559881
4 13  0.569038
4 14  0.594731
4 15  0.301477
4 16  0.603361
4 17  0.600404
4 18  0.518353
4 19  0.572183
4 20  0.593727
4 21  0.555842
4 22  0.575108
5 6  0.587428
5 7  0.584338
5 8  0.615009
5 9  0.610927
5 10  0.567849
5 11  0.581738
5 12  0.578607
5 13  0.580875
5 14  0.529087
5 15  0.589373
5 16  0.622322
5 17  0.555159
5 18  0.597372
5 19  0.593317
5 20  0.581334
5 21  0.601155
5 22  0.595580
6 7  0.589174
6 8  0.597531
6 9  0.555678
6 10  0.548370
6 11  0.553058
6 12  0.552928
6 13  0.564336
6 14  0.590250
6 15  0.563710
6 16  0.552720
6 17  0.595651
6 18  0.571103
6 19  0.519761
6 20  0.588734
6 21  0.588906
6 22  0.305437
7 8  0.622815
7 9  0.608305
7 10  0.564510
7 11  0.581382
7 12  0.582410
7 13  0.585668
7 14  0.577549
7 15  0.591475
7 16  0.624670
7 17  0.536583
7 18  0.598936
7 19  0.594349
7 20  0.527821
7 21  0.617220
7 22  0.596998
8 9  0.622751
8 10  0.564635
8 11  0.593318
8 12  0.590827
8 13  0.572335
8 14  0.624231
8 15  0.553845
8 16  0.634088
8 17  0.624127
8 18  0.565821
8 19  0.602613
8 20  0.622106
8 21  0.407319
8 22  0.605419
9 10  0.573386
9 11  0.565962
9 12  0.562427
9 13  0.589604
9 14  0.616145
9 15  0.588912
9 16  0.410854
9 17  0.619169
9 18  0.596383
9 19  0.545724
9 20  0.599715
9 21  0.614697
9 22  0.556857
10 11  0.543231
10 12  0.540559
10 13  0.268296
10 14  0.576875
10 15  0.548773
10 16  0.585349
10 17  0.556096
10 18  0.552362
10 19  0.553310
10 20  0.573413
10 21  0.557603
10 22  0.556550
11 12  0.268685
11 13  0.557409
11 14  0.580287
11 15  0.559577
11 16  0.565954
11 17  0.584601
11 18  0.566630
11 19  0.560009
11 20  0.575668
11 21  0.584713
11 22  0.565299
12 13  0.556445
12 14  0.569957
12 15  0.557006
12 16  0.570611
12 17  0.582317
12 18  0.564342
12 19  0.554916
12 20  0.574841
12 21  0.581898
12 22  0.559309
13 14  0.589128
13 15  0.560891
13 16  0.601287
13 17  0.575668
13 18  0.567673
13 19  0.569829
13 20  0.589221
13 21  0.572507
13 22  0.572952
14 15  0.591863
14 16  0.624629
14 17  0.591081
14 18  0.599778
14 19  0.596120
14 20  0.586229
14 21  0.610366
14 22  0.599081
15 16  0.600669
15 17  0.595661
15 18  0.524738
15 19  0.568990
15 20  0.590614
15 21  0.559541
15 22  0.572108
16 17  0.631357
16 18  0.608076
16 19  0.571716
16 20  0.617164
16 21  0.625866
16 22  0.571258
17 18  0.604282
17 19  0.600591
17 20  0.593598
17 21  0.620132
17 22  0.603714
18 19  0.576347
18 20  0.598593
18 21  0.563060
18 22  0.579471
19 20  0.591391
19 21  0.594497
19 22  0.526759
20 21  0.613900
20 22  0.594553
21 22  0.597606
