  -1146.51884308
  -1146.89235979
0.00010703310500
2 2 2 2 2 2 2 2 2 2 2 2 2 2 2 0 0 0 0 0 0 0 0 0 0 0 0 0 0 0 
1  0.326118
2  0.322889
3  0.270175
4  0.292631
5  0.301886
6  0.280097
7  0.279429
8  0.347219
9  0.303654
10  0.338181
11  0.302924
12  0.329461
13  0.334604
14  0.312599
15  0.317853
16  0.323016
17  0.338434
18  0.283933
19  0.307702
20  0.298128
21  0.283949
22  0.281999
23  0.333245
24  0.311831
25  0.338167
26  0.304243
27  0.315899
28  0.342994
29  0.337411
30  0.306046
1 2  0.614653
1 3  0.594858
1 4  0.618257
1 5  0.627682
1 6  0.606031
1 7  0.605086
1 8  0.664607
1 9  0.616742
1 10  0.661834
1 11  0.628275
1 12  0.630364
1 13  0.659241
1 14  0.636660
1 15  0.641884
1 16  0.378889
1 17  0.629439
1 18  0.608152
1 19  0.633211
1 20  0.624093
1 21  0.609924
1 22  0.607073
1 23  0.652895
1 24  0.635267
1 25  0.663659
1 26  0.618666
1 27  0.637536
1 28  0.657925
1 29  0.662135
1 30  0.631734
2 3  0.569735
2 4  0.615092
2 5  0.624250
2 6  0.602935
2 7  0.602268
2 8  0.645179
2 9  0.625563
2 10  0.658104
2 11  0.623936
2 12  0.647877
2 13  0.654853
2 14  0.634951
2 15  0.636435
2 16  0.617357
2 17  0.394421
2 18  0.587873
2 19  0.630529
2 20  0.620968
2 21  0.606334
2 22  0.604710
2 23  0.633846
2 24  0.634099
2 25  0.660801
2 26  0.626759
2 27  0.634920
2 28  0.663833
2 29  0.659954
2 30  0.626111
3 4  0.562781
3 5  0.572015
3 6  0.549472
3 7  0.549283
3 8  0.614609
3 9  0.572451
3 10  0.608088
3 11  0.553764
3 12  0.598910
3 13  0.604420
3 14  0.579838
3 15  0.587082
3 16  0.592462
3 17  0.585678
3 18  0.252654
3 19  0.577862
3 20  0.568230
3 21  0.552326
3 22  0.551862
3 23  0.598488
3 24  0.577085
3 25  0.608165
3 26  0.573244
3 27  0.585337
3 28  0.613083
3 29  0.607575
3 30  0.558637
4 5  0.550134
4 6  0.572727
4 7  0.572059
4 8  0.636929
4 9  0.596258
4 10  0.606579
4 11  0.595551
4 12  0.619928
4 13  0.621832
4 14  0.605225
4 15  0.607550
4 16  0.615591
4 17  0.630956
4 18  0.576466
4 19  0.297148
4 20  0.551033
4 21  0.576570
4 22  0.574619
4 23  0.625339
4 24  0.604462
4 25  0.627641
4 26  0.596848
4 27  0.603122
4 28  0.635440
4 29  0.605494
4 30  0.598652
5 6  0.581981
5 7  0.581314
5 8  0.646642
5 9  0.605527
5 10  0.631482
5 11  0.604806
5 12  0.630187
5 13  0.608790
5 14  0.614482
5 15  0.617773
5 16  0.624840
5 17  0.639722
5 18  0.585470
5 19  0.561462
5 20  0.297012
5 21  0.585819
5 22  0.583875
5 23  0.633593
5 24  0.613708
5 25  0.626114
5 26  0.606127
5 27  0.612496
5 28  0.644207
5 29  0.630952
5 30  0.607856
6 7  0.514947
6 8  0.627308
6 9  0.578867
6 10  0.618276
6 11  0.576039
6 12  0.609530
6 13  0.614700
6 14  0.570184
6 15  0.597945
6 16  0.602973
6 17  0.618138
6 18  0.562212
6 19  0.587785
6 20  0.578214
6 21  0.274957
6 22  0.512443
6 23  0.613264
6 24  0.559582
6 25  0.618229
6 26  0.583138
6 27  0.595994
6 28  0.622994
6 29  0.617483
6 30  0.583358
7 8  0.626632
7 9  0.576199
7 10  0.617605
7 11  0.577184
7 12  0.608843
7 13  0.614030
7 14  0.569962
7 15  0.597278
7 16  0.601396
7 17  0.617800
7 18  0.563128
7 19  0.587093
7 20  0.577538
7 21  0.513169
7 22  0.273363
7 23  0.612671
7 24  0.560044
7 25  0.617522
7 26  0.580599
7 27  0.595239
7 28  0.622050
7 29  0.616755
7 30  0.584351
8 9  0.650464
8 10  0.665618
8 11  0.649829
8 12  0.640698
8 13  0.671293
8 14  0.659683
8 15  0.647783
8 16  0.667634
8 17  0.674196
8 18  0.627927
8 19  0.654237
8 20  0.645148
8 21  0.630974
8 22  0.629126
8 23  0.514740
8 24  0.658955
8 25  0.683784
8 26  0.651428
8 27  0.625613
8 28  0.649089
8 29  0.680766
8 30  0.652684
9 10  0.641682
9 11  0.574204
9 12  0.631640
9 13  0.638183
9 14  0.591529
9 15  0.621462
9 16  0.616970
9 17  0.641635
9 18  0.586024
9 19  0.611114
9 20  0.601702
9 21  0.586305
9 22  0.582838
9 23  0.636522
9 24  0.584231
9 25  0.641519
9 26  0.349618
9 27  0.618594
9 28  0.644764
9 29  0.640515
9 30  0.570948
10 11  0.641063
10 12  0.658450
10 13  0.631693
10 14  0.650743
10 15  0.642967
10 16  0.660938
10 17  0.676074
10 18  0.621731
10 19  0.631431
10 20  0.632509
10 21  0.622092
10 22  0.620146
10 23  0.668271
10 24  0.650011
10 25  0.636797
10 26  0.642365
10 27  0.622596
10 28  0.679638
10 29  0.471405
10 30  0.644127
11 12  0.632295
11 13  0.637497
11 14  0.590899
11 15  0.620713
11 16  0.625466
11 17  0.637678
11 18  0.567286
11 19  0.610623
11 20  0.601033
11 21  0.583927
11 22  0.583675
11 23  0.635176
11 24  0.584830
11 25  0.641029
11 26  0.569060
11 27  0.618715
11 28  0.645884
11 29  0.640328
11 30  0.352469
12 13  0.659224
12 14  0.641886
12 15  0.626446
12 16  0.629646
12 17  0.660706
12 18  0.612114
12 19  0.635615
12 20  0.626894
12 21  0.613398
12 22  0.611259
12 23  0.625709
12 24  0.640470
12 25  0.664451
12 26  0.631138
12 27  0.626926
12 28  0.506612
12 29  0.662581
12 30  0.635317
13 14  0.647181
13 15  0.631316
13 16  0.657222
13 17  0.671574
13 18  0.617705
13 19  0.633057
13 20  0.607802
13 21  0.618521
13 22  0.616589
13 23  0.663416
13 24  0.646395
13 25  0.467940
13 26  0.638840
13 27  0.634670
13 28  0.674004
13 29  0.630842
13 30  0.640416
14 15  0.630446
14 16  0.633409
14 17  0.650117
14 18  0.591165
14 19  0.620262
14 20  0.610721
14 21  0.564499
14 22  0.563063
14 23  0.645330
14 24  0.402989
14 25  0.650737
14 26  0.586098
14 27  0.628122
14 28  0.655184
14 29  0.649908
14 30  0.587634
15 16  0.636632
15 17  0.651691
15 18  0.600064
15 19  0.620288
15 20  0.610441
15 21  0.601780
15 22  0.599851
15 23  0.631900
15 24  0.629378
15 25  0.625850
15 26  0.621655
15 27  0.551293
15 28  0.624088
15 29  0.638824
15 30  0.623499
16 17  0.624152
16 18  0.604634
16 19  0.630124
16 20  0.620661
16 21  0.606706
16 22  0.604477
16 23  0.651876
16 24  0.632700
16 25  0.657913
16 26  0.613268
16 27  0.634565
16 28  0.640911
16 29  0.657676
16 30  0.628181
17 18  0.593126
17 19  0.645739
17 20  0.635980
17 21  0.622300
17 22  0.620356
17 23  0.645453
17 24  0.649941
17 25  0.673740
17 26  0.641815
17 27  0.651922
17 28  0.673229
17 29  0.674071
17 30  0.642659
18 19  0.591609
18 20  0.582005
18 21  0.566894
18 22  0.565430
18 23  0.613956
18 24  0.592287
18 25  0.621765
18 26  0.586151
18 27  0.599679
18 28  0.626117
18 29  0.621173
18 30  0.568055
19 20  0.559221
19 21  0.591651
19 22  0.589701
19 23  0.639535
19 24  0.619528
19 25  0.637522
19 26  0.611908
19 27  0.621190
19 28  0.648051
19 29  0.616105
19 30  0.613744
20 21  0.582078
20 22  0.580128
20 23  0.628917
20 24  0.609955
20 25  0.609783
20 26  0.602345
20 27  0.610746
20 28  0.637871
20 29  0.630001
20 30  0.604169
21 22  0.520367
21 23  0.617169
21 24  0.572512
21 25  0.622115
21 26  0.582291
21 27  0.599837
21 28  0.626914
21 29  0.621358
21 30  0.582425
22 23  0.615205
22 24  0.571653
22 25  0.620161
22 26  0.579058
22 27  0.597872
22 28  0.624924
22 29  0.619404
22 30  0.581307
23 24  0.645046
23 25  0.661667
23 26  0.637178
23 27  0.629651
23 28  0.637860
23 29  0.665013
23 30  0.639122
24 25  0.649948
24 26  0.592218
24 27  0.627640
24 28  0.654474
24 29  0.649192
24 30  0.593997
25 26  0.642173
25 27  0.640978
25 28  0.661314
25 29  0.632627
25 30  0.644169
26 27  0.619648
26 28  0.645297
26 29  0.641417
26 30  0.576389
27 28  0.641993
27 29  0.633012
27 30  0.621929
28 29  0.669945
28 30  0.648881
29 30  0.643423
