  -1146.51884308
  -1146.89494375
0.00003557465840
2 2 2 2 2 2 2 2 2 2 2 2 2 2 2 0 0 0 0 0 0 0 0 0 0 0 0 0 0 0 
1  0.336150
2  0.331091
3  0.277269
4  0.296329
5  0.305864
6  0.282931
7  0.282517
8  0.355716
9  0.310629
10  0.344500
11  0.308165
12  0.337416
13  0.340979
14  0.317138
15  0.323710
16  0.332591
17  0.346765
18  0.291497
19  0.311772
20  0.302064
21  0.286839
22  0.284985
23  0.340723
24  0.316156
25  0.344460
26  0.311241
27  0.321583
28  0.351933
29  0.343665
30  0.311454
1 2  0.632597
1 3  0.611907
1 4  0.631812
1 5  0.641554
1 6  0.618839
1 7  0.618084
1 8  0.682818
1 9  0.632221
1 10  0.677681
1 11  0.643527
1 12  0.646379
1 13  0.675276
1 14  0.650947
1 15  0.657616
1 16  0.397687
1 17  0.648080
1 18  0.625713
1 19  0.647209
1 20  0.638054
1 21  0.622784
1 22  0.619976
1 23  0.670401
1 24  0.649636
1 25  0.679927
1 26  0.635498
1 27  0.653175
1 28  0.676275
1 29  0.678300
1 30  0.647134
2 3  0.583233
2 4  0.626858
2 5  0.636262
2 6  0.613950
2 7  0.613543
2 8  0.660098
2 9  0.640672
2 10  0.672046
2 11  0.637109
2 12  0.663979
2 13  0.669041
2 14  0.647622
2 15  0.650372
2 16  0.635255
2 17  0.410623
2 18  0.603058
2 19  0.642808
2 20  0.633020
2 21  0.617407
2 22  0.615881
2 23  0.649193
2 24  0.646635
2 25  0.675219
2 26  0.641928
2 27  0.648679
2 28  0.680921
2 29  0.674375
2 30  0.639522
3 4  0.573552
3 5  0.583056
3 6  0.559303
3 7  0.559395
3 8  0.629751
3 9  0.586497
3 10  0.621372
3 11  0.564852
3 12  0.613922
3 13  0.617780
3 14  0.591254
3 15  0.599927
3 16  0.609044
3 17  0.600818
3 18  0.265808
3 19  0.589000
3 20  0.579159
3 21  0.562198
3 22  0.561896
3 23  0.612890
3 24  0.588491
3 25  0.621444
3 26  0.587277
3 27  0.598058
3 28  0.629081
3 29  0.620912
3 30  0.570889
4 5  0.557969
4 6  0.579260
4 7  0.578845
4 8  0.648656
4 9  0.606917
4 10  0.615402
4 11  0.604484
4 12  0.631272
4 13  0.631774
4 14  0.613457
4 15  0.617042
4 16  0.628781
4 17  0.642989
4 18  0.587711
4 19  0.304923
4 20  0.559009
4 21  0.583144
4 22  0.581282
4 23  0.636452
4 24  0.612481
4 25  0.637623
4 26  0.607493
4 27  0.612404
4 28  0.648026
4 29  0.615332
4 30  0.607748
5 6  0.588794
5 7  0.588380
5 8  0.658699
5 9  0.616470
5 10  0.641610
5 11  0.614021
5 12  0.641902
5 13  0.618123
5 14  0.622997
5 15  0.627447
5 16  0.638387
5 17  0.651955
5 18  0.596925
5 19  0.569979
5 20  0.304915
5 21  0.592671
5 22  0.590825
5 23  0.644944
5 24  0.622012
5 25  0.636160
5 26  0.617098
5 27  0.622176
5 28  0.657059
5 29  0.641310
5 30  0.617218
6 7  0.521168
6 8  0.638635
6 9  0.588252
6 10  0.627429
6 11  0.583675
6 12  0.620301
6 13  0.623909
6 14  0.577380
6 15  0.606633
6 16  0.615329
6 17  0.629275
6 18  0.572514
6 19  0.594669
6 20  0.584965
6 21  0.280455
6 22  0.518715
6 23  0.623562
6 24  0.566805
6 25  0.627325
6 26  0.592868
6 27  0.604507
6 28  0.634732
6 29  0.626543
6 30  0.591469
7 8  0.638214
7 9  0.585667
7 10  0.627011
7 11  0.585174
7 12  0.619860
7 13  0.623493
7 14  0.577311
7 15  0.606223
7 16  0.613991
7 17  0.629208
7 18  0.573732
7 19  0.594215
7 20  0.584538
7 21  0.519598
7 22  0.279174
7 23  0.623237
7 24  0.567492
7 25  0.626859
7 26  0.590484
7 27  0.603984
7 28  0.634023
7 29  0.626048
7 30  0.592749
8 9  0.665883
8 10  0.679162
8 11  0.663447
8 12  0.657249
8 13  0.685567
8 14  0.672676
8 15  0.662217
8 16  0.685694
8 17  0.690335
8 18  0.643815
8 19  0.666756
8 20  0.657520
8 21  0.642328
8 22  0.640581
8 23  0.529509
8 24  0.671772
8 25  0.698535
8 26  0.666901
8 27  0.639358
8 28  0.666795
8 29  0.695233
8 30  0.666483
9 10  0.654920
9 11  0.586624
9 12  0.646306
9 13  0.651498
9 14  0.602308
9 15  0.634278
9 16  0.633216
9 17  0.656918
9 18  0.600505
9 19  0.622080
9 20  0.612572
9 21  0.596048
9 22  0.592675
9 23  0.650994
9 24  0.595176
9 25  0.654739
9 26  0.362897
9 27  0.631342
9 28  0.660553
9 29  0.653689
9 30  0.583429
10 11  0.652587
10 12  0.672199
10 13  0.644400
10 14  0.661572
10 15  0.655254
10 16  0.676733
10 17  0.690653
10 18  0.635575
10 19  0.641359
10 20  0.642797
10 21  0.631270
10 22  0.629413
10 23  0.681818
10 24  0.660655
10 25  0.649782
10 26  0.655604
10 27  0.634326
10 28  0.694823
10 29  0.483320
10 30  0.655838
11 12  0.645489
11 13  0.649092
11 14  0.600441
11 15  0.631799
11 16  0.640258
11 17  0.651082
11 18  0.579782
11 19  0.619926
11 20  0.610178
11 21  0.591973
11 22  0.591791
11 23  0.647841
11 24  0.594284
11 25  0.652520
11 26  0.581546
11 27  0.629626
11 28  0.660052
11 29  0.651816
11 30  0.362547
12 13  0.673071
12 14  0.654333
12 15  0.639744
12 16  0.646620
12 17  0.677068
12 18  0.627713
12 19  0.647513
12 20  0.638752
12 21  0.624238
12 22  0.622174
12 23  0.641517
12 24  0.652724
12 25  0.678466
12 26  0.645936
12 27  0.640432
12 28  0.522423
12 29  0.676579
12 30  0.648706
13 14  0.658078
13 15  0.642644
13 16  0.673105
13 17  0.686183
13 18  0.631525
13 19  0.643608
13 20  0.618002
13 21  0.627762
13 22  0.625929
13 23  0.677129
13 24  0.657096
13 25  0.479973
13 26  0.652213
13 27  0.646632
13 28  0.689011
13 29  0.643785
13 30  0.652159
14 15  0.640841
14 16  0.647476
14 17  0.662991
14 18  0.603236
14 19  0.628857
14 20  0.619196
14 21  0.571891
14 22  0.570542
14 23  0.657345
14 24  0.411833
14 25  0.661569
14 26  0.597316
14 27  0.638348
14 28  0.668705
14 29  0.660688
14 30  0.597493
15 16  0.651857
15 17  0.665905
15 18  0.613460
15 19  0.630290
15 20  0.620067
15 21  0.610526
15 22  0.608692
15 23  0.645151
15 24  0.639539
15 25  0.637356
15 26  0.634449
15 27  0.563258
15 28  0.638250
15 29  0.650817
15 30  0.634795
16 17  0.641866
16 18  0.621682
16 19  0.643557
16 20  0.633980
16 21  0.619121
16 22  0.616932
16 23  0.668812
16 24  0.646293
16 25  0.673176
16 26  0.628281
16 27  0.649604
16 28  0.657277
16 29  0.673027
16 30  0.643116
17 18  0.607292
17 19  0.657986
17 20  0.648017
17 21  0.633490
17 22  0.631642
17 23  0.659735
17 24  0.662528
17 25  0.687965
17 26  0.657052
17 27  0.665816
17 28  0.690135
17 29  0.688350
17 30  0.656135
18 19  0.603225
18 20  0.593472
18 21  0.577240
18 22  0.575934
18 23  0.628641
18 24  0.603882
18 25  0.635542
18 26  0.600664
18 27  0.612896
18 28  0.642579
18 29  0.634941
18 30  0.579633
19 20  0.567448
19 21  0.598611
19 22  0.596755
19 23  0.650877
19 24  0.627915
19 25  0.647678
19 26  0.622949
19 27  0.630740
19 28  0.660651
19 29  0.625245
19 30  0.623213
20 21  0.588903
20 22  0.587048
20 23  0.639951
20 24  0.618209
20 25  0.618987
20 26  0.613259
20 27  0.620285
20 28  0.650223
20 29  0.640067
20 30  0.613505
21 22  0.526574
21 23  0.627525
21 24  0.579608
21 25  0.631297
21 26  0.591706
21 27  0.608407
21 28  0.638735
21 29  0.630502
21 30  0.590327
22 23  0.625647
22 24  0.578819
22 25  0.629436
22 26  0.588514
22 27  0.606526
22 28  0.636820
22 29  0.628638
22 30  0.589337
23 24  0.656843
23 25  0.674993
23 26  0.651637
23 27  0.642359
23 28  0.654405
23 29  0.678300
23 30  0.651933
24 25  0.660531
24 26  0.602945
24 27  0.637623
24 28  0.667643
24 29  0.659736
24 30  0.603514
25 26  0.655370
25 27  0.653072
25 28  0.675038
25 29  0.645171
25 30  0.655839
26 27  0.632230
26 28  0.660896
26 29  0.654573
26 30  0.588930
27 28  0.656564
27 29  0.644290
27 30  0.633016
28 29  0.684492
28 30  0.663180
29 30  0.655056
