  -1146.51884308
  -1146.89573166
0.00000954561136
2 2 2 2 2 2 2 2 2 2 2 2 2 2 2 0 0 0 0 0 0 0 0 0 0 0 0 0 0 0 
1  0.339782
2  0.334049
3  0.279663
4  0.297834
5  0.307504
6  0.283825
7  0.283521
8  0.358643
9  0.312962
10  0.346843
11  0.309742
12  0.340329
13  0.343385
14  0.318584
15  0.325870
16  0.336044
17  0.349844
18  0.294118
19  0.313454
20  0.303637
21  0.287794
22  0.286005
23  0.343404
24  0.317553
25  0.346800
26  0.313445
27  0.323801
28  0.355030
29  0.345961
30  0.313003
1 2  0.639138
1 3  0.617912
1 4  0.636838
1 5  0.646752
1 6  0.623334
1 7  0.622664
1 8  0.689236
1 9  0.637669
1 10  0.683482
1 11  0.648722
1 12  0.652170
1 13  0.681155
1 14  0.655903
1 15  0.663342
1 16  0.404486
1 17  0.654974
1 18  0.631953
1 19  0.652465
1 20  0.643258
1 21  0.627363
1 22  0.624579
1 23  0.676723
1 24  0.654680
1 25  0.685866
1 26  0.641268
1 27  0.658991
1 28  0.682777
1 29  0.684175
1 30  0.652304
2 3  0.588006
2 4  0.631235
2 5  0.640758
2 6  0.617793
2 7  0.617497
2 8  0.665395
2 9  0.645936
2 10  0.677128
2 11  0.641573
2 12  0.669831
2 13  0.674247
2 14  0.651993
2 15  0.655417
2 16  0.641771
2 17  0.416479
2 18  0.608454
2 19  0.647441
2 20  0.637520
2 21  0.621314
2 22  0.619840
2 23  0.654748
2 24  0.650981
2 25  0.680497
2 26  0.647072
2 27  0.653783
2 28  0.686947
2 29  0.679609
2 30  0.644025
3 4  0.577441
3 5  0.587064
3 6  0.562538
3 7  0.562776
3 8  0.634901
3 9  0.591218
3 10  0.626054
3 11  0.568441
3 12  0.619215
3 13  0.622503
3 14  0.595010
3 15  0.604402
3 16  0.614867
3 17  0.606238
3 18  0.270398
3 19  0.593061
3 20  0.583057
3 21  0.565477
3 22  0.565308
3 23  0.617967
3 24  0.592271
3 25  0.626150
3 26  0.591855
3 27  0.602626
3 28  0.634567
3 29  0.625599
3 30  0.574787
4 5  0.561193
4 6  0.581658
4 7  0.581353
4 8  0.652914
4 9  0.610739
4 10  0.618904
4 11  0.607562
4 12  0.635548
4 13  0.635641
4 14  0.616403
4 15  0.620666
4 16  0.633690
4 17  0.647573
4 18  0.591820
4 19  0.308087
4 20  0.562250
4 21  0.585588
4 22  0.583783
4 23  0.640626
4 24  0.615380
4 25  0.641444
4 26  0.611163
4 27  0.616054
4 28  0.652606
4 29  0.619162
4 30  0.610794
5 6  0.591328
5 7  0.591025
5 8  0.663152
5 9  0.620436
5 10  0.645510
5 11  0.617235
5 12  0.646387
5 13  0.621856
5 14  0.626080
5 15  0.631169
5 16  0.643476
5 17  0.656601
5 18  0.601096
5 19  0.573533
5 20  0.308114
5 21  0.595243
5 22  0.593465
5 23  0.649224
5 24  0.625048
5 25  0.640112
5 26  0.620939
5 27  0.626034
5 28  0.661775
5 29  0.645279
5 30  0.620395
6 7  0.523172
6 8  0.642450
6 9  0.591349
6 10  0.630665
6 11  0.586086
6 12  0.624098
6 13  0.627210
6 14  0.579715
6 15  0.609681
6 16  0.619670
6 17  0.633253
6 18  0.575954
6 19  0.597226
6 20  0.587412
6 21  0.282349
6 22  0.520782
6 23  0.627125
6 24  0.569134
6 25  0.630537
6 26  0.595933
6 27  0.607620
6 28  0.638707
6 29  0.629713
6 30  0.593909
7 8  0.642142
7 9  0.588865
7 10  0.630357
7 11  0.587688
7 12  0.623760
7 13  0.626904
7 14  0.579719
7 15  0.609384
7 16  0.618388
7 17  0.633275
7 18  0.577357
7 19  0.596867
7 20  0.587091
7 21  0.521716
7 22  0.281237
7 23  0.626922
7 24  0.569932
7 25  0.630165
7 26  0.593686
7 27  0.607206
7 28  0.638087
7 29  0.629311
7 30  0.595280
8 9  0.671117
8 10  0.683947
8 11  0.667900
8 12  0.663102
8 13  0.690694
8 14  0.677032
8 15  0.667333
8 16  0.692051
8 17  0.696135
8 18  0.649364
8 19  0.671330
8 20  0.661993
8 21  0.646212
8 22  0.644513
8 23  0.534791
8 24  0.676093
8 25  0.703783
8 26  0.672020
8 27  0.644339
8 28  0.672997
8 29  0.700343
8 30  0.670897
9 10  0.659562
9 11  0.590624
9 12  0.651423
9 13  0.656217
9 14  0.605891
9 15  0.638762
9 16  0.638885
9 17  0.662317
9 18  0.605438
9 19  0.626034
9 20  0.616458
9 21  0.599298
9 22  0.596020
9 23  0.656029
9 24  0.598836
9 25  0.659390
9 26  0.367332
9 27  0.635888
9 28  0.665959
9 29  0.658265
9 30  0.587386
10 11  0.656489
10 12  0.677333
10 13  0.649141
10 14  0.665345
10 15  0.659820
10 16  0.682482
10 17  0.696049
10 18  0.640506
10 19  0.645275
10 20  0.646699
10 21  0.634538
10 22  0.632741
10 23  0.686731
10 24  0.664394
10 25  0.654616
10 26  0.660121
10 27  0.638807
10 28  0.700251
10 29  0.487830
10 30  0.659715
11 12  0.649977
11 13  0.653062
11 14  0.603412
11 15  0.635528
11 16  0.645278
11 17  0.655710
11 18  0.583930
11 19  0.623179
11 20  0.613302
11 21  0.594500
11 22  0.594362
11 23  0.652049
11 24  0.597214
11 25  0.656412
11 26  0.585428
11 27  0.633411
11 28  0.664723
11 29  0.655686
11 30  0.365586
12 13  0.678232
12 14  0.658667
12 15  0.644572
12 16  0.652790
12 17  0.683067
12 18  0.633258
12 19  0.652067
12 20  0.643232
12 21  0.628106
12 22  0.626067
12 23  0.647279
12 24  0.657036
12 25  0.683601
12 26  0.651034
12 27  0.645451
12 28  0.528000
12 29  0.681732
12 30  0.653166
13 14  0.661918
13 15  0.646858
13 16  0.678952
13 17  0.691623
13 18  0.636492
13 19  0.647733
13 20  0.622006
13 21  0.631096
13 22  0.629339
13 23  0.682153
13 24  0.660892
13 25  0.484613
13 26  0.656822
13 27  0.651196
13 28  0.694368
13 29  0.648647
13 30  0.656116
14 15  0.644444
14 16  0.652381
14 17  0.667504
14 18  0.607313
14 19  0.631976
14 20  0.622216
14 21  0.574305
14 22  0.573016
14 23  0.661449
14 24  0.414880
14 25  0.665356
14 26  0.600911
14 27  0.641994
14 28  0.673256
14 29  0.664425
14 30  0.600487
15 16  0.657402
15 17  0.671133
15 18  0.618230
15 19  0.634137
15 20  0.623743
15 21  0.613634
15 22  0.611871
15 23  0.649935
15 24  0.643064
15 25  0.641659
15 26  0.638795
15 27  0.567863
15 28  0.643300
15 29  0.655229
15 30  0.638519
16 17  0.648414
16 18  0.627723
16 19  0.648582
16 20  0.638906
16 21  0.623500
16 22  0.621352
16 23  0.674917
16 24  0.651045
16 25  0.678752
16 26  0.633447
16 27  0.655163
16 28  0.663057
16 29  0.678552
16 30  0.648094
17 18  0.612388
17 19  0.662676
17 20  0.652558
17 21  0.637521
17 22  0.635720
17 23  0.664910
17 24  0.666978
17 25  0.693235
17 26  0.662308
17 27  0.671039
17 28  0.696174
17 29  0.693603
17 30  0.660690
18 19  0.607518
18 20  0.597641
18 21  0.580749
18 22  0.579559
18 23  0.633763
18 24  0.607813
18 25  0.640467
18 26  0.605477
18 27  0.617715
18 28  0.648268
18 29  0.639833
18 30  0.583384
19 20  0.570796
19 21  0.601247
19 22  0.599456
19 23  0.655182
19 24  0.630989
19 25  0.651599
19 26  0.626819
19 27  0.634556
19 28  0.665330
19 29  0.628850
19 30  0.626438
20 21  0.591431
20 22  0.589640
20 23  0.644041
20 24  0.621175
20 25  0.622607
20 26  0.617027
20 27  0.624039
20 28  0.654746
20 29  0.643885
20 30  0.616622
21 22  0.528655
21 23  0.631158
21 24  0.581946
21 25  0.634592
21 26  0.594736
21 27  0.611578
21 28  0.642780
21 29  0.633753
21 30  0.592777
22 23  0.629333
22 24  0.581214
22 25  0.632793
22 26  0.591638
22 27  0.609752
22 28  0.640918
22 29  0.631951
22 30  0.591825
23 24  0.660917
23 25  0.679865
23 26  0.656509
23 27  0.647041
23 28  0.660278
23 29  0.683133
23 30  0.656137
24 25  0.664250
24 26  0.606370
24 27  0.641221
24 28  0.672096
24 29  0.663411
24 30  0.606423
25 26  0.659864
25 27  0.657672
25 28  0.679840
25 29  0.649810
25 30  0.659718
26 27  0.636597
26 28  0.666052
26 29  0.659027
26 30  0.592777
27 28  0.661849
27 29  0.648554
27 30  0.636777
28 29  0.689715
28 30  0.667812
29 30  0.658883
