   -993.89028990
   -994.19996984
0.00018896466800
2 2 2 2 2 2 2 2 2 2 2 2 2 0 0 0 0 0 0 0 0 0 0 0 0 0 
1  0.256363
2  0.270731
3  0.280198
4  0.263400
5  0.255058
6  0.271141
7  0.273993
8  0.302370
9  0.290895
10  0.292592
11  0.299963
12  0.296355
13  0.292235
14  0.262441
15  0.274373
16  0.282595
17  0.267401
18  0.261381
19  0.273385
20  0.275890
21  0.299950
22  0.292315
23  0.305417
24  0.297304
25  0.294122
26  0.293587
1 2  0.526566
1 3  0.535609
1 4  0.515934
1 5  0.511288
1 6  0.527474
1 7  0.530307
1 8  0.538798
1 9  0.544153
1 10  0.547728
1 11  0.552600
1 12  0.537156
1 13  0.548492
1 14  0.235398
1 15  0.530644
1 16  0.537702
1 17  0.518922
1 18  0.517685
1 19  0.529496
1 20  0.532212
1 21  0.549722
1 22  0.548001
1 23  0.537791
1 24  0.539992
1 25  0.546549
1 26  0.549419
2 3  0.506649
2 4  0.534124
2 5  0.525781
2 6  0.541871
2 7  0.544724
2 8  0.572554
2 9  0.555528
2 10  0.563279
2 11  0.555613
2 12  0.559560
2 13  0.562962
2 14  0.533071
2 15  0.257728
2 16  0.504253
2 17  0.538072
2 18  0.532023
2 19  0.544112
2 20  0.546608
2 21  0.545323
2 22  0.562825
2 23  0.575846
2 24  0.566624
2 25  0.561825
2 26  0.564314
3 4  0.543585
3 5  0.535251
3 6  0.551338
3 7  0.554190
3 8  0.582318
3 9  0.567387
3 10  0.572781
3 11  0.558419
3 12  0.569600
3 13  0.572430
3 14  0.541243
3 15  0.504121
3 16  0.265703
3 17  0.547514
3 18  0.541565
3 19  0.553577
3 20  0.556082
3 21  0.549010
3 22  0.572436
3 23  0.585466
3 24  0.574998
3 25  0.572410
3 26  0.573782
4 5  0.516349
4 6  0.534183
4 7  0.537304
4 8  0.537489
4 9  0.553553
4 10  0.529124
4 11  0.563170
4 12  0.559569
4 13  0.553420
4 14  0.521114
4 15  0.537638
4 16  0.545847
4 17  0.261404
4 18  0.524045
4 19  0.535571
4 20  0.538873
4 21  0.563278
4 22  0.522717
4 23  0.534022
4 24  0.560117
4 25  0.557396
4 26  0.555444
5 6  0.522831
5 7  0.523764
5 8  0.553843
5 9  0.545768
5 10  0.526748
5 11  0.555011
5 12  0.551391
5 13  0.529147
5 14  0.517347
5 15  0.529343
5 16  0.537641
5 17  0.521876
5 18  0.238284
5 19  0.527639
5 20  0.527501
5 21  0.554824
5 22  0.519096
5 23  0.558027
5 24  0.552350
5 25  0.548272
5 26  0.522633
6 7  0.498054
6 8  0.573457
6 9  0.562025
6 10  0.560590
6 11  0.571102
6 12  0.567492
6 13  0.532817
6 14  0.533355
6 15  0.545500
6 16  0.553724
6 17  0.537392
6 18  0.531566
6 19  0.268774
6 20  0.494988
6 21  0.571090
6 22  0.562384
6 23  0.575750
6 24  0.568430
6 25  0.565235
6 26  0.524966
7 8  0.576194
7 9  0.564877
7 10  0.564880
7 11  0.573954
7 12  0.570344
7 13  0.535375
7 14  0.536383
7 15  0.548349
7 16  0.556580
7 17  0.541028
7 18  0.531339
7 19  0.494469
7 20  0.269290
7 21  0.573936
7 22  0.565730
7 23  0.578673
7 24  0.571294
7 25  0.568031
7 26  0.528019
8 9  0.583539
8 10  0.577032
8 11  0.601475
8 12  0.596066
8 13  0.593687
8 14  0.539905
8 15  0.576342
8 16  0.584856
8 17  0.534770
8 18  0.560936
8 19  0.575344
8 20  0.577553
8 21  0.598160
8 22  0.568488
8 23  0.365277
8 24  0.597389
8 25  0.585742
8 26  0.595796
9 10  0.582078
9 11  0.566075
9 12  0.550254
9 13  0.583122
9 14  0.548228
9 15  0.562172
9 16  0.571346
9 17  0.558171
9 18  0.551256
9 19  0.564279
9 20  0.566689
9 21  0.560620
9 22  0.581897
9 23  0.584553
9 24  0.545913
9 25  0.351158
9 26  0.584285
10 11  0.592348
10 12  0.588852
10 13  0.575894
10 14  0.554237
10 15  0.566635
10 16  0.575061
10 17  0.526635
10 18  0.525812
10 19  0.564544
10 20  0.568034
10 21  0.592396
10 22  0.352186
10 23  0.571393
10 24  0.589732
10 25  0.585310
10 26  0.568891
11 12  0.570439
11 13  0.592196
11 14  0.556050
11 15  0.550725
11 16  0.550905
11 17  0.567257
11 18  0.561169
11 19  0.573345
11 20  0.575845
11 21  0.387798
11 22  0.592160
11 23  0.600980
11 24  0.566790
11 25  0.561195
11 26  0.593470
12 13  0.588580
12 14  0.546091
12 15  0.569157
12 16  0.576354
12 17  0.563194
12 18  0.557731
12 19  0.569716
12 20  0.572242
12 21  0.564080
12 22  0.588489
12 23  0.599342
12 24  0.350878
12 25  0.549088
12 26  0.589893
13 14  0.553990
13 15  0.566607
13 16  0.574825
13 17  0.557616
13 18  0.527960
13 19  0.526113
13 20  0.526779
13 21  0.592108
13 22  0.567624
13 23  0.597496
13 24  0.589484
13 25  0.586190
13 26  0.353743
14 15  0.536125
14 16  0.543777
14 17  0.525749
14 18  0.523655
14 19  0.535807
14 20  0.538286
14 21  0.558678
14 22  0.552933
14 23  0.546254
14 24  0.542019
14 25  0.553355
14 26  0.555894
15 16  0.511531
15 17  0.541760
15 18  0.535746
15 19  0.547758
15 20  0.550263
15 21  0.557533
15 22  0.566638
15 23  0.579124
15 24  0.563226
15 25  0.561874
15 26  0.567956
16 17  0.549983
16 18  0.543969
16 19  0.555979
16 20  0.558484
16 21  0.560808
16 22  0.574891
16 23  0.587578
16 24  0.572619
16 25  0.571628
16 26  0.576179
17 18  0.525443
17 19  0.540282
17 20  0.543104
17 21  0.567111
17 22  0.532196
17 23  0.543895
17 24  0.564554
17 25  0.560319
17 26  0.558306
18 19  0.530241
18 20  0.531619
18 21  0.561309
18 22  0.531831
18 23  0.563004
18 24  0.558665
18 25  0.555246
18 26  0.534649
19 20  0.501527
19 21  0.573335
19 22  0.562456
19 23  0.578706
19 24  0.570688
19 25  0.567503
19 26  0.536190
20 21  0.575839
20 22  0.565819
20 23  0.581176
20 24  0.573192
20 25  0.570005
20 26  0.539124
21 22  0.591991
21 23  0.604316
21 24  0.572521
21 25  0.570982
21 26  0.593536
22 23  0.580328
22 24  0.589511
22 25  0.584790
22 26  0.577567
23 24  0.600374
23 25  0.589136
23 26  0.597529
24 25  0.551779
24 26  0.590888
25 26  0.587685
