   -993.89028990
   -994.20322355
0.00007236377950
2 2 2 2 2 2 2 2 2 2 2 2 2 0 0 0 0 0 0 0 0 0 0 0 0 0 
1  0.264821
2  0.275821
3  0.284894
4  0.269777
5  0.261479
6  0.274553
7  0.277306
8  0.311181
9  0.300875
10  0.300194
11  0.307267
12  0.306052
13  0.297771
14  0.271246
15  0.279568
16  0.287313
17  0.274225
18  0.268088
19  0.276751
20  0.279218
21  0.307340
22  0.300035
23  0.314379
24  0.306689
25  0.303987
26  0.298823
1 2  0.539920
1 3  0.548542
1 4  0.530475
1 5  0.526148
1 6  0.539322
1 7  0.542063
1 8  0.555497
1 9  0.562207
1 10  0.563561
1 11  0.568161
1 12  0.553179
1 13  0.562443
1 14  0.250537
1 15  0.544265
1 16  0.550801
1 17  0.534142
1 18  0.532819
1 19  0.541276
1 20  0.543984
1 21  0.565529
1 22  0.564088
1 23  0.555021
1 24  0.556981
1 25  0.564715
1 26  0.562989
2 3  0.516928
2 4  0.545588
2 5  0.537289
2 6  0.550374
2 7  0.553126
2 8  0.586249
2 9  0.569870
2 10  0.575944
2 11  0.567734
2 12  0.573079
2 13  0.573587
2 14  0.546946
2 15  0.267414
2 16  0.514652
2 17  0.549939
2 18  0.543796
2 19  0.552565
2 20  0.555021
2 21  0.557848
2 22  0.575527
2 23  0.589779
2 24  0.580786
2 25  0.576637
2 26  0.574638
3 4  0.554652
3 5  0.546368
3 6  0.559447
3 7  0.562200
3 8  0.595697
3 9  0.581519
3 10  0.585080
3 11  0.569381
3 12  0.583473
3 13  0.582662
3 14  0.554745
3 15  0.514677
3 16  0.274939
3 17  0.558927
3 18  0.552970
3 19  0.561637
3 20  0.564105
3 21  0.560954
3 22  0.584809
3 23  0.599112
3 24  0.588845
3 25  0.586771
3 26  0.583713
4 5  0.528706
4 6  0.543941
4 7  0.546957
4 8  0.552313
4 9  0.569638
4 10  0.542697
4 11  0.576764
4 12  0.575643
4 13  0.565053
4 14  0.536296
4 15  0.549188
4 16  0.556783
4 17  0.272908
4 18  0.537044
4 19  0.545219
4 20  0.548461
4 21  0.576961
4 22  0.536625
4 23  0.549370
4 24  0.576033
4 25  0.573588
4 26  0.567100
5 6  0.532107
5 7  0.533073
5 8  0.568777
5 9  0.562155
5 10  0.540306
5 11  0.568733
5 12  0.567508
5 13  0.540480
5 14  0.532569
5 15  0.540939
5 16  0.548778
5 17  0.534970
5 18  0.249448
5 19  0.537308
5 20  0.537157
5 21  0.568551
5 22  0.532979
5 23  0.573387
5 24  0.568157
5 25  0.564365
5 26  0.534056
6 7  0.504922
6 8  0.585650
6 9  0.575411
6 10  0.571374
6 11  0.581818
6 12  0.580600
6 13  0.541481
6 14  0.545439
6 15  0.554097
6 16  0.561846
6 17  0.547434
6 18  0.541527
6 19  0.275610
6 20  0.502011
6 21  0.581893
6 22  0.573459
6 23  0.588141
6 24  0.581196
6 25  0.578498
6 26  0.533319
7 8  0.588292
7 9  0.578161
7 10  0.575551
7 11  0.584570
7 12  0.583353
7 13  0.543937
7 14  0.548480
7 15  0.556842
7 16  0.564604
7 17  0.551176
7 18  0.541179
7 19  0.501426
7 20  0.276043
7 21  0.584628
7 22  0.576763
7 23  0.590852
7 24  0.583982
7 25  0.581110
7 26  0.536267
8 9  0.601246
8 10  0.592532
8 11  0.617444
8 12  0.614417
8 13  0.607756
8 14  0.557365
8 15  0.590315
8 16  0.598389
8 17  0.550332
8 18  0.576413
8 19  0.587430
8 20  0.589597
8 21  0.614399
8 22  0.584528
8 23  0.383930
8 24  0.615435
8 25  0.604044
8 26  0.609808
9 10  0.599498
9 11  0.581941
9 12  0.569563
9 13  0.598633
9 14  0.566954
9 15  0.577152
9 16  0.585817
9 17  0.574923
9 18  0.567894
9 19  0.577623
9 20  0.579984
9 21  0.575899
9 22  0.599633
9 23  0.603148
9 24  0.564960
9 25  0.370438
9 26  0.599449
10 11  0.607173
10 12  0.606116
10 13  0.588344
10 14  0.570615
10 15  0.579357
10 16  0.587306
10 17  0.540765
10 18  0.539954
10 19  0.575431
10 20  0.578891
10 21  0.607378
10 22  0.368114
10 23  0.587321
10 24  0.606646
10 25  0.602932
10 26  0.581236
11 12  0.587062
11 13  0.605037
11 14  0.572142
11 15  0.563256
11 16  0.562223
11 17  0.581299
11 18  0.575143
11 19  0.584014
11 20  0.586477
11 21  0.403325
11 22  0.607170
11 23  0.617396
11 24  0.583152
11 25  0.576682
11 26  0.605975
12 13  0.603814
12 14  0.563571
12 15  0.583581
12 16  0.590699
12 17  0.579796
12 18  0.574133
12 19  0.582767
12 20  0.585263
12 21  0.580561
12 22  0.605860
12 23  0.617750
12 24  0.367428
12 25  0.568316
12 26  0.604816
13 14  0.568232
13 15  0.577339
13 16  0.585071
13 17  0.569960
13 18  0.539923
13 19  0.534813
13 20  0.535404
13 21  0.605020
13 22  0.580206
13 23  0.611941
13 24  0.604392
13 25  0.601597
13 26  0.364930
14 15  0.549875
14 16  0.557100
14 17  0.540905
14 18  0.539148
14 19  0.547966
14 20  0.550409
14 21  0.574576
14 22  0.569170
14 23  0.563262
14 24  0.558016
14 25  0.571694
14 26  0.569916
15 16  0.521886
15 17  0.553781
15 18  0.547639
15 19  0.556319
15 20  0.558787
15 21  0.569863
15 22  0.579529
15 23  0.593073
15 24  0.576690
15 25  0.576090
15 26  0.578385
16 17  0.561518
16 18  0.555393
16 19  0.564063
16 20  0.566531
16 21  0.572254
16 22  0.587335
16 23  0.601174
16 24  0.586130
16 25  0.585741
16 26  0.586132
17 18  0.538642
17 19  0.550396
17 20  0.553217
17 21  0.581268
17 22  0.546334
17 23  0.559396
17 24  0.580733
17 25  0.576724
17 26  0.570054
18 19  0.539834
18 20  0.541106
18 21  0.575395
18 22  0.545491
18 23  0.578076
18 24  0.574748
18 25  0.571764
18 26  0.546086
19 20  0.508518
19 21  0.584091
19 22  0.573102
19 23  0.591001
19 24  0.583438
19 25  0.580732
19 26  0.544431
20 21  0.586557
20 22  0.576544
20 23  0.593443
20 24  0.585905
20 25  0.583195
20 26  0.547382
21 22  0.607034
21 23  0.620466
21 24  0.588848
21 25  0.586642
21 26  0.606161
22 23  0.596334
22 24  0.606560
22 25  0.602104
22 26  0.589950
23 24  0.618540
23 25  0.606739
23 26  0.611447
24 25  0.570803
24 26  0.605505
25 26  0.602782
