   -993.89028990
   -994.20455274
0.00002282146700
2 2 2 2 2 2 2 2 2 2 2 2 2 0 0 0 0 0 0 0 0 0 0 0 0 0 
1  0.269070
2  0.278534
3  0.287444
4  0.273354
5  0.264528
6  0.276267
7  0.278897
8  0.316231
9  0.305852
10  0.304599
11  0.311197
12  0.310377
13  0.300388
14  0.275788
15  0.282266
16  0.289838
17  0.277858
18  0.271256
19  0.278537
20  0.280861
21  0.311050
22  0.304282
23  0.319468
24  0.310802
25  0.309158
26  0.301339
1 2  0.546739
1 3  0.555143
1 4  0.538042
1 5  0.533419
1 6  0.545272
1 7  0.547883
1 8  0.564466
1 9  0.571373
1 10  0.572106
1 11  0.576092
1 12  0.560814
1 13  0.569289
1 14  0.258408
1 15  0.551188
1 16  0.557492
1 17  0.541947
1 18  0.540214
1 19  0.547274
1 20  0.549857
1 21  0.573483
1 22  0.572554
1 23  0.564350
1 24  0.564967
1 25  0.574134
1 26  0.569723
2 3  0.522416
2 4  0.551871
2 5  0.543043
2 6  0.554799
2 7  0.557430
2 8  0.593905
2 9  0.577109
2 10  0.583047
2 11  0.574197
2 12  0.579542
2 13  0.578916
2 14  0.554171
2 15  0.272477
2 16  0.520206
2 17  0.556243
2 18  0.549620
2 19  0.557056
2 20  0.559367
2 21  0.564290
2 22  0.582424
2 23  0.597559
2 24  0.587464
2 25  0.584342
2 26  0.579867
3 4  0.560770
3 5  0.551963
3 6  0.563710
3 7  0.566341
3 8  0.603209
3 9  0.588798
3 10  0.592032
3 11  0.575472
3 12  0.589978
3 13  0.587828
3 14  0.561705
3 15  0.520254
3 16  0.279791
3 17  0.565047
3 18  0.558678
3 19  0.565966
3 20  0.568294
3 21  0.567189
3 22  0.591570
3 23  0.606743
3 24  0.595406
3 25  0.594389
3 26  0.588776
4 5  0.535179
4 6  0.549169
4 7  0.552098
4 8  0.560976
4 9  0.578009
4 10  0.550429
4 11  0.584235
4 12  0.583523
4 13  0.570996
4 14  0.544362
4 15  0.555417
4 16  0.562838
4 17  0.279501
4 18  0.543715
4 19  0.550442
4 20  0.553646
4 21  0.584231
4 22  0.544422
4 23  0.558160
4 24  0.583683
4 25  0.582283
4 26  0.573176
5 6  0.536683
5 7  0.537449
5 8  0.576518
5 9  0.570133
5 10  0.547523
5 11  0.575706
5 12  0.574873
5 13  0.545880
5 14  0.540125
5 15  0.546644
5 16  0.554343
5 17  0.541581
5 18  0.255052
5 19  0.542075
5 20  0.541748
5 21  0.575278
5 22  0.540251
5 23  0.581473
5 24  0.575320
5 25  0.572534
5 26  0.539626
6 7  0.508443
6 8  0.592391
6 9  0.582094
6 10  0.577259
6 11  0.587460
6 12  0.586637
6 13  0.545722
6 14  0.551692
6 15  0.558489
6 16  0.566069
6 17  0.552718
6 18  0.546348
6 19  0.279019
6 20  0.505581
6 21  0.587317
6 22  0.579388
6 23  0.594939
6 24  0.587001
6 25  0.585379
6 26  0.537496
7 8  0.594906
7 9  0.584721
7 10  0.581390
7 11  0.590090
7 12  0.589267
7 13  0.548151
7 14  0.554618
7 15  0.561106
7 16  0.568706
7 17  0.556380
7 18  0.545893
7 19  0.505028
7 20  0.279274
7 21  0.589926
7 22  0.582562
7 23  0.597440
7 24  0.589678
7 25  0.587853
7 26  0.540365
8 9  0.610648
8 10  0.601524
8 11  0.626313
8 12  0.623698
8 13  0.615266
8 14  0.566931
8 15  0.598049
8 16  0.605952
8 17  0.559100
8 18  0.584558
8 19  0.594251
8 20  0.596226
8 21  0.623084
8 22  0.593537
8 23  0.393625
8 24  0.624555
8 25  0.614101
8 26  0.617340
9 10  0.608640
9 11  0.590236
9 12  0.578814
9 13  0.606224
9 14  0.576485
9 15  0.584736
9 16  0.593224
9 17  0.583480
9 18  0.575943
9 19  0.584383
9 20  0.586583
9 21  0.584213
9 22  0.608842
9 23  0.613066
9 24  0.573875
9 25  0.379852
9 26  0.606912
10 11  0.615453
10 12  0.614824
10 13  0.595009
10 14  0.579507
10 15  0.586397
10 16  0.594200
10 17  0.548753
10 18  0.547475
10 19  0.581581
10 20  0.584896
10 21  0.615488
10 22  0.376370
10 23  0.596558
10 24  0.615143
10 25  0.612462
10 26  0.587994
11 12  0.595151
11 13  0.611583
11 14  0.580567
11 15  0.569838
11 16  0.568581
11 17  0.588859
11 18  0.582192
11 19  0.589729
11 20  0.592048
11 21  0.410680
11 22  0.615340
11 23  0.626278
11 24  0.591073
11 25  0.585290
11 26  0.612402
12 13  0.610753
12 14  0.571916
12 15  0.590433
12 16  0.597468
12 17  0.587738
12 18  0.581623
12 19  0.588851
12 20  0.591224
12 21  0.588448
12 22  0.614384
12 23  0.627117
12 24  0.375169
12 25  0.577742
12 26  0.611639
13 14  0.575344
13 15  0.582654
13 16  0.590209
13 17  0.576200
13 18  0.545666
13 19  0.539178
13 20  0.539637
13 21  0.611325
13 22  0.586900
13 23  0.619615
13 24  0.611095
13 25  0.609354
13 26  0.369914
14 15  0.556984
14 16  0.564003
14 17  0.548859
14 18  0.546831
14 19  0.554290
14 20  0.556576
14 21  0.582530
14 22  0.577826
14 23  0.572596
14 24  0.565640
14 25  0.581333
14 26  0.576963
15 16  0.527362
15 17  0.560101
15 18  0.553490
15 19  0.560802
15 20  0.563126
15 21  0.576164
15 22  0.586460
15 23  0.600723
15 24  0.582998
15 25  0.583542
15 26  0.583597
16 17  0.567673
16 18  0.561079
16 19  0.568373
16 20  0.570698
16 21  0.578225
16 22  0.594106
16 23  0.608698
16 24  0.592475
16 25  0.593046
16 26  0.591172
17 18  0.545250
17 19  0.555734
17 20  0.558455
17 21  0.588558
17 22  0.554047
17 23  0.568170
17 24  0.588469
17 25  0.585289
17 26  0.575981
18 19  0.544591
18 20  0.545699
18 21  0.582265
18 22  0.552580
18 23  0.585986
18 24  0.582017
18 25  0.580040
18 26  0.551639
19 20  0.512168
19 21  0.589585
19 22  0.578898
19 23  0.597851
19 24  0.589336
19 25  0.587682
19 26  0.548594
20 21  0.591909
20 22  0.582234
20 23  0.600153
20 24  0.591658
20 25  0.590003
20 26  0.551499
21 22  0.614932
21 23  0.629107
21 24  0.596528
21 25  0.594984
21 26  0.612386
22 23  0.605320
22 24  0.614889
22 25  0.611288
22 26  0.596420
23 24  0.627638
23 25  0.616258
23 26  0.618870
24 25  0.580064
24 26  0.612131
25 26  0.610460
