   -993.89028990
   -994.20500080
0.00000004690171
2 2 2 2 2 2 2 2 2 2 2 2 2 0 0 0 0 0 0 0 0 0 0 0 0 0 
1  0.270765
2  0.279505
3  0.288366
4  0.274765
5  0.265641
6  0.276877
7  0.279469
8  0.318204
9  0.307592
10  0.306173
11  0.312507
12  0.311768
13  0.301221
14  0.277557
15  0.283305
16  0.290829
17  0.279300
18  0.272423
19  0.279135
20  0.281429
21  0.312355
22  0.305809
23  0.321350
24  0.312149
25  0.310886
26  0.302160
1 2  0.549357
1 3  0.557696
1 4  0.541065
1 5  0.536223
1 6  0.547570
1 7  0.550123
1 8  0.568023
1 9  0.574791
1 10  0.575318
1 11  0.579023
1 12  0.563510
1 13  0.571804
1 14  0.261667
1 15  0.553918
1 16  0.560126
1 17  0.545092
1 18  0.543070
1 19  0.549538
1 20  0.552096
1 21  0.576477
1 22  0.575754
1 23  0.567916
1 24  0.567873
1 25  0.577545
1 26  0.572181
2 3  0.524414
2 4  0.554246
2 5  0.545109
2 6  0.556380
2 7  0.558972
2 8  0.596783
2 9  0.579702
2 10  0.585586
2 11  0.576450
2 12  0.581753
2 13  0.580717
2 14  0.556902
2 15  0.274485
2 16  0.522301
2 17  0.558639
2 18  0.551717
2 19  0.558613
2 20  0.560882
2 21  0.566594
2 22  0.584871
2 23  0.600386
2 24  0.589741
2 25  0.587032
2 26  0.581654
3 4  0.563095
3 5  0.553989
3 6  0.565242
3 7  0.567835
3 8  0.606059
3 9  0.591337
3 10  0.594527
3 11  0.577613
3 12  0.592259
3 13  0.589582
3 14  0.564346
3 15  0.522365
3 16  0.281749
3 17  0.567329
3 18  0.560763
3 19  0.567471
3 20  0.569777
3 21  0.569430
3 22  0.594006
3 23  0.609530
3 24  0.597662
3 25  0.596999
3 26  0.590519
4 5  0.537630
4 6  0.551159
4 7  0.554076
4 8  0.564341
4 9  0.581079
4 10  0.553349
4 11  0.586925
4 12  0.586317
4 13  0.573171
4 14  0.547544
4 15  0.557842
4 16  0.565152
4 17  0.282210
4 18  0.546255
4 19  0.552414
4 20  0.555626
4 21  0.586921
4 22  0.547332
4 23  0.561476
4 24  0.586450
4 25  0.585390
4 26  0.575409
5 6  0.538345
5 7  0.539107
5 8  0.579479
5 9  0.572963
5 10  0.550107
5 11  0.578125
5 12  0.577370
5 13  0.547788
5 14  0.543001
5 15  0.548753
5 16  0.556449
5 17  0.544100
5 18  0.257196
5 19  0.543766
5 20  0.543435
5 21  0.577667
5 22  0.542875
5 23  0.584473
5 24  0.577779
5 25  0.575325
5 26  0.541559
6 7  0.509709
6 8  0.594967
6 9  0.584437
6 10  0.579389
6 11  0.589377
6 12  0.588635
6 13  0.547174
6 14  0.554050
6 15  0.560109
6 16  0.567649
6 17  0.554719
6 18  0.548100
6 19  0.280299
6 20  0.506845
6 21  0.589232
6 22  0.581523
6 23  0.597432
6 24  0.588945
6 25  0.587712
6 26  0.538950
7 8  0.597436
7 9  0.587032
7 10  0.583489
7 11  0.591969
7 12  0.591225
7 13  0.549601
7 14  0.556961
7 15  0.562680
7 16  0.570256
7 17  0.558399
7 18  0.547638
7 19  0.506286
7 20  0.280522
7 21  0.591798
7 22  0.584645
7 23  0.599852
7 24  0.591590
7 25  0.590137
7 26  0.541797
8 9  0.614106
8 10  0.604888
8 11  0.629541
8 12  0.627029
8 13  0.618000
8 14  0.570666
8 15  0.601037
8 16  0.608902
8 17  0.562495
8 18  0.587700
8 19  0.596819
8 20  0.598722
8 21  0.626317
8 22  0.596925
8 23  0.397600
8 24  0.627846
8 25  0.617708
8 26  0.620115
9 10  0.611868
9 11  0.593061
9 12  0.581984
9 13  0.608796
9 14  0.579989
9 15  0.587511
9 16  0.595899
9 17  0.586630
9 18  0.578804
9 19  0.586721
9 20  0.588887
9 21  0.587077
9 22  0.612128
9 23  0.616626
9 24  0.576972
9 25  0.383208
9 26  0.609471
10 11  0.618307
10 12  0.617770
10 13  0.597318
10 14  0.582825
10 15  0.588934
10 16  0.596746
10 17  0.551746
10 18  0.550177
10 19  0.583750
10 20  0.587021
10 21  0.618368
10 22  0.379612
10 23  0.599890
10 24  0.618055
10 25  0.615776
10 26  0.590340
11 12  0.597831
11 13  0.613726
11 14  0.583637
11 15  0.572189
11 16  0.570861
11 17  0.591585
11 18  0.584648
11 19  0.591633
11 20  0.593922
11 21  0.413456
11 22  0.618174
11 23  0.629430
11 24  0.593695
11 25  0.588158
11 26  0.614522
12 13  0.612976
12 14  0.574887
12 15  0.592806
12 16  0.599843
12 17  0.590588
12 18  0.584181
12 19  0.590824
12 20  0.593178
12 21  0.591089
12 22  0.617278
12 23  0.630347
12 24  0.377747
12 25  0.580909
12 26  0.613835
13 14  0.577887
13 15  0.584526
13 16  0.592035
13 17  0.578481
13 18  0.547673
13 19  0.540626
13 20  0.541068
13 21  0.613458
13 22  0.589207
13 23  0.622309
13 24  0.613253
13 25  0.611915
13 26  0.371747
14 15  0.559741
14 16  0.566678
14 17  0.552001
14 18  0.549762
14 19  0.556655
14 20  0.558899
14 21  0.585529
14 22  0.581054
14 23  0.576159
14 24  0.568319
14 25  0.584810
14 26  0.579540
15 16  0.529501
15 17  0.562574
15 18  0.555677
15 19  0.562439
15 20  0.564732
15 21  0.578478
15 22  0.589018
15 23  0.603549
15 24  0.585260
15 25  0.586196
15 26  0.585452
16 17  0.570101
16 18  0.563227
16 19  0.569963
16 20  0.572257
16 21  0.580450
16 22  0.596623
16 23  0.611529
16 24  0.594768
16 25  0.595631
16 26  0.592982
17 18  0.547772
17 19  0.557739
17 20  0.560456
17 21  0.591274
17 22  0.556962
17 23  0.571488
17 24  0.591255
17 25  0.588346
17 26  0.578186
18 19  0.546310
18 20  0.547404
18 21  0.584732
18 22  0.555143
18 23  0.588911
18 24  0.584525
18 25  0.582903
18 26  0.553599
19 20  0.513425
19 21  0.591486
19 22  0.580961
19 23  0.600321
19 24  0.591280
19 25  0.590002
19 26  0.550010
20 21  0.593780
20 22  0.584259
20 23  0.602587
20 24  0.593572
20 25  0.592297
20 26  0.552929
21 22  0.617732
21 23  0.632230
21 24  0.599157
21 25  0.597815
21 26  0.614511
22 23  0.608583
22 24  0.617741
22 25  0.614463
22 26  0.598686
23 24  0.630842
23 25  0.619611
23 26  0.621488
24 25  0.583191
24 26  0.614299
25 26  0.613006
