   -841.25427943
   -841.51470526
0.00013059788900
2 2 2 2 2 2 2 2 2 2 2 0 0 0 0 0 0 0 0 0 0 0 
1  0.294195
2  0.294291
3  0.293659
4  0.293740
5  0.271665
6  0.274166
7  0.273430
8  0.276183
9  0.255611
10  0.256848
11  0.263470
12  0.268245
13  0.260961
14  0.261778
15  0.278241
16  0.276427
17  0.276096
18  0.274104
19  0.294287
20  0.295210
21  0.295887
22  0.294738
1 2  0.578350
1 3  0.587844
1 4  0.586132
1 5  0.565848
1 6  0.568349
1 7  0.537961
1 8  0.539519
1 9  0.549618
1 10  0.532023
1 11  0.556403
1 12  0.561894
1 13  0.529374
1 14  0.555024
1 15  0.531414
1 16  0.531813
1 17  0.570233
1 18  0.568296
1 19  0.587703
1 20  0.358199
1 21  0.571466
1 22  0.588623
2 3  0.587173
2 4  0.572754
2 5  0.565910
2 6  0.568313
2 7  0.564349
2 8  0.568700
2 9  0.546838
2 10  0.530157
2 11  0.531630
2 12  0.529779
2 13  0.525543
2 14  0.553470
2 15  0.572019
2 16  0.569117
2 17  0.569709
2 18  0.568026
2 19  0.565153
2 20  0.571797
2 21  0.352734
2 22  0.588883
3 4  0.577477
3 5  0.535030
3 6  0.537186
3 7  0.567078
3 8  0.569834
3 9  0.530790
3 10  0.550405
3 11  0.554941
3 12  0.559937
3 13  0.553918
3 14  0.529546
3 15  0.571897
3 16  0.570069
3 17  0.528610
3 18  0.528702
3 19  0.569852
3 20  0.588563
3 21  0.589419
3 22  0.356307
4 5  0.562095
4 6  0.566089
4 7  0.566891
4 8  0.569882
4 9  0.527584
4 10  0.549151
4 11  0.530874
4 12  0.529232
4 13  0.554187
4 14  0.526459
4 15  0.571658
4 16  0.569407
4 17  0.569366
4 18  0.566252
4 19  0.351237
4 20  0.588097
4 21  0.565912
4 22  0.570394
5 6  0.498833
5 7  0.545094
5 8  0.547847
5 9  0.523880
5 10  0.528487
5 11  0.534786
5 12  0.538755
5 13  0.532498
5 14  0.532453
5 15  0.549876
5 16  0.548059
5 17  0.495839
5 18  0.269005
5 19  0.564823
5 20  0.566868
5 21  0.566894
5 22  0.526814
6 7  0.547595
6 8  0.550349
6 9  0.524468
6 10  0.530976
6 11  0.537547
6 12  0.542043
6 13  0.535117
6 14  0.531924
6 15  0.552380
6 16  0.550541
6 17  0.269551
6 18  0.495162
6 19  0.567831
6 20  0.569309
6 21  0.569440
6 22  0.529928
7 8  0.501929
7 9  0.528990
7 10  0.526975
7 11  0.536826
7 12  0.541376
7 13  0.533557
7 14  0.534881
7 15  0.498680
7 16  0.269257
7 17  0.549477
7 18  0.547519
7 19  0.566810
7 20  0.529422
7 21  0.568003
7 22  0.568153
8 9  0.531773
8 10  0.527617
8 11  0.539486
8 12  0.543718
8 13  0.533371
8 14  0.537916
8 15  0.270722
8 16  0.498715
8 17  0.552257
8 18  0.550268
8 19  0.570143
8 20  0.532011
8 21  0.571495
8 22  0.570915
9 10  0.512388
9 11  0.517057
9 12  0.523309
9 13  0.516278
9 14  0.239315
9 15  0.533805
9 16  0.531770
9 17  0.528364
9 18  0.528904
9 19  0.520961
9 20  0.549908
9 21  0.549323
9 22  0.523879
10 11  0.515857
10 12  0.520452
10 13  0.239310
10 14  0.518477
10 15  0.531600
10 16  0.532499
10 17  0.532929
10 18  0.530782
10 19  0.550555
10 20  0.525426
10 21  0.524128
10 22  0.550979
11 12  0.258070
11 13  0.520316
11 14  0.524639
11 15  0.541154
11 16  0.539531
11 17  0.539125
11 18  0.536234
11 19  0.525735
11 20  0.558258
11 21  0.526374
11 22  0.556478
12 13  0.524493
12 14  0.526785
12 15  0.546368
12 16  0.544564
12 17  0.544160
12 18  0.541830
12 19  0.535611
12 20  0.561655
12 21  0.536891
12 22  0.560260
13 14  0.522607
13 15  0.533619
13 16  0.533049
13 17  0.537024
13 18  0.535044
13 19  0.552987
13 20  0.535910
13 21  0.535268
13 22  0.555602
14 15  0.539987
14 16  0.538142
14 17  0.532195
14 18  0.531372
14 19  0.533155
14 20  0.556715
14 21  0.554418
14 22  0.536021
15 16  0.505973
15 17  0.554337
15 18  0.552343
15 19  0.572451
15 20  0.543220
15 21  0.571654
15 22  0.572968
16 17  0.552522
16 18  0.550529
16 19  0.570375
16 20  0.541626
16 21  0.568600
16 22  0.571152
17 18  0.502645
17 19  0.567755
17 20  0.571297
17 21  0.571856
17 22  0.540827
18 19  0.564824
18 20  0.569310
18 21  0.569906
18 22  0.538321
19 20  0.587441
19 21  0.575689
19 22  0.579443
20 21  0.580929
20 22  0.589929
21 22  0.589441
