   -841.25427943
   -841.51686234
0.00003709258640
2 2 2 2 2 2 2 2 2 2 2 0 0 0 0 0 0 0 0 0 0 0 
1  0.299530
2  0.301945
3  0.298975
4  0.301127
5  0.274995
6  0.277420
7  0.276744
8  0.279371
9  0.261707
10  0.262960
11  0.269768
12  0.274785
13  0.267444
14  0.268119
15  0.281606
16  0.279901
17  0.279329
18  0.277367
19  0.301721
20  0.300579
21  0.303383
22  0.299880
1 2  0.590678
1 3  0.598491
1 4  0.598686
1 5  0.574504
1 6  0.576926
1 7  0.546251
1 8  0.547748
1 9  0.561036
1 10  0.542938
1 11  0.567703
1 12  0.573740
1 13  0.540917
1 14  0.566646
1 15  0.539832
1 16  0.540374
1 17  0.578792
1 18  0.576893
1 19  0.600513
1 20  0.369249
1 21  0.583889
1 22  0.599003
2 3  0.599908
2 4  0.586931
2 5  0.576868
2 6  0.579194
2 7  0.575001
2 8  0.579153
2 9  0.560297
2 10  0.543485
2 11  0.544970
2 12  0.543717
2 13  0.539469
2 14  0.567502
2 15  0.582957
2 16  0.580237
2 17  0.580541
2 18  0.578869
2 19  0.579560
2 20  0.584218
2 21  0.368662
2 22  0.601641
3 4  0.589415
3 5  0.543442
3 6  0.545515
3 7  0.575705
3 8  0.578335
3 9  0.541615
3 10  0.561803
3 11  0.566240
3 12  0.571738
3 13  0.565634
3 14  0.540869
3 15  0.580564
3 16  0.578865
3 17  0.536985
3 18  0.537127
3 19  0.581915
3 20  0.599245
3 21  0.602183
3 22  0.367275
4 5  0.572537
4 6  0.576470
4 7  0.577578
4 8  0.580428
4 9  0.540598
4 10  0.562227
4 11  0.544133
4 12  0.542899
4 13  0.567974
4 14  0.540105
4 15  0.582389
4 16  0.580051
4 17  0.579913
4 18  0.576864
4 19  0.366592
4 20  0.600907
4 21  0.580141
4 22  0.582400
5 6  0.505533
5 7  0.551736
5 8  0.554364
5 9  0.532745
5 10  0.537906
5 11  0.544381
5 12  0.548412
5 13  0.542207
5 14  0.541964
5 15  0.556569
5 16  0.554846
5 17  0.502667
5 18  0.275668
5 19  0.575511
5 20  0.575566
5 21  0.577725
5 22  0.535017
6 7  0.554161
6 8  0.556789
6 9  0.533394
6 10  0.540325
6 11  0.547057
6 12  0.551863
6 13  0.544845
6 14  0.541332
6 15  0.558995
6 16  0.557232
6 17  0.276130
6 18  0.501943
6 19  0.578502
6 20  0.577872
6 21  0.580061
6 22  0.538043
7 8  0.508546
7 9  0.538378
7 10  0.535880
7 11  0.546400
7 12  0.551194
7 13  0.543154
7 14  0.544515
7 15  0.505629
7 16  0.276072
7 17  0.556012
7 18  0.554091
7 19  0.577529
7 20  0.537864
7 21  0.578766
7 22  0.576607
8 9  0.541039
8 10  0.536602
8 11  0.548941
8 12  0.553416
8 13  0.542980
8 14  0.547448
8 15  0.277277
8 16  0.505689
8 17  0.558673
8 18  0.556713
8 19  0.580717
8 20  0.540360
8 21  0.582101
8 22  0.579238
9 10  0.524573
9 11  0.529038
9 12  0.535825
9 13  0.528840
9 14  0.250078
9 15  0.543266
9 16  0.541211
9 17  0.537601
9 18  0.538142
9 19  0.534299
9 20  0.561186
9 21  0.562871
9 22  0.534870
10 11  0.527976
10 12  0.533065
10 13  0.250226
10 14  0.530879
10 15  0.541015
10 16  0.541949
10 17  0.542268
10 18  0.540107
10 19  0.564043
10 20  0.536641
10 21  0.537510
10 22  0.562131
11 12  0.269149
11 13  0.532976
11 14  0.537159
11 15  0.550665
11 16  0.549343
11 17  0.548542
11 18  0.545742
11 19  0.539174
11 20  0.569875
11 21  0.539965
11 22  0.567985
12 13  0.536997
12 14  0.539305
12 15  0.556267
12 16  0.554538
12 17  0.553883
12 18  0.551551
12 19  0.548959
12 20  0.573284
12 21  0.550498
12 22  0.571631
13 14  0.535426
13 15  0.542923
13 16  0.542459
13 17  0.546730
13 18  0.544785
13 19  0.566538
13 20  0.547184
13 21  0.548719
13 22  0.567211
14 15  0.549669
14 16  0.547919
14 17  0.541237
14 18  0.540517
14 19  0.546393
14 20  0.568385
14 21  0.567704
14 22  0.546958
15 16  0.513121
15 17  0.560933
15 18  0.558970
15 19  0.583225
15 20  0.551622
15 21  0.582056
15 22  0.581472
16 17  0.559227
16 18  0.557266
16 19  0.581272
16 20  0.550093
16 21  0.579119
16 22  0.579761
17 18  0.509394
17 19  0.578066
17 20  0.579893
17 21  0.582569
17 22  0.548928
18 19  0.575052
18 20  0.577938
18 21  0.580647
18 22  0.546379
19 20  0.599942
19 21  0.589858
19 22  0.591447
20 21  0.593118
20 22  0.600434
21 22  0.601823
