   -841.25427943
   -841.51770647
0.00001238219040
2 2 2 2 2 2 2 2 2 2 2 0 0 0 0 0 0 0 0 0 0 0 
1  0.302172
2  0.305974
3  0.301549
4  0.305257
5  0.276701
6  0.279018
7  0.278492
8  0.280988
9  0.264649
10  0.265722
11  0.273071
12  0.278190
13  0.270233
14  0.271168
15  0.283279
16  0.281746
17  0.280962
18  0.279137
19  0.305651
20  0.303160
21  0.307301
22  0.302366
1 2  0.596937
1 3  0.603703
1 4  0.605223
1 5  0.578841
1 6  0.581154
1 7  0.550534
1 8  0.551976
1 9  0.566589
1 10  0.548114
1 11  0.573479
1 12  0.579738
1 13  0.546293
1 14  0.572263
1 15  0.544117
1 16  0.544814
1 17  0.583050
1 18  0.581303
1 19  0.607081
1 20  0.374282
1 21  0.590236
1 22  0.604099
2 3  0.606381
2 4  0.594680
2 5  0.582581
2 6  0.584791
2 7  0.580520
2 8  0.584648
2 9  0.566969
2 10  0.550057
2 11  0.552173
2 12  0.551091
2 13  0.546248
2 14  0.574529
2 15  0.588609
2 16  0.586047
2 17  0.586125
2 18  0.584644
2 19  0.587218
2 20  0.590621
2 21  0.376066
2 22  0.608127
3 4  0.595696
3 5  0.547637
3 6  0.549678
3 7  0.580020
3 8  0.582523
3 9  0.546880
3 10  0.567125
3 11  0.571868
3 12  0.577663
3 13  0.570962
3 14  0.546430
3 15  0.584817
3 16  0.583282
3 17  0.541159
3 18  0.541435
3 19  0.588223
3 20  0.604349
3 21  0.608639
3 22  0.372134
4 5  0.578101
4 6  0.582016
4 7  0.583410
4 8  0.586158
4 9  0.547379
4 10  0.568961
4 11  0.551375
4 12  0.550385
4 13  0.574827
4 14  0.547158
4 15  0.588164
4 16  0.586000
4 17  0.585628
4 18  0.582712
4 19  0.374196
4 20  0.607593
4 21  0.587914
4 22  0.588796
5 6  0.509051
5 7  0.555187
5 8  0.557686
5 9  0.537200
5 10  0.542355
5 11  0.549321
5 12  0.553441
5 13  0.546700
5 14  0.546653
5 15  0.559931
5 16  0.558364
5 17  0.506215
5 18  0.279051
5 19  0.581104
5 20  0.579855
5 21  0.583342
5 22  0.539164
6 7  0.557504
6 8  0.560004
6 9  0.537662
6 10  0.544663
6 11  0.551932
6 12  0.556830
6 13  0.549236
6 14  0.545929
6 15  0.562244
6 16  0.560623
6 17  0.279347
6 18  0.505528
6 19  0.583988
6 20  0.582053
6 21  0.585514
6 22  0.542113
7 8  0.512105
7 9  0.543029
7 10  0.540239
7 11  0.551430
7 12  0.556328
7 13  0.547629
7 14  0.549215
7 15  0.509266
7 16  0.279502
7 17  0.559375
7 18  0.557596
7 19  0.583159
7 20  0.542124
7 21  0.584390
7 22  0.580836
8 9  0.545578
8 10  0.540737
8 11  0.553842
8 12  0.558332
8 13  0.547292
8 14  0.552107
8 15  0.280429
8 16  0.509359
8 17  0.561923
8 18  0.560086
8 19  0.586232
8 20  0.544516
8 21  0.587589
8 22  0.583339
9 10  0.530260
9 11  0.535150
9 12  0.542100
9 13  0.534525
9 14  0.255407
9 15  0.547877
9 16  0.545963
9 17  0.542078
9 18  0.542786
9 19  0.541129
9 20  0.566678
9 21  0.569675
9 22  0.540281
10 11  0.533719
10 12  0.539146
10 13  0.255244
10 14  0.536655
10 15  0.545352
10 16  0.546496
10 17  0.546651
10 18  0.544584
10 19  0.570680
10 20  0.541984
10 21  0.544168
10 22  0.567309
11 12  0.275241
11 13  0.538984
11 14  0.543451
11 15  0.555569
11 16  0.554453
11 17  0.553454
11 18  0.550673
11 19  0.546351
11 20  0.575706
11 21  0.547199
11 22  0.573745
12 13  0.542916
12 14  0.545578
12 15  0.561330
12 16  0.559764
12 17  0.558883
12 18  0.556651
12 19  0.556092
12 20  0.579087
12 21  0.557696
12 22  0.577304
13 14  0.541237
13 15  0.547121
13 16  0.546872
13 17  0.551137
13 18  0.549333
13 19  0.573067
13 20  0.552367
13 21  0.555223
13 22  0.572474
14 15  0.554364
14 16  0.552765
14 17  0.545700
14 18  0.545132
14 19  0.553084
14 20  0.573976
14 21  0.574359
14 22  0.552334
15 16  0.516854
15 17  0.564236
15 18  0.562412
15 19  0.588811
15 20  0.555814
15 21  0.587427
15 22  0.585628
16 17  0.562703
16 18  0.560880
16 19  0.587002
16 20  0.554351
16 21  0.584614
16 22  0.584082
17 18  0.513015
17 19  0.583431
17 20  0.584103
17 21  0.588098
17 22  0.552992
18 19  0.580526
18 20  0.582280
18 21  0.586312
18 22  0.550491
19 20  0.606229
19 21  0.597356
19 22  0.597557
20 21  0.599260
20 22  0.605496
21 22  0.608082
