   -841.25427943
   -841.51794671
0.00000003385196
2 2 2 2 2 2 2 2 2 2 2 0 0 0 0 0 0 0 0 0 0 0 
1  0.302961
2  0.307174
3  0.302313
4  0.306488
5  0.277259
6  0.279546
7  0.279039
8  0.281448
9  0.265594
10  0.266602
11  0.274173
12  0.279327
13  0.271145
14  0.272163
15  0.283764
16  0.282325
17  0.281483
18  0.279689
19  0.306850
20  0.303923
21  0.308460
22  0.303106
1 2  0.598817
1 3  0.605253
1 4  0.607174
1 5  0.580177
1 6  0.582465
1 7  0.551858
1 8  0.553251
1 9  0.568313
1 10  0.549750
1 11  0.575299
1 12  0.581640
1 13  0.547970
1 14  0.573995
1 15  0.545410
1 16  0.546190
1 17  0.584358
1 18  0.582639
1 19  0.609072
1 20  0.375947
1 21  0.592120
1 22  0.605631
2 3  0.608289
2 4  0.596954
2 5  0.584334
2 6  0.586505
2 7  0.582211
2 8  0.586255
2 9  0.569035
2 10  0.552081
2 11  0.554420
2 12  0.553374
2 13  0.548347
2 14  0.576730
2 15  0.590273
2 16  0.587820
2 17  0.587807
2 18  0.586393
2 19  0.589489
2 20  0.592530
2 21  0.378525
2 22  0.610049
3 4  0.597576
3 5  0.548959
3 6  0.550999
3 7  0.581326
3 8  0.583748
3 9  0.548543
3 10  0.568761
3 11  0.573671
3 12  0.579569
3 13  0.572569
3 14  0.548182
3 15  0.586070
3 16  0.584622
3 17  0.542460
3 18  0.542760
3 19  0.590124
3 20  0.605873
3 21  0.610545
3 22  0.373787
4 5  0.579837
4 6  0.583723
4 7  0.585176
4 8  0.587843
4 9  0.549458
4 10  0.571000
4 11  0.553636
4 12  0.552716
4 13  0.576942
4 14  0.549325
4 15  0.589874
4 16  0.587786
4 17  0.587361
4 18  0.584491
4 19  0.376703
4 20  0.609589
4 21  0.590189
4 22  0.590692
5 6  0.510211
5 7  0.556290
5 8  0.558704
5 9  0.538642
5 10  0.543784
5 11  0.550948
5 12  0.555087
5 13  0.548154
5 14  0.548180
5 15  0.560962
5 16  0.559482
5 17  0.507366
5 18  0.280202
5 19  0.582859
5 20  0.581178
5 21  0.585053
5 22  0.540476
6 7  0.558576
6 8  0.560990
6 9  0.539108
6 10  0.546041
6 11  0.553556
6 12  0.558499
6 13  0.550673
6 14  0.547455
6 15  0.563248
6 16  0.561691
6 17  0.280482
6 18  0.506684
6 19  0.585695
6 20  0.583344
6 21  0.587160
6 22  0.543403
7 8  0.513183
7 9  0.544493
7 10  0.541625
7 11  0.553073
7 12  0.558015
7 13  0.549065
7 14  0.550733
7 15  0.510372
7 16  0.280656
7 17  0.560415
7 18  0.558679
7 19  0.584887
7 20  0.543437
7 21  0.586095
7 22  0.582116
8 9  0.546966
8 10  0.542056
8 11  0.555394
8 12  0.559856
8 13  0.548668
8 14  0.553561
8 15  0.281426
8 16  0.510477
8 17  0.562900
8 18  0.561082
8 19  0.587896
8 20  0.545753
8 21  0.589191
8 22  0.584543
9 10  0.532082
9 11  0.537125
9 12  0.544149
9 13  0.536377
9 14  0.257189
9 15  0.549308
9 16  0.547467
9 17  0.543548
9 18  0.544262
9 19  0.543252
9 20  0.568339
9 21  0.571783
9 22  0.541947
10 11  0.535634
10 12  0.541167
10 13  0.256963
10 14  0.538524
10 15  0.546723
10 16  0.547937
10 17  0.548037
10 18  0.545991
10 19  0.572736
10 20  0.543632
10 21  0.546172
10 22  0.568864
11 12  0.277337
11 13  0.540999
11 14  0.545510
11 15  0.557086
11 16  0.556132
11 17  0.555077
11 18  0.552289
11 19  0.548599
11 20  0.577549
11 21  0.549442
11 22  0.575590
12 13  0.544902
12 14  0.547623
12 15  0.562945
12 16  0.561471
12 17  0.560531
12 18  0.558303
12 19  0.558350
12 20  0.580905
12 21  0.559945
12 22  0.579125
13 14  0.543139
13 15  0.548495
13 16  0.548309
13 17  0.552554
13 18  0.550794
13 19  0.575088
13 20  0.554008
13 21  0.557236
13 22  0.574116
14 15  0.555826
14 16  0.554311
14 17  0.547187
14 18  0.546630
14 19  0.555180
14 20  0.575719
14 21  0.576426
14 22  0.554034
15 16  0.517989
15 17  0.565239
15 18  0.563450
15 19  0.590488
15 20  0.557078
15 21  0.588999
15 22  0.586852
16 17  0.563798
16 18  0.562008
16 19  0.588768
16 20  0.555668
16 21  0.586293
16 22  0.585389
17 18  0.514172
17 19  0.585086
17 20  0.585388
17 21  0.589765
17 22  0.554276
18 19  0.582220
18 20  0.583587
18 21  0.588015
18 22  0.551768
19 20  0.608123
19 21  0.599579
19 22  0.599409
20 21  0.601084
20 22  0.606994
21 22  0.609918
