  -1146.53742900
  -1146.89931000
0.00007060924870
2 2 2 2 2 2 2 2 2 2 2 2 2 2 2 0 0 0 0 0 0 0 0 0 0 0 0 0 0 0 
1  0.267180
2  0.273292
3  0.269996
4  0.278905
5  0.279828
6  0.263614
7  0.276127
8  0.276540
9  0.302375
10  0.299352
11  0.302966
12  0.302405
13  0.305224
14  0.298403
15  0.313229
16  0.271897
17  0.280541
18  0.274210
19  0.282593
20  0.282302
21  0.269041
22  0.278746
23  0.279607
24  0.303509
25  0.302522
26  0.315835
27  0.305019
28  0.300136
29  0.305832
30  0.299632
1 2  0.539479
1 3  0.532763
1 4  0.545891
1 5  0.546753
1 6  0.530778
1 7  0.543298
1 8  0.543712
1 9  0.569045
1 10  0.555313
1 11  0.564399
1 12  0.569572
1 13  0.571261
1 14  0.557585
1 15  0.556314
1 16  0.258115
1 17  0.546112
1 18  0.536378
1 19  0.549546
1 20  0.548750
1 21  0.536116
1 22  0.545925
1 23  0.546742
1 24  0.565262
1 25  0.569512
1 26  0.553790
1 27  0.572017
1 28  0.562593
1 29  0.572403
1 30  0.554948
2 3  0.543271
2 4  0.552193
2 5  0.553115
2 6  0.534710
2 7  0.549282
2 8  0.549397
2 9  0.552778
2 10  0.567906
2 11  0.554811
2 12  0.573123
2 13  0.578511
2 14  0.569156
2 15  0.586191
2 16  0.543604
2 17  0.265248
2 18  0.547267
2 19  0.555880
2 20  0.555591
2 21  0.541962
2 22  0.551457
2 23  0.551121
2 24  0.552043
2 25  0.573535
2 26  0.588969
2 27  0.552054
2 28  0.570733
2 29  0.579007
2 30  0.568245
3 4  0.545201
3 5  0.543840
3 6  0.533599
3 7  0.546123
3 8  0.546535
3 9  0.572364
3 10  0.569247
3 11  0.572689
3 12  0.572394
3 13  0.553832
3 14  0.566999
3 15  0.558137
3 16  0.536668
3 17  0.550112
3 18  0.263024
3 19  0.551420
3 20  0.548883
3 21  0.539035
3 22  0.548734
3 23  0.549594
3 24  0.572973
3 25  0.572509
3 26  0.554596
3 27  0.574835
3 28  0.569702
3 29  0.547351
3 30  0.569328
4 5  0.511537
4 6  0.542517
4 7  0.555032
4 8  0.555446
4 9  0.581271
4 10  0.578201
4 11  0.581863
4 12  0.581309
4 13  0.554623
4 14  0.577158
4 15  0.587574
4 16  0.550595
4 17  0.559440
4 18  0.551819
4 19  0.277798
4 20  0.508635
4 21  0.547906
4 22  0.557648
4 23  0.558512
4 24  0.582375
4 25  0.581417
4 26  0.593029
4 27  0.583867
4 28  0.578987
4 29  0.545860
4 30  0.577592
5 6  0.543441
5 7  0.555955
5 8  0.556368
5 9  0.582198
5 10  0.579145
5 11  0.582787
5 12  0.582233
5 13  0.556318
5 14  0.578198
5 15  0.589830
5 16  0.550926
5 17  0.560359
5 18  0.550229
5 19  0.509458
5 20  0.277478
5 21  0.548862
5 22  0.558574
5 23  0.559435
5 24  0.583256
5 25  0.582346
5 26  0.595003
5 27  0.584846
5 28  0.579956
5 29  0.548095
5 30  0.579122
6 7  0.534045
6 8  0.536509
6 9  0.541202
6 10  0.562004
6 11  0.565163
6 12  0.545020
6 13  0.568830
6 14  0.561226
6 15  0.576759
6 16  0.535300
6 17  0.543666
6 18  0.537823
6 19  0.546163
6 20  0.545902
6 21  0.258100
6 22  0.539140
6 23  0.542002
6 24  0.566805
6 25  0.538382
6 26  0.578938
6 27  0.537274
6 28  0.561833
6 29  0.569354
6 30  0.562153
7 8  0.506229
7 9  0.575321
7 10  0.575303
7 11  0.579011
7 12  0.551181
7 13  0.581351
7 14  0.574435
7 15  0.589347
7 16  0.548021
7 17  0.556344
7 18  0.550332
7 19  0.558713
7 20  0.558428
7 21  0.541334
7 22  0.272305
7 23  0.503925
7 24  0.579380
7 25  0.541945
7 26  0.591896
7 27  0.580525
7 28  0.575959
7 29  0.581936
7 30  0.575430
8 9  0.574521
8 10  0.575731
8 11  0.579471
8 12  0.549166
8 13  0.581762
8 14  0.574861
8 15  0.589762
8 16  0.548413
8 17  0.555507
8 18  0.550744
8 19  0.559132
8 20  0.558843
8 21  0.544300
8 22  0.503509
8 23  0.275817
8 24  0.579802
8 25  0.540347
8 26  0.592371
8 27  0.579921
8 28  0.576647
8 29  0.582364
8 30  0.576028
9 10  0.593218
9 11  0.601693
9 12  0.591174
9 13  0.607559
9 14  0.597560
9 15  0.615089
9 16  0.574134
9 17  0.558041
9 18  0.576483
9 19  0.584899
9 20  0.584669
9 21  0.541350
9 22  0.580509
9 23  0.579928
9 24  0.598737
9 25  0.583115
9 26  0.617858
9 27  0.370762
9 28  0.597998
9 29  0.607942
9 30  0.597937
10 11  0.570270
10 12  0.601534
10 13  0.604467
10 14  0.568300
10 15  0.608661
10 16  0.565808
10 17  0.576818
10 18  0.573131
10 19  0.581893
10 20  0.581648
10 21  0.566810
10 22  0.577979
10 23  0.578932
10 24  0.564279
10 25  0.601160
10 26  0.613434
10 27  0.600668
10 28  0.360581
10 29  0.604781
10 30  0.563761
11 12  0.605121
11 13  0.608113
11 14  0.572146
11 15  0.614648
11 16  0.569807
11 17  0.556305
11 18  0.576719
11 19  0.585509
11 20  0.585195
11 21  0.571434
11 22  0.581383
11 23  0.582289
11 24  0.390747
11 25  0.605341
11 26  0.615821
11 27  0.599935
11 28  0.565690
11 29  0.608748
11 30  0.566980
12 13  0.607623
12 14  0.600720
12 15  0.615629
12 16  0.574047
12 17  0.580194
12 18  0.576610
12 19  0.584990
12 20  0.584703
12 21  0.542650
12 22  0.543712
12 23  0.543112
12 24  0.605720
12 25  0.372096
12 26  0.618083
12 27  0.585915
12 28  0.601980
12 29  0.608231
12 30  0.601971
13 14  0.602347
13 15  0.604818
13 16  0.576364
13 17  0.585557
13 18  0.550759
13 19  0.548843
13 20  0.549142
13 21  0.574153
13 22  0.583952
13 23  0.584826
13 24  0.608686
13 25  0.607736
13 26  0.599381
13 27  0.609908
13 28  0.604878
13 29  0.376940
13 30  0.603957
14 15  0.600731
14 16  0.558981
14 17  0.574156
14 18  0.572306
14 19  0.580111
14 20  0.580370
14 21  0.566309
14 22  0.576911
14 23  0.577962
14 24  0.565689
14 25  0.600787
14 26  0.597522
14 27  0.599873
14 28  0.563743
14 29  0.603289
14 30  0.391756
15 16  0.556170
15 17  0.593609
15 18  0.556129
15 19  0.593812
15 20  0.594889
15 21  0.581833
15 22  0.591944
15 23  0.592834
15 24  0.614050
15 25  0.615579
15 26  0.383451
15 27  0.617967
15 28  0.611868
15 29  0.597923
15 30  0.596019
16 17  0.551111
16 18  0.541521
16 19  0.554276
16 20  0.554022
16 21  0.540908
16 22  0.550633
16 23  0.551496
16 24  0.568861
16 25  0.574410
16 26  0.562965
16 27  0.576191
16 28  0.559365
16 29  0.576190
16 30  0.562398
17 18  0.554736
17 19  0.563128
17 20  0.562836
17 21  0.546570
17 22  0.559026
17 23  0.559495
17 24  0.561401
17 25  0.580222
17 26  0.595936
17 27  0.560361
17 28  0.575999
17 29  0.586363
17 30  0.577102
18 19  0.551872
18 20  0.549922
18 21  0.543244
18 22  0.552956
18 23  0.553816
18 24  0.577503
18 25  0.576726
18 26  0.564391
18 27  0.579225
18 28  0.574281
18 29  0.557606
18 30  0.571697
19 20  0.516794
19 21  0.551632
19 22  0.561339
19 23  0.562200
19 24  0.586089
19 25  0.585114
19 26  0.593281
19 27  0.587600
19 28  0.582662
19 29  0.558526
19 30  0.582001
20 21  0.551342
20 22  0.561048
20 23  0.561910
20 24  0.585803
20 25  0.584824
20 26  0.593833
20 27  0.587315
20 28  0.582401
20 29  0.559654
20 30  0.581871
21 22  0.541489
21 23  0.543704
21 24  0.571106
21 25  0.549205
21 26  0.584766
21 27  0.547827
21 28  0.567853
21 29  0.574864
21 30  0.567739
22 23  0.511281
22 24  0.582198
22 25  0.553894
22 26  0.594574
22 27  0.579548
22 28  0.578744
22 29  0.584578
22 30  0.578302
23 24  0.583092
23 25  0.552172
23 26  0.595437
23 27  0.579724
23 28  0.579634
23 29  0.585438
23 30  0.579184
24 25  0.605691
24 26  0.617492
24 27  0.605308
24 28  0.570127
24 29  0.609269
24 30  0.575630
25 26  0.618350
25 27  0.594768
25 28  0.602391
25 29  0.608350
25 30  0.602026
26 27  0.620270
26 28  0.611687
26 29  0.608160
26 30  0.604265
27 28  0.595801
27 29  0.610805
27 30  0.601403
28 29  0.605832
28 30  0.570709
29 30  0.603794
