  -1146.53742900
  -1146.90084967
0.00002151140400
2 2 2 2 2 2 2 2 2 2 2 2 2 2 2 0 0 0 0 0 0 0 0 0 0 0 0 0 0 0 
1  0.271377
2  0.277474
3  0.272893
4  0.280761
5  0.281484
6  0.266920
7  0.277849
8  0.278392
9  0.307314
10  0.304451
11  0.307807
12  0.305218
13  0.307984
14  0.303934
15  0.317996
16  0.276285
17  0.285139
18  0.277161
19  0.284508
20  0.284007
21  0.272476
22  0.280492
23  0.281489
24  0.308204
25  0.305200
26  0.320390
27  0.310009
28  0.305154
29  0.308509
30  0.305046
1 2  0.547651
1 3  0.539611
1 4  0.551920
1 5  0.552581
1 6  0.538279
1 7  0.549212
1 8  0.549754
1 9  0.578042
1 10  0.563911
1 11  0.573033
1 12  0.576573
1 13  0.578137
1 14  0.567216
1 15  0.565121
1 16  0.265868
1 17  0.554732
1 18  0.543487
1 19  0.555627
1 20  0.554570
1 21  0.543721
1 22  0.551867
1 23  0.552790
1 24  0.574062
1 25  0.576322
1 26  0.562606
1 27  0.581167
1 28  0.571621
1 29  0.579242
1 30  0.564621
2 3  0.550336
2 4  0.558229
2 5  0.558952
2 6  0.542074
2 7  0.555160
2 8  0.555355
2 9  0.561694
2 10  0.577009
2 11  0.563153
2 12  0.579876
2 13  0.585450
2 14  0.578756
2 15  0.595082
2 16  0.552097
2 17  0.273284
2 18  0.554321
2 19  0.561976
2 20  0.561476
2 21  0.549517
2 22  0.557337
2 23  0.557081
2 24  0.560694
2 25  0.580373
2 26  0.597656
2 27  0.561274
2 28  0.579910
2 29  0.585857
2 30  0.577749
3 4  0.549779
3 5  0.548073
3 6  0.539800
3 7  0.550742
3 8  0.551283
3 9  0.580201
3 10  0.577228
3 11  0.580390
3 12  0.578103
3 13  0.559281
3 14  0.575205
3 15  0.565786
3 16  0.543916
3 17  0.557518
3 18  0.268310
3 19  0.556159
3 20  0.553401
3 21  0.545363
3 22  0.553374
3 23  0.554365
3 24  0.580516
3 25  0.578080
3 26  0.562172
3 27  0.582680
3 28  0.577614
3 29  0.552931
3 30  0.577587
4 5  0.515286
4 6  0.547677
4 7  0.558609
4 8  0.559152
4 9  0.588062
4 10  0.585139
4 11  0.588553
4 12  0.585977
4 13  0.559015
4 14  0.584513
4 15  0.593851
4 16  0.556812
4 17  0.565897
4 18  0.556559
4 19  0.281489
4 20  0.512444
4 21  0.553173
4 22  0.561247
4 23  0.562250
4 24  0.588916
4 25  0.585946
4 26  0.599369
4 27  0.590700
4 28  0.585838
4 29  0.550357
4 30  0.584821
5 6  0.548403
5 7  0.559333
5 8  0.559876
5 9  0.588792
5 10  0.585889
5 11  0.589281
5 12  0.586702
5 13  0.560687
5 14  0.585376
5 15  0.595997
5 16  0.556902
5 17  0.566601
5 18  0.554732
5 19  0.513292
5 20  0.280744
5 21  0.553949
5 22  0.561976
5 23  0.562973
5 24  0.589604
5 25  0.586677
5 26  0.601153
5 27  0.591493
5 28  0.586629
5 29  0.552460
5 30  0.586154
6 7  0.538787
6 8  0.541486
6 9  0.549311
6 10  0.570289
6 11  0.573185
6 12  0.550875
6 13  0.574889
6 14  0.569925
6 15  0.584810
6 16  0.542951
6 17  0.551511
6 18  0.544079
6 19  0.551359
6 20  0.550909
6 21  0.264223
6 22  0.544089
6 23  0.547118
6 24  0.574789
6 25  0.544365
6 26  0.586711
6 27  0.545631
6 28  0.570123
6 29  0.575310
6 30  0.570808
7 8  0.510031
7 9  0.581727
7 10  0.582097
7 11  0.585567
7 12  0.555725
7 13  0.585832
7 14  0.581666
7 15  0.595830
7 16  0.554132
7 17  0.562623
7 18  0.555000
7 19  0.562342
7 20  0.561853
7 21  0.546432
7 22  0.275732
7 23  0.507786
7 24  0.585797
7 25  0.546326
7 26  0.598147
7 27  0.587176
7 28  0.582641
7 29  0.586319
7 30  0.582549
8 9  0.580997
8 10  0.582662
8 11  0.586158
8 12  0.553699
8 13  0.586373
8 14  0.582216
8 15  0.596373
8 16  0.554630
8 17  0.561875
8 18  0.555538
8 19  0.562894
8 20  0.562398
8 21  0.549519
8 22  0.507349
8 23  0.279498
8 24  0.586314
8 25  0.544833
8 26  0.598771
8 27  0.586712
8 28  0.583519
8 29  0.586879
8 30  0.583270
9 10  0.602495
9 11  0.611363
9 12  0.598502
9 13  0.615254
9 14  0.607752
9 15  0.624707
9 16  0.583444
9 17  0.567596
9 18  0.584336
9 19  0.591728
9 20  0.591312
9 21  0.549689
9 22  0.587128
9 23  0.586678
9 24  0.608362
9 25  0.590518
9 26  0.627348
9 27  0.380174
9 28  0.607653
9 29  0.615523
9 30  0.608252
10 11  0.580246
10 12  0.609409
10 13  0.612320
10 14  0.578875
10 15  0.618217
10 16  0.575052
10 17  0.586466
10 18  0.581164
10 19  0.588896
10 20  0.588447
10 21  0.575310
10 22  0.584803
10 23  0.585901
10 24  0.574072
10 25  0.608877
10 26  0.622986
10 27  0.610470
10 28  0.369758
10 29  0.612511
10 30  0.574157
11 12  0.612743
11 13  0.615693
11 14  0.581943
11 15  0.624144
11 16  0.578940
11 17  0.565526
11 18  0.584459
11 19  0.592251
11 20  0.591734
11 21  0.579695
11 22  0.587987
11 23  0.588959
11 24  0.399608
11 25  0.612856
11 26  0.625162
11 27  0.609715
11 28  0.575594
11 29  0.616259
11 30  0.576733
12 13  0.613195
12 14  0.609052
12 15  0.623206
12 16  0.581174
12 17  0.587546
12 18  0.582365
12 19  0.589716
12 20  0.589220
12 21  0.548848
12 22  0.548261
12 23  0.547763
12 24  0.613212
12 25  0.377510
12 26  0.625448
12 27  0.593526
12 28  0.609755
12 29  0.613723
12 30  0.610183
13 14  0.610442
13 15  0.611893
13 16  0.583464
13 17  0.592909
13 18  0.556479
13 19  0.553426
13 20  0.553565
13 21  0.580323
13 22  0.588449
13 23  0.589463
13 24  0.616129
13 25  0.613176
13 26  0.606549
13 27  0.617619
13 28  0.612622
13 29  0.382373
13 30  0.612117
14 15  0.610398
14 16  0.568936
14 17  0.584098
14 18  0.580728
14 19  0.587472
14 20  0.587570
14 21  0.575184
14 22  0.584167
14 23  0.585363
14 24  0.575525
14 25  0.608992
14 26  0.607381
14 27  0.610311
14 28  0.574251
14 29  0.611484
14 30  0.401972
15 16  0.565347
15 17  0.602928
15 18  0.563913
15 19  0.600446
15 20  0.601291
15 21  0.589960
15 22  0.598446
15 23  0.599483
15 24  0.623430
15 25  0.623013
15 26  0.392423
15 27  0.627692
15 28  0.621573
15 29  0.605168
15 30  0.606022
16 17  0.559898
16 18  0.548633
16 19  0.560555
16 20  0.560098
16 21  0.548727
16 22  0.556763
16 23  0.557760
16 24  0.577593
16 25  0.581472
16 26  0.571654
16 27  0.585398
16 28  0.567979
16 29  0.583122
16 30  0.572152
17 18  0.562273
17 19  0.569637
17 20  0.569137
17 21  0.554396
17 22  0.565325
17 23  0.565889
17 24  0.569942
17 25  0.587291
17 26  0.605023
17 27  0.569659
17 28  0.585435
17 29  0.593638
17 30  0.586917
18 19  0.556532
18 20  0.554341
18 21  0.549627
18 22  0.557653
18 23  0.558648
18 24  0.585142
18 25  0.582354
18 26  0.571894
18 27  0.587162
18 28  0.582244
18 29  0.562995
18 30  0.579769
19 20  0.520638
19 21  0.556978
19 22  0.564999
19 23  0.565996
19 24  0.592689
19 25  0.589706
19 26  0.599414
19 27  0.594495
19 28  0.589574
19 29  0.562955
19 30  0.589294
20 21  0.556480
20 22  0.564499
20 23  0.565496
20 24  0.592200
20 25  0.589206
20 26  0.599812
20 27  0.594006
20 28  0.589112
20 29  0.564043
20 30  0.588974
21 22  0.546422
21 23  0.548826
21 24  0.579087
21 25  0.555176
21 26  0.592724
21 27  0.556085
21 28  0.576154
21 29  0.580968
21 30  0.576441
22 23  0.515154
22 24  0.588631
22 25  0.558251
22 26  0.600870
22 27  0.586017
22 28  0.585499
22 29  0.589001
22 30  0.585443
23 24  0.589665
23 25  0.556547
23 26  0.601869
23 27  0.586286
23 28  0.586514
23 29  0.589995
23 30  0.586462
24 25  0.613019
24 26  0.626593
24 27  0.614893
24 28  0.579984
24 29  0.616626
24 30  0.585265
25 26  0.625579
25 27  0.602154
25 28  0.610040
25 29  0.613704
25 30  0.610098
26 27  0.629716
26 28  0.620985
26 29  0.615002
26 30  0.613717
27 28  0.604974
27 29  0.618464
27 30  0.611517
28 29  0.613513
28 30  0.580984
29 30  0.611667
