  -1146.53742900
  -1146.90125296
0.00000650800777
2 2 2 2 2 2 2 2 2 2 2 2 2 2 2 0 0 0 0 0 0 0 0 0 0 0 0 0 0 0 
1  0.272600
2  0.278735
3  0.273627
4  0.281228
5  0.281867
6  0.267838
7  0.278313
8  0.278880
9  0.308634
10  0.305839
11  0.309095
12  0.305937
13  0.308712
14  0.305390
15  0.319302
16  0.277568
17  0.286469
18  0.277923
19  0.285002
20  0.284414
21  0.273447
22  0.280938
23  0.281971
24  0.309462
25  0.305897
26  0.321647
27  0.311327
28  0.306523
29  0.309219
30  0.306457
1 2  0.550058
1 3  0.541525
1 4  0.553607
1 5  0.554176
1 6  0.540418
1 7  0.550894
1 8  0.551461
1 9  0.580548
1 10  0.566278
1 11  0.575451
1 12  0.578514
1 13  0.580053
1 14  0.569875
1 15  0.567603
1 16  0.268244
1 17  0.557248
1 18  0.545483
1 19  0.557342
1 20  0.556142
1 21  0.545898
1 22  0.553535
1 23  0.554478
1 24  0.576557
1 25  0.578207
1 26  0.565100
1 27  0.583697
1 28  0.574139
1 29  0.581153
1 30  0.567268
2 3  0.552327
2 4  0.559954
2 5  0.560596
2 6  0.544207
2 7  0.556878
2 8  0.557072
2 9  0.564225
2 10  0.579654
2 11  0.565515
2 12  0.581809
2 13  0.587439
2 14  0.581429
2 15  0.597612
2 16  0.554615
2 17  0.275693
2 18  0.556289
2 19  0.563731
2 20  0.563142
2 21  0.551728
2 22  0.559041
2 23  0.558786
2 24  0.563137
2 25  0.582350
2 26  0.600162
2 27  0.563864
2 28  0.582545
2 29  0.587816
2 30  0.580377
3 4  0.550938
3 5  0.549164
3 6  0.541449
3 7  0.551940
3 8  0.552506
3 9  0.582253
3 10  0.579348
3 11  0.582395
3 12  0.579556
3 13  0.560706
3 14  0.577321
3 15  0.567816
3 16  0.545941
3 17  0.559530
3 18  0.269741
3 19  0.557367
3 20  0.554547
3 21  0.547066
3 22  0.554550
3 23  0.555577
3 24  0.582472
3 25  0.579511
3 26  0.564180
3 27  0.584724
3 28  0.579726
3 29  0.554358
3 30  0.579715
4 5  0.516200
4 6  0.549060
4 7  0.559540
4 8  0.560108
4 9  0.589841
4 10  0.586984
4 11  0.590305
4 12  0.587163
4 13  0.560181
4 14  0.586426
4 15  0.595559
4 16  0.558558
4 17  0.567693
4 18  0.557775
4 19  0.282494
4 20  0.513387
4 21  0.554591
4 22  0.562156
4 23  0.563198
4 24  0.590637
4 25  0.587104
4 26  0.601088
4 27  0.592470
4 28  0.587671
4 29  0.551548
4 30  0.586681
5 6  0.549702
5 7  0.560179
5 8  0.560747
5 9  0.590490
5 10  0.587653
5 11  0.590953
5 12  0.587804
5 13  0.561819
5 14  0.587211
5 15  0.597616
5 16  0.558511
5 17  0.568309
5 18  0.555873
5 19  0.514242
5 20  0.281593
5 21  0.555297
5 22  0.562805
5 23  0.563836
5 24  0.591245
5 25  0.587753
5 26  0.602775
5 27  0.593193
5 28  0.588375
5 29  0.553582
5 30  0.587943
6 7  0.540145
6 8  0.542847
6 9  0.551490
6 10  0.572561
6 11  0.575345
6 12  0.552473
6 13  0.576532
6 14  0.572247
6 15  0.587025
6 16  0.545128
6 17  0.553737
6 18  0.545758
6 19  0.552749
6 20  0.552224
6 21  0.265983
6 22  0.545455
6 23  0.548504
6 24  0.576960
6 25  0.545966
6 26  0.588865
6 27  0.547864
6 28  0.572415
6 29  0.576926
6 30  0.573123
7 8  0.511056
7 9  0.583439
7 10  0.583928
7 11  0.587316
7 12  0.556939
7 13  0.587024
7 14  0.583576
7 15  0.597596
7 16  0.555879
7 17  0.564416
7 18  0.556224
7 19  0.563292
7 20  0.562722
7 21  0.547871
7 22  0.276736
7 23  0.508806
7 24  0.587528
7 25  0.547511
7 26  0.599848
7 27  0.588935
7 28  0.584430
7 29  0.587480
7 30  0.584413
8 9  0.582747
8 10  0.584526
8 11  0.587937
8 12  0.554898
8 13  0.587589
8 14  0.584149
8 15  0.598163
8 16  0.556391
8 17  0.563650
8 18  0.556788
8 19  0.563876
8 20  0.563294
8 21  0.550955
8 22  0.508354
8 23  0.280526
8 24  0.588039
8 25  0.546030
8 26  0.600518
8 27  0.588522
8 28  0.585377
8 29  0.588073
8 30  0.585168
9 10  0.604984
9 11  0.613939
9 12  0.600443
9 13  0.617301
9 14  0.610455
9 15  0.627293
9 16  0.586040
9 17  0.570244
9 18  0.586408
9 19  0.593527
9 20  0.593039
9 21  0.551952
9 22  0.588874
9 23  0.588482
9 24  0.610933
9 25  0.592486
9 26  0.629922
9 27  0.382836
9 28  0.610254
9 29  0.617527
9 30  0.610990
10 11  0.582992
10 12  0.611505
10 13  0.614434
10 14  0.581748
10 15  0.620861
10 16  0.577637
10 17  0.589185
10 18  0.583313
10 19  0.590776
10 20  0.590237
10 21  0.577678
10 22  0.586634
10 23  0.587767
10 24  0.576779
10 25  0.610927
10 26  0.625610
10 27  0.613061
10 28  0.372390
10 29  0.614591
10 30  0.576992
11 12  0.614740
11 13  0.617705
11 14  0.584512
11 15  0.626682
11 16  0.581516
11 17  0.568091
11 18  0.586469
11 19  0.594029
11 20  0.593427
11 21  0.581951
11 22  0.589704
11 23  0.590717
11 24  0.402161
11 25  0.614837
11 26  0.627661
11 27  0.612315
11 28  0.578304
11 29  0.618254
11 30  0.579278
12 13  0.614643
12 14  0.611221
12 15  0.625231
12 16  0.583136
12 17  0.589604
12 18  0.583847
12 19  0.590925
12 20  0.590342
12 21  0.550544
12 22  0.549448
12 23  0.548975
12 24  0.615189
12 25  0.379046
12 26  0.627409
12 27  0.595507
12 28  0.611820
12 29  0.615153
12 30  0.612310
13 14  0.612570
13 15  0.613838
13 16  0.585454
13 17  0.594951
13 18  0.557969
13 19  0.554645
13 20  0.554712
13 21  0.582008
13 22  0.589614
13 23  0.590669
13 24  0.618114
13 25  0.614602
13 26  0.608504
13 27  0.619642
13 28  0.614701
13 29  0.383919
13 30  0.614261
14 15  0.612988
14 16  0.571674
14 17  0.586838
14 18  0.582930
14 19  0.589401
14 20  0.589432
14 21  0.577601
14 22  0.586052
14 23  0.587302
14 24  0.578124
14 25  0.611143
14 26  0.610035
14 27  0.613102
14 28  0.577086
14 29  0.613656
14 30  0.404884
15 16  0.567946
15 17  0.605548
15 18  0.565970
15 19  0.602242
15 20  0.602981
15 21  0.592206
15 22  0.600191
15 23  0.601271
15 24  0.625951
15 25  0.624998
15 26  0.395057
15 27  0.630312
15 28  0.624227
15 29  0.607133
15 30  0.608700
16 17  0.562433
16 18  0.550634
16 19  0.562330
16 20  0.561782
16 21  0.550976
16 22  0.558487
16 23  0.559519
16 24  0.580041
16 25  0.583451
16 26  0.574127
16 27  0.587956
16 28  0.570392
16 29  0.585065
16 30  0.574838
17 18  0.564363
17 19  0.571456
17 20  0.570872
17 21  0.556636
17 22  0.567089
17 23  0.567662
17 24  0.572339
17 25  0.589275
17 26  0.607579
17 27  0.572230
17 28  0.588113
17 29  0.595677
17 30  0.589597
18 19  0.557750
18 20  0.555488
18 21  0.551357
18 22  0.558860
18 23  0.559891
18 24  0.587149
18 25  0.583813
18 26  0.573916
18 27  0.589239
18 28  0.584372
18 29  0.564429
18 30  0.581853
19 20  0.521603
19 21  0.558441
19 22  0.565940
19 23  0.566972
19 24  0.594439
19 25  0.590897
19 26  0.601100
19 27  0.596301
19 28  0.591429
19 29  0.564137
19 30  0.591187
20 21  0.557856
20 22  0.565351
20 23  0.566384
20 24  0.593866
20 25  0.590310
20 26  0.601401
20 27  0.595725
20 28  0.590879
20 29  0.565187
20 30  0.590786
21 22  0.547815
21 23  0.550238
21 24  0.581272
21 25  0.556821
21 26  0.594941
21 27  0.558307
21 28  0.578452
21 29  0.582645
21 30  0.578760
22 23  0.516160
22 24  0.590329
22 25  0.559419
22 26  0.602572
22 27  0.587704
22 28  0.587305
22 29  0.590156
22 30  0.587296
23 24  0.591405
23 25  0.557708
23 26  0.603604
23 27  0.588029
23 28  0.588358
23 29  0.591187
23 30  0.588348
24 25  0.614967
24 26  0.629045
24 27  0.617435
24 28  0.582692
24 29  0.618591
24 30  0.587792
25 26  0.627532
25 27  0.604100
25 28  0.612081
25 29  0.615110
25 30  0.612196
26 27  0.632251
26 28  0.623561
26 29  0.616892
26 30  0.616236
27 28  0.607431
27 29  0.620494
27 30  0.614178
28 29  0.615594
28 30  0.583770
29 30  0.613732
