  -1146.53742900
  -1146.90136934
0.00000004015206
2 2 2 2 2 2 2 2 2 2 2 2 2 2 2 0 0 0 0 0 0 0 0 0 0 0 0 0 0 0 
1  0.273050
2  0.279213
3  0.273883
4  0.281393
5  0.281994
6  0.268165
7  0.278473
8  0.279050
9  0.309104
10  0.306354
11  0.309570
12  0.306183
13  0.308959
14  0.305927
15  0.319759
16  0.278042
17  0.286964
18  0.278182
19  0.285176
20  0.284546
21  0.273795
22  0.281092
23  0.282141
24  0.309927
25  0.306136
26  0.322088
27  0.311794
28  0.307034
29  0.309458
30  0.306980
1 2  0.550958
1 3  0.542216
1 4  0.554222
1 5  0.554750
1 6  0.541195
1 7  0.551501
1 8  0.552077
1 9  0.581447
1 10  0.567162
1 11  0.576346
1 12  0.579210
1 13  0.580742
1 14  0.570850
1 15  0.568495
1 16  0.269113
1 17  0.558186
1 18  0.546193
1 19  0.557965
1 20  0.556711
1 21  0.546691
1 22  0.554139
1 23  0.555094
1 24  0.577471
1 25  0.578877
1 26  0.565998
1 27  0.584611
1 28  0.575068
1 29  0.581838
1 30  0.568247
2 3  0.553055
2 4  0.560595
2 5  0.561199
2 6  0.544999
2 7  0.557513
2 8  0.557709
2 9  0.565157
2 10  0.580636
2 11  0.566389
2 12  0.582516
2 13  0.588162
2 14  0.582424
2 15  0.598531
2 16  0.555562
2 17  0.276608
2 18  0.556995
2 19  0.564382
2 20  0.563752
2 21  0.552545
2 22  0.559672
2 23  0.559425
2 24  0.564045
2 25  0.583069
2 26  0.601074
2 27  0.564816
2 28  0.583530
2 29  0.588529
2 30  0.581364
3 4  0.551353
3 5  0.549540
3 6  0.542029
3 7  0.552355
3 8  0.552931
3 9  0.582977
3 10  0.580118
3 11  0.583122
3 12  0.580058
3 13  0.561205
3 14  0.578089
3 15  0.568531
3 16  0.546671
3 17  0.560258
3 18  0.270243
3 19  0.557793
3 20  0.554936
3 21  0.547670
3 22  0.554958
3 23  0.555995
3 24  0.583181
3 25  0.580008
3 26  0.564891
3 27  0.585442
3 28  0.580494
3 29  0.554857
3 30  0.580488
4 5  0.516514
4 6  0.549550
4 7  0.559865
4 8  0.560442
4 9  0.590474
4 10  0.587662
4 11  0.590944
4 12  0.587575
4 13  0.560591
4 14  0.587126
4 15  0.596162
4 16  0.559197
4 17  0.568354
4 18  0.558196
4 19  0.282855
4 20  0.513713
4 21  0.555090
4 22  0.562473
4 23  0.563534
4 24  0.591266
4 25  0.587506
4 26  0.601693
4 27  0.593098
4 28  0.588348
4 29  0.551961
4 30  0.587367
5 6  0.550154
5 7  0.560466
5 8  0.561043
5 9  0.591084
5 10  0.588291
5 11  0.591556
5 12  0.588177
5 13  0.562208
5 14  0.587874
5 15  0.598182
5 16  0.559098
5 17  0.568929
5 18  0.556258
5 19  0.514571
5 20  0.281872
5 21  0.555767
5 22  0.563085
5 23  0.564134
5 24  0.591839
5 25  0.588114
5 26  0.603339
5 27  0.593787
5 28  0.589012
5 29  0.553962
5 30  0.588594
6 7  0.540624
6 8  0.543334
6 9  0.552268
6 10  0.573392
6 11  0.576132
6 12  0.553040
6 13  0.577103
6 14  0.573096
6 15  0.587805
6 16  0.545923
6 17  0.554550
6 18  0.546344
6 19  0.553235
6 20  0.552678
6 21  0.266614
6 22  0.545936
6 23  0.548997
6 24  0.577748
6 25  0.546536
6 26  0.589619
6 27  0.548664
6 28  0.573263
6 29  0.577493
6 30  0.573962
7 8  0.511409
7 9  0.584053
7 10  0.584596
7 11  0.587950
7 12  0.557359
7 13  0.587431
7 14  0.584270
7 15  0.598211
7 16  0.556514
7 17  0.565071
7 18  0.556641
7 19  0.563619
7 20  0.563014
7 21  0.548378
7 22  0.277078
7 23  0.509164
7 24  0.588162
7 25  0.547923
7 26  0.600440
7 27  0.589557
7 28  0.585080
7 29  0.587873
7 30  0.585100
8 9  0.583369
8 10  0.585208
8 11  0.588581
8 12  0.555316
8 13  0.588006
8 14  0.584850
8 15  0.598786
8 16  0.557031
8 17  0.564304
8 18  0.557211
8 19  0.564216
8 20  0.563596
8 21  0.551468
8 22  0.508703
8 23  0.280890
8 24  0.588670
8 25  0.546447
8 26  0.601129
8 27  0.589157
8 28  0.586057
8 29  0.588475
8 30  0.585859
9 10  0.605885
9 11  0.614868
9 12  0.601129
9 13  0.618019
9 14  0.611432
9 15  0.628214
9 16  0.586980
9 17  0.571208
9 18  0.587133
9 19  0.594166
9 20  0.593641
9 21  0.552765
9 22  0.589493
9 23  0.589120
9 24  0.611857
9 25  0.593176
9 26  0.630834
9 27  0.383801
9 28  0.611199
9 29  0.618226
9 30  0.611986
10 11  0.584001
10 12  0.612261
10 13  0.615195
10 14  0.582806
10 15  0.621814
10 16  0.578596
10 17  0.590190
10 18  0.584091
10 19  0.591464
10 20  0.590883
10 21  0.578553
10 22  0.587302
10 23  0.588451
10 24  0.577771
10 25  0.611669
10 26  0.626551
10 27  0.614001
10 28  0.373349
10 29  0.615340
10 30  0.578032
11 12  0.615458
11 13  0.618425
11 14  0.585455
11 15  0.627594
11 16  0.582465
11 17  0.569040
11 18  0.587193
11 19  0.594676
11 20  0.594035
11 21  0.582771
11 22  0.590332
11 23  0.591357
11 24  0.403102
11 25  0.615550
11 26  0.628566
11 27  0.613250
11 28  0.579307
11 29  0.618967
11 30  0.580207
12 13  0.615136
12 14  0.612003
12 15  0.625933
12 16  0.583833
12 17  0.590347
12 18  0.584354
12 19  0.591345
12 20  0.590719
12 21  0.551147
12 22  0.549859
12 23  0.549400
12 24  0.615900
12 25  0.379583
12 26  0.628101
12 27  0.596207
12 28  0.612567
12 29  0.615639
12 30  0.613077
13 14  0.613335
13 15  0.614512
13 16  0.586171
13 17  0.595689
13 18  0.558482
13 19  0.555071
13 20  0.555103
13 21  0.582597
13 22  0.590005
13 23  0.591080
13 24  0.618824
13 25  0.615088
13 26  0.609183
13 27  0.620349
13 28  0.615454
13 29  0.384462
13 30  0.615034
14 15  0.613913
14 16  0.572685
14 17  0.587853
14 18  0.583718
14 19  0.590109
14 20  0.590103
14 21  0.578472
14 22  0.586738
14 23  0.588010
14 24  0.579075
14 25  0.611918
14 26  0.610984
14 27  0.614109
14 28  0.578133
14 29  0.614437
14 30  0.405962
15 16  0.568879
15 17  0.606492
15 18  0.566693
15 19  0.602871
15 20  0.603566
15 21  0.592994
15 22  0.600804
15 23  0.601898
15 24  0.626864
15 25  0.625696
15 26  0.395999
15 27  0.631235
15 28  0.625184
15 29  0.607814
15 30  0.609658
16 17  0.563372
16 18  0.551352
16 19  0.562977
16 20  0.562386
16 21  0.551797
16 22  0.559112
16 23  0.560157
16 24  0.580953
16 25  0.584163
16 26  0.575023
16 27  0.588877
16 28  0.571295
16 29  0.585766
16 30  0.575828
17 18  0.565113
17 19  0.572122
17 20  0.571499
17 21  0.557461
17 22  0.567734
17 23  0.568314
17 24  0.573219
17 25  0.589993
17 26  0.608505
17 27  0.573170
17 28  0.589107
17 29  0.596410
17 30  0.590588
18 19  0.558179
18 20  0.555874
18 21  0.551960
18 22  0.559273
18 23  0.560320
18 24  0.587870
18 25  0.584311
18 26  0.574620
18 27  0.589964
18 28  0.585142
18 29  0.564924
18 30  0.582604
19 20  0.521931
19 21  0.558959
19 22  0.566267
19 23  0.567316
19 24  0.595075
19 25  0.591309
19 26  0.601695
19 27  0.596939
19 28  0.592110
19 29  0.564545
19 30  0.591880
20 21  0.558334
20 22  0.565638
20 23  0.566687
20 24  0.594464
20 25  0.590681
20 26  0.601954
20 27  0.596323
20 28  0.591519
20 29  0.565576
20 30  0.591440
21 22  0.548309
21 23  0.550749
21 24  0.582070
21 25  0.557404
21 26  0.595724
21 27  0.559102
21 28  0.579298
21 29  0.583228
21 30  0.579610
22 23  0.516509
22 24  0.590946
22 25  0.559826
22 26  0.603164
22 27  0.588307
22 28  0.587969
22 29  0.590550
22 30  0.587972
23 24  0.592040
23 25  0.558117
23 26  0.604212
23 27  0.588648
23 28  0.589036
23 29  0.591596
23 30  0.589038
24 25  0.615668
24 26  0.629925
24 27  0.618349
24 28  0.583694
24 29  0.619294
24 30  0.588729
25 26  0.628209
25 27  0.604785
25 28  0.612819
25 29  0.615587
25 30  0.612954
26 27  0.633150
26 28  0.624494
26 29  0.617546
26 30  0.617139
27 28  0.608331
27 29  0.621202
27 30  0.615137
28 29  0.616344
28 30  0.584800
29 30  0.614476
