  -1146.54305351
  -1146.90872486
0.00007862128380
2 2 2 2 2 2 2 2 2 2 2 2 2 2 2 0 0 0 0 0 0 0 0 0 0 0 0 0 0 0 
1  0.274064
2  0.264437
3  0.285689
4  0.275866
5  0.276872
6  0.282871
7  0.309504
8  0.295532
9  0.304910
10  0.306678
11  0.298966
12  0.304451
13  0.314631
14  0.308158
15  0.311742
16  0.281814
17  0.271530
18  0.288224
19  0.279153
20  0.280305
21  0.287190
22  0.307738
23  0.307363
24  0.300244
25  0.315839
26  0.298588
27  0.308393
28  0.308964
29  0.311927
30  0.311560
1 2  0.537772
1 3  0.558623
1 4  0.549314
1 5  0.550933
1 6  0.556929
1 7  0.581188
1 8  0.566772
1 9  0.578812
1 10  0.562546
1 11  0.570283
1 12  0.578469
1 13  0.567307
1 14  0.578323
1 15  0.585762
1 16  0.258201
1 17  0.543241
1 18  0.560638
1 19  0.553012
1 20  0.554264
1 21  0.561220
1 22  0.566529
1 23  0.581163
1 24  0.572113
1 25  0.565749
1 26  0.569735
1 27  0.582429
1 28  0.576881
1 29  0.585942
1 30  0.582290
2 3  0.550121
2 4  0.540301
2 5  0.540353
2 6  0.546890
2 7  0.566292
2 8  0.559819
2 9  0.567220
2 10  0.571075
2 11  0.553573
2 12  0.549332
2 13  0.573223
2 14  0.572551
2 15  0.573922
2 16  0.543797
2 17  0.247196
2 18  0.552549
2 19  0.543537
2 20  0.543495
2 21  0.551463
2 22  0.571915
2 23  0.551395
2 24  0.558630
2 25  0.573920
2 26  0.562975
2 27  0.570830
2 28  0.573288
2 29  0.570611
2 30  0.568230
3 4  0.517427
3 5  0.562560
3 6  0.568559
3 7  0.595144
3 8  0.577255
3 9  0.590597
3 10  0.584871
3 11  0.584592
3 12  0.590139
3 13  0.600153
3 14  0.569803
3 15  0.597430
3 16  0.565775
3 17  0.557118
3 18  0.278310
3 19  0.515437
3 20  0.565994
3 21  0.572878
3 22  0.590488
3 23  0.593038
3 24  0.585817
3 25  0.601322
3 26  0.582126
3 27  0.594056
3 28  0.562077
3 29  0.597599
3 30  0.597229
4 5  0.552737
4 6  0.558735
4 7  0.585156
4 8  0.564827
4 9  0.580764
4 10  0.574221
4 11  0.574614
4 12  0.580312
4 13  0.590105
4 14  0.567671
4 15  0.587603
4 16  0.557485
4 17  0.547324
4 18  0.515497
4 19  0.269369
4 20  0.556169
4 21  0.563044
4 22  0.581955
4 23  0.583206
4 24  0.575578
4 25  0.591628
4 26  0.571167
4 27  0.584150
4 28  0.558979
4 29  0.587742
4 30  0.587120
5 6  0.515562
5 7  0.586037
5 8  0.572402
5 9  0.574905
5 10  0.583549
5 11  0.575818
5 12  0.574391
5 13  0.591442
5 14  0.585030
5 15  0.570371
5 16  0.558599
5 17  0.547073
5 18  0.565096
5 19  0.556024
5 20  0.270328
5 21  0.514196
5 22  0.584602
5 23  0.580851
5 24  0.576908
5 25  0.592621
5 26  0.575404
5 27  0.583816
5 28  0.585815
5 29  0.562598
5 30  0.588403
6 7  0.591934
6 8  0.578394
6 9  0.580567
6 10  0.589548
6 11  0.581806
6 12  0.582842
6 13  0.597461
6 14  0.591028
6 15  0.571838
6 16  0.564653
6 17  0.554249
6 18  0.571093
6 19  0.562013
6 20  0.514225
6 21  0.274585
6 22  0.590605
6 23  0.588408
6 24  0.582942
6 25  0.598695
6 26  0.581341
6 27  0.588588
6 28  0.591804
6 29  0.562133
6 30  0.593691
7 8  0.602410
7 9  0.604310
7 10  0.615864
7 11  0.576344
7 12  0.612950
7 13  0.589459
7 14  0.617308
7 15  0.619738
7 16  0.587734
7 17  0.573104
7 18  0.597686
7 19  0.588319
7 20  0.589780
7 21  0.595974
7 22  0.617032
7 23  0.614714
7 24  0.570434
7 25  0.585713
7 26  0.605274
7 27  0.608811
7 28  0.617604
7 29  0.617606
7 30  0.399441
8 9  0.600277
8 10  0.567719
8 11  0.589300
8 12  0.599927
8 13  0.606975
8 14  0.578106
8 15  0.607214
8 16  0.573757
8 17  0.567043
8 18  0.581370
8 19  0.571404
8 20  0.575769
8 21  0.582595
8 22  0.563024
8 23  0.602887
8 24  0.592126
8 25  0.607550
8 26  0.357278
8 27  0.603253
8 28  0.573054
8 29  0.607267
8 30  0.603747
9 10  0.611571
9 11  0.602987
9 12  0.573791
9 13  0.618497
9 14  0.613051
9 15  0.591462
9 16  0.586665
9 17  0.574008
9 18  0.593106
9 19  0.583962
9 20  0.583701
9 21  0.589261
9 22  0.612646
9 23  0.570882
9 24  0.604259
9 25  0.619934
9 26  0.602841
9 27  0.358943
9 28  0.613737
9 29  0.586257
9 30  0.607185
10 11  0.605293
10 12  0.611119
10 13  0.619422
10 14  0.589076
10 15  0.618411
10 16  0.573558
10 17  0.577817
10 18  0.592014
10 19  0.583945
10 20  0.586969
10 21  0.593863
10 22  0.363196
10 23  0.613991
10 24  0.606556
10 25  0.619946
10 26  0.565838
10 27  0.615066
10 28  0.583966
10 29  0.618594
10 30  0.617969
11 12  0.602292
11 13  0.580556
11 14  0.606271
11 15  0.610259
11 16  0.578419
11 17  0.564167
11 18  0.586922
11 19  0.577526
11 20  0.578946
11 21  0.585937
11 22  0.606302
11 23  0.605301
11 24  0.357395
11 25  0.574086
11 26  0.594507
11 27  0.606535
11 28  0.607464
11 29  0.610720
11 30  0.571608
12 13  0.618761
12 14  0.612604
12 15  0.590108
12 16  0.585923
12 17  0.555110
12 18  0.592652
12 19  0.583582
12 20  0.581873
12 21  0.589650
12 22  0.612140
12 23  0.366868
12 24  0.603846
12 25  0.619139
12 26  0.603036
12 27  0.572611
12 28  0.613409
12 29  0.583222
12 30  0.613442
13 14  0.622472
13 15  0.626233
13 16  0.570913
13 17  0.580364
13 18  0.602662
13 19  0.593714
13 20  0.594812
13 21  0.601806
13 22  0.620035
13 23  0.620873
13 24  0.575095
13 25  0.406615
13 26  0.609310
13 27  0.622097
13 28  0.621252
13 29  0.625814
13 30  0.586641
14 15  0.619895
14 16  0.584072
14 17  0.579581
14 18  0.563122
14 19  0.563027
14 20  0.588441
14 21  0.595322
14 22  0.585860
14 23  0.615518
14 24  0.607882
14 25  0.621680
14 26  0.573438
14 27  0.616462
14 28  0.402700
14 29  0.620069
14 30  0.618770
15 16  0.593518
15 17  0.577368
15 18  0.599945
15 19  0.590848
15 20  0.565086
15 21  0.566442
15 22  0.619474
15 23  0.586444
15 24  0.611864
15 25  0.626903
15 26  0.610171
15 27  0.588456
15 28  0.620682
15 29  0.406537
15 30  0.619357
16 17  0.552420
16 18  0.568666
16 19  0.560147
16 20  0.562116
16 21  0.568995
16 22  0.568928
16 23  0.589123
16 24  0.579272
16 25  0.574483
16 26  0.577277
16 27  0.590021
16 28  0.586599
16 29  0.593683
16 30  0.590490
17 18  0.559749
17 19  0.550681
17 20  0.550714
17 21  0.558124
17 22  0.579215
17 23  0.557361
17 24  0.560238
17 25  0.581031
17 26  0.569879
17 27  0.577594
17 28  0.580439
17 29  0.580854
17 30  0.574134
18 19  0.522115
18 20  0.568527
18 21  0.575412
18 22  0.588071
18 23  0.595584
18 24  0.588369
18 25  0.603843
18 26  0.581677
18 27  0.596613
18 28  0.573316
18 29  0.600148
18 30  0.599706
19 20  0.559457
19 21  0.566341
19 22  0.577497
19 23  0.586511
19 24  0.579137
19 25  0.594536
19 26  0.570633
19 27  0.587532
19 28  0.570304
19 29  0.591074
19 30  0.590482
20 21  0.522120
20 22  0.588043
20 23  0.580171
20 24  0.580534
20 25  0.596082
20 26  0.578890
20 27  0.579757
20 28  0.589269
20 29  0.574002
20 30  0.591320
21 22  0.594927
21 23  0.589109
21 24  0.587402
21 25  0.602979
21 26  0.585765
21 27  0.587958
21 28  0.596152
21 29  0.575728
21 30  0.598149
22 23  0.615091
22 24  0.607576
22 25  0.621863
22 26  0.569833
22 27  0.616118
22 28  0.591608
22 29  0.619656
22 30  0.619000
23 24  0.606445
23 25  0.622935
23 26  0.605861
23 27  0.578790
23 28  0.616318
23 29  0.594107
23 30  0.617894
24 25  0.582909
24 26  0.592145
24 27  0.607597
24 28  0.608328
24 29  0.611717
24 30  0.579652
25 26  0.610975
25 27  0.623180
25 28  0.624451
25 29  0.627597
25 30  0.594704
26 27  0.606759
26 28  0.583404
26 29  0.610429
26 30  0.607140
27 28  0.617333
27 29  0.595292
27 30  0.608212
28 29  0.620884
28 30  0.620110
29 30  0.621616
