  -1146.54305351
  -1146.91070897
0.00002285496880
2 2 2 2 2 2 2 2 2 2 2 2 2 2 2 0 0 0 0 0 0 0 0 0 0 0 0 0 0 0 
1  0.278993
2  0.269716
3  0.288296
4  0.278724
5  0.279580
6  0.285467
7  0.315492
8  0.300904
9  0.310763
10  0.311208
11  0.304308
12  0.308939
13  0.319624
14  0.312148
15  0.316050
16  0.287187
17  0.277246
18  0.290813
19  0.281965
20  0.282987
21  0.289821
22  0.312222
23  0.311612
24  0.305636
25  0.320996
26  0.304210
27  0.314137
28  0.312754
29  0.315799
30  0.317677
1 2  0.547836
1 3  0.565982
1 4  0.556970
1 5  0.558567
1 6  0.564451
1 7  0.592011
1 8  0.577022
1 9  0.589572
1 10  0.570969
1 11  0.580436
1 12  0.587880
1 13  0.576550
1 14  0.586964
1 15  0.594999
1 16  0.267549
1 17  0.553661
1 18  0.568072
1 19  0.560725
1 20  0.561847
1 21  0.568769
1 22  0.575671
1 23  0.590294
1 24  0.582391
1 25  0.575745
1 26  0.580259
1 27  0.593087
1 28  0.585628
1 29  0.594723
1 30  0.593337
2 3  0.558006
2 4  0.548438
2 5  0.548261
2 6  0.554663
2 7  0.577446
2 8  0.570432
2 9  0.578316
2 10  0.580868
2 11  0.563572
2 12  0.557842
2 13  0.583136
2 14  0.581813
2 15  0.583323
2 16  0.554250
2 17  0.256895
2 18  0.560373
2 19  0.551603
2 20  0.551393
2 21  0.559346
2 22  0.581622
2 23  0.560552
2 24  0.569192
2 25  0.584309
2 26  0.573868
2 27  0.581811
2 28  0.582318
2 29  0.579764
2 30  0.579639
3 4  0.523103
3 5  0.567875
3 6  0.573762
3 7  0.603723
3 8  0.584977
3 9  0.599056
3 10  0.591617
3 11  0.592530
3 12  0.597233
3 13  0.607726
3 14  0.576016
3 15  0.604344
3 16  0.573651
3 17  0.565395
3 18  0.283288
3 19  0.521195
3 20  0.571283
3 21  0.578116
3 22  0.597462
3 23  0.599887
3 24  0.593774
3 25  0.609088
3 26  0.590241
3 27  0.602397
3 28  0.568449
3 29  0.604069
3 30  0.605940
4 5  0.558303
4 6  0.564189
4 7  0.593956
4 8  0.572638
4 9  0.589469
4 10  0.581063
4 11  0.582775
4 12  0.587657
4 13  0.597891
4 14  0.574350
4 15  0.594766
4 16  0.565681
4 17  0.555884
4 18  0.521263
4 19  0.274673
4 20  0.561709
4 21  0.568525
4 22  0.589150
4 23  0.590306
4 24  0.583754
4 25  0.599641
4 26  0.579466
4 27  0.592712
4 28  0.565642
4 29  0.594443
4 30  0.596014
5 6  0.521127
5 7  0.594630
5 8  0.580480
5 9  0.582739
5 10  0.590787
5 11  0.583861
5 12  0.581213
5 13  0.599124
5 14  0.591727
5 15  0.577327
5 16  0.566635
5 17  0.555385
5 18  0.570392
5 19  0.561543
5 20  0.275450
5 21  0.519952
5 22  0.591794
5 23  0.587731
5 24  0.584944
5 25  0.600453
5 26  0.583711
5 27  0.592071
5 28  0.592302
5 29  0.569223
5 30  0.597224
6 7  0.600393
6 8  0.586358
6 9  0.588489
6 10  0.596673
6 11  0.589739
6 12  0.589640
6 13  0.605035
6 14  0.597614
6 15  0.578441
6 16  0.572601
6 17  0.562514
6 18  0.576276
6 19  0.567410
6 20  0.519886
6 21  0.279686
6 22  0.597686
6 23  0.595161
6 24  0.590860
6 25  0.606450
6 26  0.589494
6 27  0.596817
6 28  0.598171
6 29  0.568669
6 30  0.602388
7 8  0.613476
7 9  0.615132
7 10  0.626351
7 11  0.587639
7 12  0.623367
7 13  0.599925
7 14  0.627235
7 15  0.629834
7 16  0.599017
7 17  0.584837
7 18  0.606249
7 19  0.597071
7 20  0.598430
7 21  0.604547
7 22  0.627476
7 23  0.624959
7 24  0.581892
7 25  0.596513
7 26  0.616866
7 27  0.620243
7 28  0.627336
7 29  0.627508
7 30  0.411064
8 9  0.611462
8 10  0.577681
8 11  0.599241
8 12  0.609766
8 13  0.617206
8 14  0.586890
8 15  0.616866
8 16  0.584501
8 17  0.578126
8 18  0.589242
8 19  0.579504
8 20  0.583803
8 21  0.590551
8 22  0.572824
8 23  0.612505
8 24  0.602686
8 25  0.618071
8 26  0.367439
8 27  0.614327
8 28  0.581842
8 29  0.616466
8 30  0.615278
9 10  0.621949
9 11  0.614109
9 12  0.584275
9 13  0.629252
9 14  0.622889
9 15  0.600929
9 16  0.597865
9 17  0.585494
9 18  0.601540
9 19  0.592593
9 20  0.592044
9 21  0.597598
9 22  0.622982
9 23  0.581143
9 24  0.615459
9 25  0.630885
9 26  0.614226
9 27  0.369509
9 28  0.623361
9 29  0.595594
9 30  0.618906
10 11  0.615151
10 12  0.620136
10 13  0.628805
10 14  0.597425
10 15  0.627248
10 16  0.583015
10 17  0.588038
10 18  0.599053
10 19  0.591132
10 20  0.594181
10 21  0.601026
10 22  0.371485
10 23  0.622745
10 24  0.616471
10 25  0.629562
10 26  0.576024
10 27  0.625332
10 28  0.592183
10 29  0.626980
10 30  0.628577
11 12  0.611928
11 13  0.591150
11 14  0.615532
11 15  0.619822
11 16  0.589052
11 17  0.575073
11 18  0.594807
11 19  0.585608
11 20  0.586929
11 21  0.593860
11 22  0.616130
11 23  0.614826
11 24  0.367198
11 25  0.584704
11 26  0.605233
11 27  0.617567
11 28  0.616574
11 29  0.619915
11 30  0.583042
12 13  0.628224
12 14  0.621078
12 15  0.598568
12 16  0.595709
12 17  0.564864
12 18  0.599717
12 19  0.590869
12 20  0.588971
12 21  0.596668
12 22  0.621090
12 23  0.375132
12 24  0.613666
12 25  0.628800
12 26  0.613144
12 27  0.582931
12 28  0.621685
12 29  0.591415
12 30  0.624032
13 14  0.631431
13 15  0.635512
13 16  0.581232
13 17  0.591047
13 18  0.610244
13 19  0.601519
13 20  0.602471
13 21  0.609429
13 22  0.629443
13 23  0.630111
13 24  0.585631
13 25  0.416238
13 26  0.619955
13 27  0.632800
13 28  0.630041
13 29  0.634678
13 30  0.597337
14 15  0.628192
14 16  0.593398
14 17  0.589233
14 18  0.569582
14 19  0.569791
14 20  0.595097
14 21  0.601923
14 22  0.594230
14 23  0.623755
14 24  0.617208
14 25  0.630853
14 26  0.582666
14 27  0.626172
14 28  0.410231
14 29  0.627921
14 30  0.628815
15 16  0.603174
15 17  0.587296
15 18  0.606829
15 19  0.597938
15 20  0.572131
15 21  0.573393
15 22  0.628255
15 23  0.594828
15 24  0.621537
15 25  0.636358
15 26  0.620061
15 27  0.598123
15 28  0.628778
15 29  0.414627
15 30  0.629765
16 17  0.563360
16 18  0.576481
16 19  0.568213
16 20  0.570166
16 21  0.576999
16 22  0.577602
16 23  0.598735
16 24  0.589911
16 25  0.584341
16 26  0.588205
16 27  0.601108
16 28  0.595469
16 29  0.602928
16 30  0.601833
17 18  0.568052
17 19  0.559210
17 20  0.559011
17 21  0.566382
17 22  0.589401
17 23  0.566105
17 24  0.570596
17 25  0.591511
17 26  0.581160
17 27  0.588979
17 28  0.589927
17 29  0.590256
17 30  0.585857
18 19  0.527776
18 20  0.573798
18 21  0.580633
18 22  0.594830
18 23  0.602422
18 24  0.596325
18 25  0.611548
18 26  0.589520
18 27  0.604944
18 28  0.579438
18 29  0.606608
18 30  0.608398
19 20  0.564951
19 21  0.571784
19 22  0.584290
19 23  0.593569
19 24  0.587271
19 25  0.602421
19 26  0.578653
19 27  0.596080
19 28  0.576821
19 29  0.597752
19 30  0.599354
20 21  0.527721
20 22  0.595210
20 23  0.586795
20 24  0.588596
20 25  0.603893
20 26  0.587193
20 27  0.587439
20 28  0.595741
20 29  0.580493
20 30  0.599995
21 22  0.602042
21 23  0.595717
21 24  0.595418
21 25  0.610757
21 26  0.594013
21 27  0.595824
21 28  0.602574
21 29  0.581855
21 30  0.606778
22 23  0.623824
22 24  0.617410
22 25  0.631356
22 26  0.580004
22 27  0.626340
22 28  0.599742
22 29  0.628012
22 30  0.629567
23 24  0.615896
23 25  0.632314
23 26  0.615710
23 27  0.588868
23 28  0.624352
23 29  0.602087
23 30  0.628236
24 25  0.593698
24 26  0.602333
24 27  0.618656
24 28  0.617397
24 29  0.620904
24 30  0.591116
25 26  0.621556
25 27  0.633999
25 28  0.633354
25 29  0.636608
25 30  0.605491
26 27  0.618093
26 28  0.592309
26 29  0.619892
26 30  0.618550
27 28  0.626857
27 29  0.604430
27 30  0.619071
28 29  0.628543
28 30  0.629944
29 30  0.631421
