  -1146.54305351
  -1146.91070897
0.00002285496880
2 2 2 2 2 2 2 2 2 2 2 2 2 2 2 0 0 0 0 0 0 0 0 0 0 0 0 0 0 0 
1  0.280544
2  0.271372
3  0.289059
4  0.279513
5  0.280336
6  0.286260
7  0.317383
8  0.302461
9  0.312380
10  0.312435
11  0.305952
12  0.310209
13  0.321226
14  0.313248
15  0.317253
16  0.288834
17  0.278982
18  0.291621
19  0.282796
20  0.283786
21  0.290630
22  0.313398
23  0.312832
24  0.307280
25  0.322520
26  0.305774
27  0.315738
28  0.313863
29  0.316982
30  0.319547
1 2  0.550986
1 3  0.568244
1 4  0.559276
1 5  0.560872
1 6  0.566794
1 7  0.595415
1 8  0.580122
1 9  0.592733
1 10  0.573431
1 11  0.583620
1 12  0.590695
1 13  0.579488
1 14  0.589548
1 15  0.597751
1 16  0.270497
1 17  0.556901
1 18  0.570378
1 19  0.563106
1 20  0.564158
1 21  0.571118
1 22  0.578314
1 23  0.593050
1 24  0.585592
1 25  0.578778
1 26  0.583363
1 27  0.596233
1 28  0.588291
1 29  0.597444
1 30  0.596723
2 3  0.560425
2 4  0.550883
2 5  0.550622
2 6  0.557089
2 7  0.580969
2 8  0.573635
2 9  0.581571
2 10  0.583743
2 11  0.566658
2 12  0.560394
2 13  0.586289
2 14  0.584560
2 15  0.586125
2 16  0.557496
2 17  0.259978
2 18  0.562793
2 19  0.554080
2 20  0.553792
2 21  0.561801
2 22  0.584444
2 23  0.563352
2 24  0.572449
2 25  0.587503
2 26  0.577089
2 27  0.585053
2 28  0.585063
2 29  0.582576
2 30  0.583171
3 4  0.524746
3 5  0.569393
3 6  0.575318
3 7  0.606367
3 8  0.587207
3 9  0.601434
3 10  0.593578
3 11  0.594929
3 12  0.599266
3 13  0.610080
3 14  0.577816
3 15  0.606309
3 16  0.576003
3 17  0.567848
3 18  0.284901
3 19  0.522911
3 20  0.572844
3 21  0.579687
3 22  0.599400
3 23  0.601858
3 24  0.596145
3 25  0.611355
3 26  0.592539
3 27  0.604764
3 28  0.570335
3 29  0.606008
3 30  0.608573
4 5  0.559847
4 6  0.565770
4 7  0.596606
4 8  0.574883
4 9  0.591872
4 10  0.582963
4 11  0.585184
4 12  0.589715
4 13  0.600249
4 14  0.576223
4 15  0.596754
4 16  0.568111
4 17  0.558399
4 18  0.522975
4 19  0.276281
4 20  0.563296
4 21  0.570114
4 22  0.591082
4 23  0.592306
4 24  0.586169
4 25  0.601948
4 26  0.581816
4 27  0.595081
4 28  0.567560
4 29  0.596393
4 30  0.598632
5 6  0.522753
5 7  0.597233
5 8  0.582792
5 9  0.584961
5 10  0.592770
5 11  0.586255
5 12  0.583180
5 13  0.601467
5 14  0.593583
5 15  0.579283
5 16  0.569000
5 17  0.557826
5 18  0.571955
5 19  0.563130
5 20  0.277036
5 21  0.521642
5 22  0.593719
5 23  0.589708
5 24  0.587342
5 25  0.602706
5 26  0.586022
5 27  0.594395
5 28  0.594160
5 29  0.571191
5 30  0.599844
6 7  0.603035
6 8  0.588707
6 9  0.590782
6 10  0.598693
6 11  0.592174
6 12  0.591651
6 13  0.607419
6 14  0.599508
6 15  0.580380
6 16  0.575033
6 17  0.565032
6 18  0.577878
6 19  0.569027
6 20  0.521599
6 21  0.281335
6 22  0.599654
6 23  0.597149
6 24  0.593255
6 25  0.608766
6 26  0.591819
6 27  0.599202
6 28  0.600063
6 29  0.570645
6 30  0.605007
7 8  0.616831
7 9  0.618348
7 10  0.629460
7 11  0.591214
7 12  0.626515
7 13  0.603227
7 14  0.630202
7 15  0.632874
7 16  0.602518
7 17  0.588465
7 18  0.608948
7 19  0.599750
7 20  0.601117
7 21  0.607202
7 22  0.630529
7 23  0.628079
7 24  0.585482
7 25  0.599858
7 26  0.620357
7 27  0.623646
7 28  0.630336
7 29  0.630563
7 30  0.414834
8 9  0.614629
8 10  0.580494
8 11  0.602224
8 12  0.612577
8 13  0.620311
8 14  0.589385
8 15  0.619613
8 16  0.587697
8 17  0.581418
8 18  0.591566
8 19  0.581889
8 20  0.586152
8 21  0.592878
8 22  0.575575
8 23  0.615282
8 24  0.605794
8 25  0.621164
8 26  0.370396
8 27  0.617465
8 28  0.584382
8 29  0.619186
8 30  0.618744
9 10  0.624793
9 11  0.617355
9 12  0.587200
9 13  0.632441
9 14  0.625602
9 15  0.603585
9 16  0.601121
9 17  0.588827
9 18  0.603965
9 19  0.595008
9 20  0.594416
9 21  0.600000
9 22  0.625773
9 23  0.583994
9 24  0.618710
9 25  0.633997
9 26  0.617390
9 27  0.372590
9 28  0.626066
9 29  0.598317
9 30  0.622316
10 11  0.618021
10 12  0.622634
10 13  0.631599
10 14  0.599738
10 15  0.629676
10 16  0.585784
10 17  0.590980
10 18  0.601091
10 19  0.593146
10 20  0.596198
10 21  0.603060
10 22  0.373748
10 23  0.625193
10 24  0.619331
10 25  0.632261
10 26  0.578855
10 27  0.628162
10 28  0.594483
10 29  0.629385
10 30  0.631664
11 12  0.614801
11 13  0.594507
11 14  0.618242
11 15  0.622633
11 16  0.592332
11 17  0.578394
11 18  0.597216
11 19  0.588061
11 20  0.589365
11 21  0.596274
11 22  0.618947
11 23  0.617659
11 24  0.370287
11 25  0.587950
11 26  0.608347
11 27  0.620808
11 28  0.619321
11 29  0.622734
11 30  0.586622
12 13  0.631087
12 14  0.623445
12 15  0.600963
12 16  0.598614
12 17  0.567733
12 18  0.601780
12 19  0.592963
12 20  0.591033
12 21  0.598727
12 22  0.623533
12 23  0.377526
12 24  0.616548
12 25  0.631597
12 26  0.615978
12 27  0.585837
12 28  0.624058
12 29  0.593805
12 30  0.627180
13 14  0.634120
13 15  0.638309
13 16  0.584438
13 17  0.594396
13 18  0.612641
13 19  0.603947
13 20  0.604841
13 21  0.611837
13 22  0.632187
13 23  0.632934
13 24  0.588941
13 25  0.419375
13 26  0.623128
13 27  0.635985
13 28  0.632743
13 29  0.637443
13 30  0.600698
14 15  0.630493
14 16  0.596148
14 17  0.592047
14 18  0.571476
14 19  0.571725
14 20  0.596989
14 21  0.603818
14 22  0.596489
14 23  0.626070
14 24  0.619943
14 25  0.633482
14 26  0.585225
14 27  0.628854
14 28  0.412537
14 29  0.630205
14 30  0.631772
15 16  0.606013
15 17  0.590215
15 18  0.608833
15 19  0.599951
15 20  0.574154
15 21  0.575406
15 22  0.630628
15 23  0.597218
15 24  0.624376
15 25  0.639066
15 26  0.622808
15 27  0.600837
15 28  0.631088
15 29  0.417157
15 30  0.632836
16 17  0.566686
16 18  0.578869
16 19  0.570663
16 20  0.572610
16 21  0.579451
16 22  0.580088
16 23  0.601601
16 24  0.593185
16 25  0.587312
16 26  0.591404
16 27  0.604345
16 28  0.598151
16 29  0.605756
16 30  0.605292
17 18  0.570595
17 19  0.561776
17 20  0.561500
17 21  0.568909
17 22  0.592306
17 23  0.568701
17 24  0.573756
17 25  0.594665
17 26  0.584443
17 27  0.592298
17 28  0.592763
17 29  0.593114
17 30  0.589440
18 19  0.529504
18 20  0.575404
18 21  0.582248
18 22  0.596783
18 23  0.604451
18 24  0.598765
18 25  0.613874
18 26  0.591783
18 27  0.607352
18 28  0.581303
18 29  0.608597
18 30  0.611066
19 20  0.566580
19 21  0.573422
19 22  0.586190
19 23  0.595619
19 24  0.589722
19 25  0.604726
19 26  0.580963
19 27  0.598511
19 28  0.578746
19 29  0.599764
19 30  0.602022
20 21  0.529421
20 22  0.597183
20 23  0.588751
20 24  0.591036
20 25  0.606201
20 26  0.589554
20 27  0.589662
20 28  0.597648
20 29  0.582465
20 30  0.602620
21 22  0.604025
21 23  0.597694
21 24  0.597868
21 25  0.613076
21 26  0.596383
21 27  0.598135
21 28  0.604491
21 29  0.583776
21 30  0.609394
22 23  0.626220
22 24  0.620218
22 25  0.634031
22 26  0.582773
22 27  0.629113
22 28  0.602004
22 29  0.630369
22 30  0.632603
23 24  0.618720
23 25  0.635049
23 26  0.618471
23 27  0.591725
23 28  0.626678
23 29  0.604442
23 30  0.631311
24 25  0.596976
24 26  0.605265
24 27  0.621877
24 28  0.620111
24 29  0.623704
24 30  0.594658
25 26  0.624594
25 27  0.637082
25 28  0.635969
25 29  0.639309
25 30  0.608740
26 27  0.621245
26 28  0.594827
26 29  0.622627
26 30  0.621895
27 28  0.629564
27 29  0.607073
27 30  0.622258
28 29  0.630833
28 30  0.632899
29 30  0.634426
