  -1146.54305351
  -1146.91141368
0.00000004156226
2 2 2 2 2 2 2 2 2 2 2 2 2 2 2 0 0 0 0 0 0 0 0 0 0 0 0 0 0 0 
1  0.281143
2  0.271994
3  0.289336
4  0.279794
5  0.280616
6  0.286563
7  0.318089
8  0.303015
9  0.312972
10  0.312863
11  0.306584
12  0.310640
13  0.321825
14  0.313627
15  0.317675
16  0.289465
17  0.279637
18  0.291907
19  0.283087
20  0.284079
21  0.290939
22  0.313806
23  0.313253
24  0.307902
25  0.323093
26  0.306331
27  0.316327
28  0.314239
29  0.317394
30  0.320255
1 2  0.552183
1 3  0.569105
1 4  0.560144
1 5  0.561749
1 6  0.567695
1 7  0.596702
1 8  0.581269
1 9  0.593919
1 10  0.574352
1 11  0.584842
1 12  0.591725
1 13  0.580595
1 14  0.590503
1 15  0.598772
1 16  0.271643
1 17  0.558139
1 18  0.571255
1 19  0.563995
1 20  0.565034
1 21  0.572022
1 22  0.579292
1 23  0.594070
1 24  0.586812
1 25  0.579929
1 26  0.584515
1 27  0.597415
1 28  0.589271
1 29  0.598448
1 30  0.598016
2 3  0.561321
2 4  0.551785
2 5  0.551515
2 6  0.557998
2 7  0.582283
2 8  0.574803
2 9  0.582778
2 10  0.584789
2 11  0.567835
2 12  0.561311
2 13  0.587474
2 14  0.585559
2 15  0.587152
2 16  0.558734
2 17  0.261140
2 18  0.563687
2 19  0.554985
2 20  0.554706
2 21  0.562730
2 22  0.585480
2 23  0.564344
2 24  0.573673
2 25  0.588698
2 26  0.578266
2 27  0.586256
2 28  0.586050
2 29  0.583608
2 30  0.584499
3 4  0.525333
3 5  0.569949
3 6  0.575896
3 7  0.607346
3 8  0.588009
3 9  0.602300
3 10  0.594272
3 11  0.595834
3 12  0.599975
3 13  0.610952
3 14  0.578454
3 15  0.607007
3 16  0.576906
3 17  0.568761
3 18  0.285482
3 19  0.523521
3 20  0.573412
3 21  0.580273
3 22  0.600080
3 23  0.602542
3 24  0.597031
3 25  0.612205
3 26  0.593363
3 27  0.605630
3 28  0.570996
3 29  0.606695
3 30  0.609556
4 5  0.560407
4 6  0.566353
4 7  0.597581
4 8  0.575695
4 9  0.592741
4 10  0.583641
4 11  0.586090
4 12  0.590426
4 13  0.601118
4 14  0.576882
4 15  0.597457
4 16  0.569021
4 17  0.559330
4 18  0.523583
4 19  0.276860
4 20  0.563869
4 21  0.570697
4 22  0.591762
4 23  0.593007
4 24  0.587079
4 25  0.602801
4 26  0.582654
4 27  0.595937
4 28  0.568228
4 29  0.597079
4 30  0.599606
5 6  0.523370
5 7  0.598201
5 8  0.583625
5 9  0.585773
5 10  0.593478
5 11  0.587165
5 12  0.583879
5 13  0.602341
5 14  0.594242
5 15  0.579988
5 16  0.569893
5 17  0.558761
5 18  0.572520
5 19  0.563700
5 20  0.277619
5 21  0.522281
5 22  0.594396
5 23  0.590409
5 24  0.588248
5 25  0.603545
5 26  0.586860
5 27  0.595245
5 28  0.594810
5 29  0.571899
5 30  0.600829
6 7  0.604025
6 8  0.589561
6 9  0.591651
6 10  0.599423
6 11  0.593108
6 12  0.592369
6 13  0.608317
6 14  0.600190
6 15  0.581086
6 16  0.575964
6 17  0.565986
6 18  0.578467
6 19  0.569614
6 20  0.522242
6 21  0.281967
6 22  0.600365
6 23  0.597866
6 24  0.594169
6 25  0.609642
6 26  0.592662
6 27  0.600092
6 28  0.600732
6 29  0.571373
6 30  0.606008
7 8  0.618059
7 9  0.619526
7 10  0.630590
7 11  0.592567
7 12  0.627644
7 13  0.604463
7 14  0.631278
7 15  0.633982
7 16  0.603843
7 17  0.589824
7 18  0.609940
7 19  0.600730
7 20  0.602113
7 21  0.608212
7 22  0.631636
7 23  0.629197
7 24  0.586833
7 25  0.601099
7 26  0.621634
7 27  0.624900
7 28  0.631418
7 29  0.631693
7 30  0.416265
8 9  0.615773
8 10  0.581497
8 11  0.603313
8 12  0.613556
8 13  0.621445
8 14  0.590268
8 15  0.620586
8 16  0.588879
8 17  0.582625
8 18  0.592393
8 19  0.582733
8 20  0.586995
8 21  0.593723
8 22  0.576551
8 23  0.616257
8 24  0.606932
8 25  0.622289
8 26  0.371472
8 27  0.618620
8 28  0.585275
8 29  0.620139
8 30  0.620024
9 10  0.625812
9 11  0.618571
9 12  0.588257
9 13  0.633619
9 14  0.626573
9 15  0.604548
9 16  0.602338
9 17  0.590065
9 18  0.604843
9 19  0.595881
9 20  0.595282
9 21  0.600896
9 22  0.626772
9 23  0.585029
9 24  0.619925
9 25  0.635152
9 26  0.618553
9 27  0.373725
9 28  0.627020
9 29  0.599290
9 30  0.623585
10 11  0.619080
10 12  0.623494
10 13  0.632607
10 14  0.600543
10 15  0.630526
10 16  0.586794
10 17  0.592070
10 18  0.601802
10 19  0.593851
10 20  0.596909
10 21  0.603798
10 22  0.374556
10 23  0.626040
10 24  0.620380
10 25  0.633246
10 26  0.579865
10 27  0.629177
10 28  0.595284
10 29  0.630221
10 30  0.632791
11 12  0.615845
11 13  0.595778
11 14  0.619244
11 15  0.623676
11 16  0.593588
11 17  0.579644
11 18  0.598124
11 19  0.588985
11 20  0.590294
11 21  0.597201
11 22  0.619987
11 23  0.618701
11 24  0.371463
11 25  0.589190
11 26  0.609495
11 27  0.622025
11 28  0.620327
11 29  0.623774
11 30  0.587978
12 13  0.632115
12 14  0.624253
12 15  0.601800
12 16  0.599675
12 17  0.568764
12 18  0.602482
12 19  0.593681
12 20  0.591756
12 21  0.599460
12 22  0.624371
12 23  0.378363
12 24  0.617592
12 25  0.632610
12 26  0.616966
12 27  0.586887
12 28  0.624863
12 29  0.594634
12 30  0.628314
13 14  0.635092
13 15  0.639327
13 16  0.585655
13 17  0.595649
13 18  0.613528
13 19  0.604834
13 20  0.605721
13 21  0.612744
13 22  0.633179
13 23  0.633959
13 24  0.590186
13 25  0.420568
13 26  0.624281
13 27  0.637158
13 28  0.633719
13 29  0.638453
13 30  0.601948
14 15  0.631294
14 16  0.597157
14 17  0.593074
14 18  0.572145
14 19  0.572401
14 20  0.597654
14 21  0.604497
14 22  0.597277
14 23  0.626868
14 24  0.620940
14 25  0.634438
14 26  0.586134
14 27  0.629812
14 28  0.413354
14 29  0.630999
14 30  0.632860
15 16  0.607061
15 17  0.591288
15 18  0.609538
15 19  0.600652
15 20  0.574880
15 21  0.576143
15 22  0.631454
15 23  0.598059
15 24  0.625416
15 25  0.640057
15 26  0.623779
15 27  0.601821
15 28  0.631888
15 29  0.418067
15 30  0.633974
16 17  0.567946
16 18  0.579767
16 19  0.571574
16 20  0.573531
16 21  0.580389
16 22  0.581004
16 23  0.602653
16 24  0.594429
16 25  0.588429
16 26  0.592585
16 27  0.605558
16 28  0.599135
16 29  0.606799
16 30  0.606604
17 18  0.571534
17 19  0.562721
17 20  0.562438
17 21  0.569862
17 22  0.593366
17 23  0.569647
17 24  0.574953
17 25  0.595858
17 26  0.585646
17 27  0.593534
17 28  0.593790
17 29  0.594163
17 30  0.590789
18 19  0.530112
18 20  0.575982
18 21  0.582842
18 22  0.597464
18 23  0.605158
18 24  0.599666
18 25  0.614734
18 26  0.592596
18 27  0.608224
18 28  0.581950
18 29  0.609295
18 30  0.612056
19 20  0.567161
19 21  0.574020
19 22  0.586868
19 23  0.596329
19 24  0.590624
19 25  0.605574
19 26  0.581786
19 27  0.599385
19 28  0.579410
19 29  0.600465
19 30  0.603008
20 21  0.530058
20 22  0.597884
20 23  0.589451
20 24  0.591949
20 25  0.607061
20 26  0.590402
20 27  0.590478
20 28  0.598317
20 29  0.583173
20 30  0.603603
21 22  0.604741
21 23  0.598412
21 24  0.598798
21 25  0.613953
21 26  0.597247
21 27  0.599007
21 28  0.605176
21 29  0.584476
21 30  0.610391
22 23  0.627049
22 24  0.621244
22 25  0.634997
22 26  0.583763
22 27  0.630107
22 28  0.602788
22 29  0.631189
22 30  0.633714
23 24  0.619745
23 25  0.636041
23 26  0.619442
23 27  0.592765
23 28  0.627471
23 29  0.605264
23 30  0.632432
24 25  0.598211
24 26  0.606332
24 27  0.623078
24 28  0.621101
24 29  0.624729
24 30  0.596001
25 26  0.625705
25 27  0.638227
25 28  0.636910
25 29  0.640292
25 30  0.609969
26 27  0.622389
26 28  0.595721
26 29  0.623592
26 30  0.623127
27 28  0.630525
27 29  0.608038
27 30  0.623433
28 29  0.631621
28 30  0.633975
29 30  0.635527
