  -1146.53042188
  -1146.89997772
0.00008648271960
2 2 2 2 2 2 2 2 2 2 2 2 2 2 2 0 0 0 0 0 0 0 0 0 0 0 0 0 0 0 
1  0.270821
2  0.270627
3  0.346243
4  0.320735
5  0.320756
6  0.322261
7  0.322024
8  0.284929
9  0.284910
10  0.316912
11  0.317276
12  0.284771
13  0.284787
14  0.323355
15  0.323197
16  0.320638
17  0.320644
18  0.284502
19  0.284306
20  0.317302
21  0.335056
22  0.317663
23  0.317658
24  0.341106
25  0.334788
26  0.284015
27  0.288543
28  0.317575
29  0.288609
30  0.284036
1 2  0.541431
1 3  0.614562
1 4  0.573186
1 5  0.591556
1 6  0.570752
1 7  0.592587
1 8  0.553010
1 9  0.555727
1 10  0.586392
1 11  0.586726
1 12  0.551028
1 13  0.555606
1 14  0.593795
1 15  0.591349
1 16  0.589818
1 17  0.591329
1 18  0.258602
1 19  0.555119
1 20  0.587550
1 21  0.582307
1 22  0.588459
1 23  0.570334
1 24  0.611808
1 25  0.605585
1 26  0.553494
1 27  0.559355
1 28  0.583169
1 29  0.554192
1 30  0.554834
2 3  0.614347
2 4  0.591342
2 5  0.572970
2 6  0.592621
2 7  0.570404
2 8  0.555552
2 9  0.552810
2 10  0.586198
2 11  0.586559
2 12  0.555396
2 13  0.550861
2 14  0.591317
2 15  0.593455
2 16  0.591131
2 17  0.589627
2 18  0.555120
2 19  0.258174
2 20  0.582738
2 21  0.605658
2 22  0.570116
2 23  0.588262
2 24  0.611614
2 25  0.582021
2 26  0.554619
2 27  0.553945
2 28  0.587628
2 29  0.559229
2 30  0.553331
3 4  0.666137
3 5  0.666161
3 6  0.647236
3 7  0.646888
3 8  0.631107
3 9  0.631088
3 10  0.635776
3 11  0.636035
3 12  0.630996
3 13  0.631011
3 14  0.659762
3 15  0.659607
3 16  0.665026
3 17  0.665053
3 18  0.628979
3 19  0.628805
3 20  0.581588
3 21  0.674179
3 22  0.663815
3 23  0.663812
3 24  0.641117
3 25  0.673881
3 26  0.630061
3 27  0.634566
3 28  0.582371
3 29  0.634629
3 30  0.630082
4 5  0.641487
4 6  0.639970
4 7  0.642569
4 8  0.567298
4 9  0.605644
4 10  0.636862
4 11  0.637851
4 12  0.568749
4 13  0.605521
4 14  0.643985
4 15  0.632536
4 16  0.634115
4 17  0.641317
4 18  0.582153
4 19  0.604841
4 20  0.636999
4 21  0.651798
4 22  0.638378
4 23  0.400575
4 24  0.661248
4 25  0.655166
4 26  0.556650
4 27  0.609259
4 28  0.636231
4 29  0.563148
4 30  0.604758
5 6  0.642817
5 7  0.639768
5 8  0.605684
5 9  0.567290
5 10  0.637506
5 11  0.637248
5 12  0.605526
5 13  0.568810
5 14  0.632718
5 15  0.643847
5 16  0.641332
5 17  0.634118
5 18  0.605055
5 19  0.581939
5 20  0.635984
5 21  0.655445
5 22  0.400719
5 23  0.638394
5 24  0.661261
5 25  0.651579
5 26  0.604757
5 27  0.563211
5 28  0.637292
5 29  0.609346
5 30  0.556664
6 7  0.641680
6 8  0.606974
6 9  0.607140
6 10  0.631914
6 11  0.632848
6 12  0.606834
6 13  0.607036
6 14  0.643120
6 15  0.608001
6 16  0.610402
6 17  0.642672
6 18  0.590085
6 19  0.606364
6 20  0.636472
6 21  0.414420
6 22  0.639914
6 23  0.637835
6 24  0.661865
6 25  0.656625
6 26  0.606041
6 27  0.610755
6 28  0.614363
6 29  0.610375
6 30  0.606221
7 8  0.606923
7 9  0.606717
7 10  0.632250
7 11  0.632035
7 12  0.606783
7 13  0.606615
7 14  0.607932
7 15  0.642827
7 16  0.642443
7 17  0.610179
7 18  0.606316
7 19  0.589693
7 20  0.613954
7 21  0.656647
7 22  0.637594
7 23  0.639673
7 24  0.661596
7 25  0.413737
7 26  0.605962
7 27  0.610082
7 28  0.636461
7 29  0.610583
7 30  0.605831
8 9  0.569837
8 10  0.601488
8 11  0.602193
8 12  0.521443
8 13  0.569714
8 14  0.608278
8 15  0.605496
8 16  0.603540
8 17  0.605407
8 18  0.568482
8 19  0.569111
8 20  0.601890
8 21  0.619887
8 22  0.602552
8 23  0.558632
8 24  0.625388
8 25  0.619475
8 26  0.295887
8 27  0.573466
8 28  0.602412
8 29  0.517107
8 30  0.568964
9 10  0.601811
9 11  0.601832
9 12  0.569679
9 13  0.521446
9 14  0.605618
9 15  0.608100
9 16  0.605382
9 17  0.603504
9 18  0.569287
9 19  0.568279
9 20  0.602118
9 21  0.619720
9 22  0.558678
9 23  0.602529
9 24  0.625371
9 25  0.619603
9 26  0.568924
9 27  0.517047
9 28  0.602141
9 29  0.573513
9 30  0.296002
10 11  0.612097
10 12  0.601428
10 13  0.601671
10 14  0.637021
10 15  0.617751
10 16  0.612474
10 17  0.634247
10 18  0.598395
10 19  0.599283
10 20  0.610008
10 21  0.641334
10 22  0.633939
10 23  0.631511
10 24  0.576988
10 25  0.646966
10 26  0.600664
10 27  0.605382
10 28  0.585765
10 29  0.605505
10 30  0.600941
11 12  0.602018
11 13  0.601804
11 14  0.618226
11 15  0.637190
11 16  0.634558
11 17  0.612763
11 18  0.599838
11 19  0.598575
11 20  0.585889
11 21  0.647559
11 22  0.631855
11 23  0.634291
11 24  0.577734
11 25  0.641434
11 26  0.601284
11 27  0.605803
11 28  0.610440
11 29  0.605814
11 30  0.601043
12 13  0.569556
12 14  0.608124
12 15  0.606648
12 16  0.604840
12 17  0.605330
12 18  0.564841
12 19  0.569029
12 20  0.602026
12 21  0.619293
12 22  0.602412
12 23  0.554564
12 24  0.625643
12 25  0.619480
12 26  0.517701
12 27  0.573312
12 28  0.602269
12 29  0.295557
12 30  0.568807
13 14  0.606812
13 15  0.607982
13 16  0.605339
13 17  0.604870
13 18  0.569241
13 19  0.564675
13 20  0.602014
13 21  0.619764
13 22  0.554581
13 23  0.602424
13 24  0.625664
13 25  0.619046
13 26  0.568801
13 27  0.295520
13 28  0.602315
13 29  0.573394
13 30  0.517834
14 15  0.645030
14 16  0.643500
14 17  0.399555
14 18  0.607056
14 19  0.603107
14 20  0.630909
14 21  0.656929
14 22  0.629016
14 23  0.640908
14 24  0.657949
14 25  0.618195
14 26  0.607333
14 27  0.611643
14 28  0.636184
14 29  0.611910
14 30  0.605571
15 16  0.399251
15 17  0.643351
15 18  0.603145
15 19  0.606718
15 20  0.635802
15 21  0.618353
15 22  0.640755
15 23  0.628850
15 24  0.657798
15 25  0.656546
15 26  0.605402
15 27  0.611687
15 28  0.631029
15 29  0.611549
15 30  0.607199
16 17  0.638402
16 18  0.600925
16 19  0.604542
16 20  0.630936
16 21  0.615391
16 22  0.638084
16 23  0.625992
16 24  0.640411
16 25  0.652803
16 26  0.602486
16 27  0.609179
16 28  0.631334
16 29  0.608042
16 30  0.604661
17 18  0.604730
17 19  0.600743
17 20  0.631095
17 21  0.652969
17 22  0.626002
17 23  0.638081
17 24  0.640487
17 25  0.615142
17 26  0.604645
17 27  0.607990
17 28  0.631223
17 29  0.609252
17 30  0.602512
18 19  0.568784
18 20  0.601378
18 21  0.591586
18 22  0.602139
18 23  0.582163
18 24  0.624056
18 25  0.619036
18 26  0.564054
18 27  0.573043
18 28  0.599692
18 29  0.567745
18 30  0.568535
19 20  0.599225
19 21  0.619109
19 22  0.581973
19 23  0.601939
19 24  0.623854
19 25  0.591181
19 26  0.568318
19 27  0.567483
19 28  0.601461
19 29  0.572914
19 30  0.563874
20 21  0.648528
20 22  0.634394
20 23  0.634149
20 24  0.629949
20 25  0.629679
20 26  0.601159
20 27  0.605738
20 28  0.614418
20 29  0.605882
20 30  0.600997
21 22  0.652468
21 23  0.650961
21 24  0.666533
21 25  0.667990
21 26  0.618571
21 27  0.623594
21 28  0.630219
21 29  0.623397
21 30  0.619060
22 23  0.635311
22 24  0.657065
22 25  0.650695
22 26  0.601677
22 27  0.568340
22 28  0.634425
22 29  0.606272
22 30  0.565567
23 24  0.657070
23 25  0.652200
23 26  0.565549
23 27  0.606201
23 28  0.634658
23 29  0.568386
23 30  0.601694
24 25  0.666245
24 26  0.624912
24 27  0.629593
24 28  0.630133
24 29  0.629659
24 30  0.624933
25 26  0.618771
25 27  0.623063
25 28  0.648521
25 29  0.623393
25 30  0.618325
26 27  0.572557
26 28  0.601249
26 29  0.523837
26 30  0.568050
27 28  0.606086
27 29  0.577151
27 30  0.523796
28 29  0.606077
28 30  0.601448
29 30  0.572645
