  -1146.53042188
  -1146.90223087
0.00002693889320
2 2 2 2 2 2 2 2 2 2 2 2 2 2 2 0 0 0 0 0 0 0 0 0 0 0 0 0 0 0 
1  0.275748
2  0.275650
3  0.354261
4  0.324439
5  0.324479
6  0.329252
7  0.329158
8  0.287332
9  0.287336
10  0.323645
11  0.323873
12  0.286668
13  0.286706
14  0.331593
15  0.331440
16  0.328576
17  0.328546
18  0.289651
19  0.289508
20  0.323941
21  0.342254
22  0.321246
23  0.321241
24  0.349654
25  0.342088
26  0.286231
27  0.290469
28  0.324047
29  0.290519
30  0.286272
1 2  0.551367
1 3  0.627045
1 4  0.581500
1 5  0.600192
1 6  0.581163
1 7  0.604541
1 8  0.560243
1 9  0.563078
1 10  0.597981
1 11  0.598083
1 12  0.557667
1 13  0.562450
1 14  0.606845
1 15  0.604385
1 16  0.602632
1 17  0.604061
1 18  0.267849
1 19  0.565247
1 20  0.599067
1 21  0.594034
1 22  0.596939
1 23  0.578893
1 24  0.625243
1 25  0.617814
1 26  0.560592
1 27  0.566197
1 28  0.594482
1 29  0.560964
1 30  0.561965
2 3  0.626946
2 4  0.600053
2 5  0.581408
2 6  0.604534
2 7  0.580969
2 8  0.562976
2 9  0.560165
2 10  0.597762
2 11  0.598113
2 12  0.562315
2 13  0.557624
2 14  0.604440
2 15  0.606599
2 16  0.604008
2 17  0.602499
2 18  0.565291
2 19  0.267490
2 20  0.594316
2 21  0.617881
2 22  0.578781
2 23  0.596838
2 24  0.625144
2 25  0.593926
2 26  0.561826
2 27  0.560828
2 28  0.599068
2 29  0.566150
2 30  0.560544
3 4  0.677712
3 5  0.677754
3 6  0.660826
3 7  0.660692
3 8  0.641518
3 9  0.641522
3 10  0.650655
3 11  0.650831
3 12  0.640902
3 13  0.640939
3 14  0.675512
3 15  0.675357
3 16  0.680946
3 17  0.680930
3 18  0.642011
3 19  0.641893
3 20  0.595646
3 21  0.688902
3 22  0.675421
3 23  0.675414
3 24  0.657847
3 25  0.688738
3 26  0.640286
3 27  0.644492
3 28  0.596224
3 29  0.644539
3 30  0.640330
4 5  0.648911
4 6  0.650465
4 7  0.653330
4 8  0.573349
4 9  0.611775
4 10  0.647194
4 11  0.648107
4 12  0.574611
4 13  0.611144
4 14  0.655878
4 15  0.643592
4 16  0.645586
4 17  0.652935
4 18  0.591124
4 19  0.613727
4 20  0.647404
4 21  0.662681
4 22  0.645667
4 23  0.408232
4 24  0.673471
4 25  0.666162
4 26  0.562674
4 27  0.614878
4 28  0.646386
4 29  0.568933
4 30  0.610688
5 6  0.653465
5 7  0.650415
5 8  0.611811
5 9  0.573375
5 10  0.647918
5 11  0.647459
5 12  0.611147
5 13  0.574707
5 14  0.643792
5 15  0.655766
5 16  0.653004
5 17  0.645573
5 18  0.613908
5 19  0.590996
5 20  0.646325
5 21  0.666364
5 22  0.408362
5 23  0.645702
5 24  0.673503
5 25  0.662588
5 26  0.610687
5 27  0.569021
5 28  0.647545
5 29  0.614969
5 30  0.562699
6 7  0.655273
6 8  0.616335
6 9  0.616550
6 10  0.645665
6 11  0.646174
6 12  0.615715
6 13  0.615944
6 14  0.657984
6 15  0.623051
6 16  0.625418
6 17  0.657462
6 18  0.601658
6 19  0.618550
6 20  0.649911
6 21  0.428340
6 22  0.650473
6 23  0.648389
6 24  0.677344
6 25  0.670895
6 26  0.615190
6 27  0.619646
6 28  0.627492
6 29  0.619251
6 30  0.615395
7 8  0.616452
7 9  0.616244
7 10  0.645858
7 11  0.645795
7 12  0.615813
7 13  0.615661
7 14  0.623118
7 15  0.657765
7 16  0.657412
7 17  0.625295
7 18  0.618598
7 19  0.601443
7 20  0.627377
7 21  0.670960
7 22  0.648297
7 23  0.650377
7 24  0.677239
7 25  0.427832
7 26  0.615266
7 27  0.619118
7 28  0.649892
7 29  0.619605
7 30  0.615145
8 9  0.574666
8 10  0.610537
8 11  0.611185
8 12  0.525975
8 13  0.574035
8 14  0.618917
8 15  0.615845
8 16  0.613790
8 17  0.615653
8 18  0.575998
8 19  0.576680
8 20  0.610905
8 21  0.629462
8 22  0.608514
8 23  0.564708
8 24  0.636286
8 25  0.629091
8 26  0.300499
8 27  0.577794
8 28  0.611284
8 29  0.521785
8 30  0.573604
9 10  0.610962
9 11  0.610769
9 12  0.574001
9 13  0.526022
9 14  0.615986
9 15  0.618769
9 16  0.615693
9 17  0.613750
9 18  0.576826
9 19  0.575869
9 20  0.611180
9 21  0.629255
9 22  0.564778
9 23  0.608513
9 24  0.636291
9 25  0.629303
9 26  0.573568
9 27  0.521757
9 28  0.611006
9 29  0.577849
9 30  0.300650
10 11  0.624988
10 12  0.609993
10 13  0.610311
10 14  0.651725
10 15  0.631313
10 16  0.626549
10 17  0.648650
10 18  0.610332
10 19  0.611160
10 20  0.623334
10 21  0.655302
10 22  0.644147
10 23  0.641680
10 24  0.591540
10 25  0.660879
10 26  0.609586
10 27  0.614029
10 28  0.599369
10 29  0.614142
10 30  0.609911
11 12  0.610499
11 13  0.610252
11 14  0.631661
11 15  0.651804
11 16  0.648885
11 17  0.626693
11 18  0.611512
11 19  0.610418
11 20  0.599499
11 21  0.661249
11 22  0.641890
11 23  0.644366
11 24  0.592013
11 25  0.655359
11 26  0.610097
11 27  0.614321
11 28  0.623471
11 29  0.614307
11 30  0.609848
12 13  0.573371
12 14  0.618258
12 15  0.616559
12 16  0.614619
12 17  0.615074
12 18  0.571880
12 19  0.576112
12 20  0.610553
12 21  0.628394
12 22  0.607873
12 23  0.560219
12 24  0.636049
12 25  0.628631
12 26  0.522118
12 27  0.577135
12 28  0.610614
12 29  0.299327
12 30  0.572939
13 14  0.616735
13 15  0.618144
13 16  0.615146
13 17  0.614637
13 18  0.576294
13 19  0.571789
13 20  0.610546
13 21  0.628836
13 22  0.560250
13 23  0.607905
13 24  0.636084
13 25  0.628275
13 26  0.572936
13 27  0.299310
13 28  0.610698
13 29  0.577224
13 30  0.522296
14 15  0.661181
14 16  0.659630
14 17  0.414955
14 18  0.620366
14 19  0.616572
14 20  0.645686
14 21  0.672232
14 22  0.640818
14 23  0.652729
14 24  0.674220
14 25  0.634037
14 26  0.617762
14 27  0.621762
14 28  0.650720
14 29  0.622027
14 30  0.615995
15 16  0.414718
15 17  0.659455
15 18  0.616568
15 19  0.620091
15 20  0.650481
15 21  0.634092
15 22  0.652585
15 23  0.640665
15 24  0.674095
15 25  0.671942
15 26  0.615815
15 27  0.621826
15 28  0.645651
15 29  0.621657
15 30  0.617652
16 17  0.653675
16 18  0.613824
16 19  0.617550
16 20  0.645121
16 21  0.630367
16 22  0.649528
16 23  0.636602
16 24  0.655160
16 25  0.667509
16 26  0.612429
16 27  0.619043
16 28  0.645674
16 29  0.617762
16 30  0.614834
17 18  0.617657
17 19  0.613662
17 20  0.645554
17 21  0.667615
17 22  0.636571
17 23  0.649497
17 24  0.655161
17 25  0.630184
17 26  0.614763
17 27  0.617683
17 28  0.645203
17 29  0.619064
17 30  0.612435
18 19  0.579123
18 20  0.613112
18 21  0.602458
18 22  0.610856
18 23  0.590603
18 24  0.637619
18 25  0.631415
18 26  0.571244
18 27  0.580118
18 28  0.611042
18 29  0.574606
18 30  0.575919
19 20  0.610793
19 21  0.631437
19 22  0.590475
19 23  0.610709
19 24  0.637481
19 25  0.602168
19 26  0.575735
19 27  0.574415
19 28  0.613081
19 29  0.580025
19 30  0.571144
20 21  0.662157
20 22  0.644608
20 23  0.644254
20 24  0.645184
20 25  0.642546
20 26  0.609972
20 27  0.614283
20 28  0.627299
20 29  0.614415
20 30  0.609806
21 22  0.663165
21 23  0.661583
21 24  0.681789
21 25  0.682168
21 26  0.627908
21 27  0.632714
21 28  0.642821
21 29  0.632470
21 30  0.628483
22 23  0.642471
22 24  0.668958
22 25  0.661421
22 26  0.607476
22 27  0.574032
22 28  0.644364
22 29  0.611765
22 30  0.571390
23 24  0.668949
23 25  0.662998
23 26  0.571364
23 27  0.611709
23 28  0.644708
23 29  0.574054
23 30  0.607513
24 25  0.681612
24 26  0.635643
24 27  0.640051
24 28  0.645278
24 29  0.640102
24 30  0.635682
25 26  0.628276
25 27  0.632254
25 28  0.662105
25 29  0.632599
25 30  0.627785
26 27  0.576699
26 28  0.609872
26 29  0.528246
26 30  0.572503
27 28  0.614470
27 29  0.580987
27 30  0.528242
28 29  0.614440
28 30  0.610118
29 30  0.576791
