  -1146.53042188
  -1146.90290765
0.00000803674332
2 2 2 2 2 2 2 2 2 2 2 2 2 2 2 0 0 0 0 0 0 0 0 0 0 0 0 0 0 0 
1  0.277367
2  0.277262
3  0.356866
4  0.325683
5  0.325732
6  0.331679
7  0.331574
8  0.288128
9  0.288145
10  0.325956
11  0.326144
12  0.287277
13  0.287317
14  0.334333
15  0.334172
16  0.331112
17  0.331091
18  0.291487
19  0.291349
20  0.326210
21  0.344779
22  0.322445
23  0.322425
24  0.352208
25  0.344600
26  0.286983
27  0.291118
28  0.326294
29  0.291163
30  0.287032
1 2  0.554590
1 3  0.631131
1 4  0.584283
1 5  0.603053
1 6  0.584717
1 7  0.608515
1 8  0.562645
1 9  0.565503
1 10  0.601897
1 11  0.601898
1 12  0.559874
1 13  0.564678
1 14  0.611123
1 15  0.608701
1 16  0.606768
1 17  0.608184
1 18  0.271070
1 19  0.568708
1 20  0.602941
1 21  0.598103
1 22  0.599736
1 23  0.581716
1 24  0.629412
1 25  0.621941
1 26  0.562953
1 27  0.568455
1 28  0.598301
1 29  0.563240
1 30  0.564312
2 3  0.631031
2 4  0.602900
2 5  0.584190
2 6  0.608513
2 7  0.584510
2 8  0.565382
2 9  0.562572
2 10  0.601608
2 11  0.601983
2 12  0.564534
2 13  0.559824
2 14  0.608754
2 15  0.610859
2 16  0.608108
2 17  0.606637
2 18  0.568741
2 19  0.270718
2 20  0.598149
2 21  0.622015
2 22  0.581612
2 23  0.599613
2 24  0.629308
2 25  0.597980
2 26  0.564158
2 27  0.563103
2 28  0.602917
2 29  0.568395
2 30  0.562906
3 4  0.681492
3 5  0.681543
3 6  0.665379
3 7  0.665263
3 8  0.644918
3 9  0.644934
3 10  0.655593
3 11  0.655752
3 12  0.644112
3 13  0.644151
3 14  0.680681
3 15  0.680523
3 16  0.686070
3 17  0.686056
3 18  0.646436
3 19  0.646312
3 20  0.600351
3 21  0.693885
3 22  0.679222
3 23  0.679200
3 24  0.663199
3 25  0.693709
3 26  0.643606
3 27  0.647739
3 28  0.600800
3 29  0.647781
3 30  0.643657
4 5  0.651406
4 6  0.654085
4 7  0.656959
4 8  0.575401
4 9  0.613827
4 10  0.650697
4 11  0.651601
4 12  0.576586
4 13  0.612999
4 14  0.659836
4 15  0.647292
4 16  0.649324
4 17  0.656735
4 18  0.594240
4 19  0.616768
4 20  0.650900
4 21  0.666446
4 22  0.648110
4 23  0.410880
4 24  0.677276
4 25  0.669897
4 26  0.564734
4 27  0.616756
4 28  0.649875
4 29  0.570906
4 30  0.612679
5 6  0.657110
5 7  0.654032
5 8  0.613860
5 9  0.575448
5 10  0.651461
5 11  0.650934
5 12  0.613009
5 13  0.576692
5 14  0.647502
5 15  0.659724
5 16  0.656802
5 17  0.649331
5 18  0.616952
5 19  0.594124
5 20  0.649844
5 21  0.670117
5 22  0.411032
5 23  0.648139
5 24  0.677320
5 25  0.666346
5 26  0.612677
5 27  0.571009
5 28  0.651027
5 29  0.616849
5 30  0.564778
6 7  0.659962
6 8  0.619543
6 9  0.619782
6 10  0.650425
6 11  0.650777
6 12  0.618749
6 13  0.618978
6 14  0.663003
6 15  0.628158
6 16  0.630468
6 17  0.662410
6 18  0.605740
6 19  0.622814
6 20  0.654521
6 21  0.433126
6 22  0.654091
6 23  0.651980
6 24  0.682303
6 25  0.675806
6 26  0.618360
6 27  0.622699
6 28  0.632065
6 29  0.622319
6 30  0.618543
7 8  0.619661
7 9  0.619454
7 10  0.650498
7 11  0.650511
7 12  0.618834
7 13  0.618685
7 14  0.628218
7 15  0.662750
7 16  0.662335
7 17  0.630355
7 18  0.622844
7 19  0.605525
7 20  0.631968
7 21  0.675876
7 22  0.651892
7 23  0.653968
7 24  0.682193
7 25  0.432605
7 26  0.618391
7 27  0.622180
7 28  0.654484
7 29  0.622639
7 30  0.618311
8 9  0.576271
8 10  0.613611
8 11  0.614246
8 12  0.527468
8 13  0.575442
8 14  0.622454
8 15  0.619292
8 16  0.617125
8 17  0.618964
8 18  0.578619
8 19  0.579264
8 20  0.613960
8 21  0.632774
8 22  0.610483
8 23  0.566754
8 24  0.639645
8 25  0.632352
8 26  0.302108
8 27  0.579237
8 28  0.614325
8 29  0.523365
8 30  0.575160
9 10  0.614074
9 11  0.613814
9 12  0.575419
9 13  0.527530
9 14  0.619450
9 15  0.622309
9 16  0.619002
9 17  0.617104
9 18  0.579415
9 19  0.578507
9 20  0.614255
9 21  0.632541
9 22  0.566851
9 23  0.610482
9 24  0.639658
9 25  0.632615
9 26  0.575128
9 27  0.523357
9 28  0.614057
9 29  0.579298
9 30  0.302272
10 11  0.629357
10 12  0.612886
10 13  0.613223
10 14  0.656674
10 15  0.635886
10 16  0.631198
10 17  0.653406
10 18  0.614494
10 19  0.615303
10 20  0.627802
10 21  0.660119
10 22  0.647669
10 23  0.645158
10 24  0.596150
10 25  0.665665
10 26  0.612642
10 27  0.616973
10 28  0.604073
10 29  0.617096
10 30  0.612982
11 12  0.613371
11 13  0.613110
11 14  0.636199
11 15  0.656702
11 16  0.653600
11 17  0.631310
11 18  0.615610
11 19  0.614548
11 20  0.604189
11 21  0.666003
11 22  0.645350
11 23  0.647834
11 24  0.596490
11 25  0.660129
11 26  0.613121
11 27  0.617240
11 28  0.627955
11 29  0.617203
11 30  0.612873
12 13  0.574591
12 14  0.621607
12 15  0.619846
12 16  0.617737
12 17  0.618200
12 18  0.574342
12 19  0.578548
12 20  0.613437
12 21  0.631531
12 22  0.609659
12 23  0.562105
12 24  0.639189
12 25  0.631738
12 26  0.523600
12 27  0.578395
12 28  0.613462
12 29  0.300634
12 30  0.574305
13 14  0.620034
13 15  0.621486
13 16  0.618263
13 17  0.617765
13 18  0.578724
13 19  0.574257
13 20  0.613419
13 21  0.631955
13 22  0.562151
13 23  0.609680
13 24  0.639229
13 25  0.631399
13 26  0.574295
13 27  0.300621
13 28  0.613560
13 29  0.578479
13 30  0.523787
14 15  0.666481
14 16  0.664897
14 17  0.420057
14 18  0.624851
14 19  0.621162
14 20  0.650682
14 21  0.677474
14 22  0.644756
14 23  0.656635
14 24  0.679345
14 25  0.639407
14 26  0.621244
14 27  0.625129
14 28  0.655647
14 29  0.625385
14 30  0.619500
15 16  0.419809
15 17  0.664719
15 18  0.621144
15 19  0.624578
15 20  0.655433
15 21  0.639466
15 22  0.656497
15 23  0.644580
15 24  0.679209
15 25  0.677163
15 26  0.619301
15 27  0.625183
15 28  0.650620
15 29  0.625010
15 30  0.621135
16 17  0.658546
16 18  0.618128
16 19  0.621860
16 20  0.649814
16 21  0.635423
16 22  0.653216
16 23  0.640064
16 24  0.659672
16 25  0.672400
16 26  0.615660
16 27  0.622227
16 28  0.650460
16 29  0.620888
16 30  0.618124
17 18  0.621976
17 19  0.617980
17 20  0.650369
17 21  0.672545
17 22  0.640054
17 23  0.653175
17 24  0.659657
17 25  0.635231
17 26  0.618055
17 27  0.620825
17 28  0.649881
17 29  0.622252
17 30  0.615683
18 19  0.582790
18 20  0.617202
18 21  0.606275
18 22  0.613881
18 23  0.593552
18 24  0.641955
18 25  0.635710
18 26  0.573798
18 27  0.582600
18 28  0.615006
18 29  0.577052
18 30  0.578512
19 20  0.614784
19 21  0.635753
19 22  0.593441
19 23  0.613724
19 24  0.641818
19 25  0.605981
19 26  0.578325
19 27  0.576870
19 28  0.617150
19 29  0.582507
19 30  0.573711
20 21  0.666851
20 22  0.648072
20 23  0.647650
20 24  0.650033
20 25  0.646952
20 26  0.612973
20 27  0.617193
20 28  0.631673
20 29  0.617317
20 30  0.612798
21 22  0.666851
21 23  0.665241
21 24  0.686730
21 25  0.687103
21 26  0.631170
21 27  0.635881
21 28  0.647211
21 29  0.635629
21 30  0.631760
22 23  0.644850
22 24  0.672616
22 25  0.665079
22 26  0.609427
22 27  0.575973
22 28  0.647753
22 29  0.613607
22 30  0.573381
23 24  0.672600
23 25  0.666654
23 26  0.573333
23 27  0.613542
23 28  0.648134
23 29  0.575977
23 30  0.609456
24 25  0.686553
24 26  0.638926
24 27  0.643244
24 28  0.650142
24 29  0.643289
24 30  0.638974
25 26  0.631532
25 27  0.635405
25 28  0.666762
25 29  0.635746
25 30  0.631040
26 27  0.578099
26 28  0.612834
26 29  0.529740
26 30  0.574013
27 28  0.617355
27 29  0.582280
27 30  0.529750
28 29  0.617321
28 30  0.613104
29 30  0.578193
