   -993.90310287
   -994.21569260
0.00018993651000
2 2 2 2 2 2 2 2 2 2 2 2 2 0 0 0 0 0 0 0 0 0 0 0 0 0 
1  0.262404
2  0.270815
3  0.280289
4  0.269186
5  0.260470
6  0.277577
7  0.274594
8  0.305658
9  0.296315
10  0.292433
11  0.296237
12  0.298718
13  0.301796
14  0.268002
15  0.274410
16  0.283041
17  0.272628
18  0.264845
19  0.279798
20  0.277681
21  0.302321
22  0.298052
23  0.308890
24  0.298020
25  0.299676
26  0.295507
1 2  0.532677
1 3  0.541726
1 4  0.527502
1 5  0.522741
1 6  0.539965
1 7  0.536970
1 8  0.546341
1 9  0.558672
1 10  0.551812
1 11  0.557389
1 12  0.545343
1 13  0.560530
1 14  0.241954
1 15  0.536719
1 16  0.544230
1 17  0.530008
1 18  0.526368
1 19  0.542181
1 20  0.540079
1 21  0.558113
1 22  0.560378
1 23  0.545771
1 24  0.559700
1 25  0.548861
1 26  0.553621
2 3  0.506893
2 4  0.539994
2 5  0.531281
2 6  0.548391
2 7  0.545408
2 8  0.575919
2 9  0.567126
2 10  0.557158
2 11  0.567010
2 12  0.562079
2 13  0.557452
2 14  0.538714
2 15  0.258165
2 16  0.504616
2 17  0.543375
2 18  0.535660
2 19  0.550607
2 20  0.548474
2 21  0.548093
2 22  0.568821
2 23  0.579403
2 24  0.568594
2 25  0.569021
2 26  0.563194
3 4  0.549464
3 5  0.540756
3 6  0.557866
3 7  0.554883
3 8  0.585682
3 9  0.576602
3 10  0.568990
3 11  0.576517
3 12  0.571979
3 13  0.560439
3 14  0.546887
3 15  0.504676
3 16  0.266141
3 17  0.552826
3 18  0.545126
3 19  0.560085
3 20  0.557965
3 21  0.551203
3 22  0.578336
3 23  0.589027
3 24  0.578225
3 25  0.577510
3 26  0.573876
4 5  0.524820
4 6  0.546604
4 7  0.543703
4 8  0.546248
4 9  0.564342
4 10  0.560806
4 11  0.538406
4 12  0.567718
4 13  0.570805
4 14  0.532454
4 15  0.543472
4 16  0.552045
4 17  0.266584
4 18  0.529881
4 19  0.548350
4 20  0.546619
4 21  0.571358
4 22  0.566811
4 23  0.543410
4 24  0.533756
4 25  0.568398
4 26  0.564585
5 6  0.532684
5 7  0.531944
5 8  0.564136
5 9  0.537740
5 10  0.552891
5 11  0.535812
5 12  0.559181
5 13  0.562265
5 14  0.527718
5 15  0.534880
5 16  0.543504
5 17  0.528725
5 18  0.242720
5 19  0.536706
5 20  0.537296
5 21  0.562730
5 22  0.531861
5 23  0.568816
5 24  0.530008
5 25  0.560100
5 26  0.555891
6 7  0.504315
6 8  0.583183
6 9  0.542940
6 10  0.570001
6 11  0.571959
6 12  0.576290
6 13  0.579372
6 14  0.545514
6 15  0.551976
6 16  0.560615
6 17  0.549696
6 18  0.538680
6 19  0.272574
6 20  0.501742
6 21  0.579892
6 22  0.535613
6 23  0.586058
6 24  0.575103
6 25  0.577248
6 26  0.573032
7 8  0.579939
7 9  0.540585
7 10  0.567002
7 11  0.567581
7 12  0.573307
7 13  0.576389
7 14  0.542570
7 15  0.548979
7 16  0.557630
7 17  0.546879
7 18  0.538509
7 19  0.500958
7 20  0.271132
7 21  0.576882
7 22  0.533188
7 23  0.582587
7 24  0.571305
7 25  0.574269
7 26  0.569904
8 9  0.599934
8 10  0.588403
8 11  0.584239
8 12  0.601610
8 13  0.606604
8 14  0.548332
8 15  0.579672
8 16  0.588594
8 17  0.543178
8 18  0.569893
8 19  0.585139
8 20  0.582387
8 21  0.603881
8 22  0.602832
8 23  0.370483
8 24  0.577630
8 25  0.603091
8 26  0.590250
9 10  0.588646
9 11  0.582889
9 12  0.595028
9 13  0.598103
9 14  0.564228
9 15  0.570681
9 16  0.579354
9 17  0.568434
9 18  0.534606
9 19  0.535462
9 20  0.534234
9 21  0.598499
9 22  0.360824
9 23  0.604315
9 24  0.576401
9 25  0.595985
9 26  0.591284
10 11  0.587276
10 12  0.553856
10 13  0.569519
10 14  0.555392
10 15  0.563812
10 16  0.573336
10 17  0.564922
10 18  0.557203
10 19  0.572205
10 20  0.569906
10 21  0.564063
10 22  0.589916
10 23  0.589512
10 24  0.589104
10 25  0.549937
10 26  0.352566
11 12  0.594858
11 13  0.597827
11 14  0.563510
11 15  0.570389
11 16  0.579210
11 17  0.534930
11 18  0.532770
11 19  0.575578
11 20  0.572445
11 21  0.598386
11 22  0.576621
11 23  0.579246
11 24  0.359209
11 25  0.595739
11 26  0.590466
12 13  0.574427
12 14  0.553467
12 15  0.571567
12 16  0.579119
12 17  0.570760
12 18  0.563497
12 19  0.578513
12 20  0.576398
12 21  0.569002
12 22  0.596764
12 23  0.604962
12 24  0.596545
12 25  0.354076
12 26  0.552569
13 14  0.563308
13 15  0.552346
13 16  0.553451
13 17  0.574320
13 18  0.566585
13 19  0.581591
13 20  0.579447
13 21  0.389539
13 22  0.599736
13 23  0.606199
13 24  0.599691
13 25  0.570486
13 26  0.564685
14 15  0.541671
14 16  0.549730
14 17  0.536434
14 18  0.532765
14 19  0.547780
14 20  0.545652
14 21  0.566366
14 22  0.566006
14 23  0.553648
14 24  0.564228
14 25  0.549273
14 26  0.560242
15 16  0.512061
15 17  0.547022
15 18  0.539250
15 19  0.554207
15 20  0.552090
15 21  0.560152
15 22  0.572457
15 23  0.582638
15 24  0.572374
15 25  0.565348
15 26  0.563317
16 17  0.555660
16 18  0.547882
16 19  0.562838
16 20  0.560721
16 21  0.563420
16 22  0.581089
16 23  0.591476
16 24  0.581040
16 25  0.575365
16 26  0.573534
17 18  0.532211
17 19  0.552296
17 20  0.550182
17 21  0.574718
17 22  0.568981
17 23  0.552758
17 24  0.543241
17 25  0.572133
17 26  0.566889
18 19  0.538824
18 20  0.537992
18 21  0.567163
18 22  0.542240
18 23  0.571149
18 24  0.541298
18 25  0.564516
18 26  0.560312
19 20  0.508669
19 21  0.582118
19 22  0.547246
19 23  0.588597
19 24  0.575242
19 25  0.579470
19 26  0.575291
20 21  0.580001
20 22  0.545351
20 23  0.586195
20 24  0.572117
20 25  0.577353
20 26  0.573161
21 22  0.600363
21 23  0.610204
21 24  0.600101
21 25  0.576901
21 26  0.574708
22 23  0.604487
22 24  0.586133
22 25  0.597723
22 26  0.593423
23 24  0.589787
23 25  0.605989
23 26  0.593909
24 25  0.597573
24 26  0.591922
25 26  0.555718
