   -993.90310287
   -994.21899134
0.00007062380840
2 2 2 2 2 2 2 2 2 2 2 2 2 0 0 0 0 0 0 0 0 0 0 0 0 0 
1  0.271079
2  0.275957
3  0.285028
4  0.276253
5  0.266966
6  0.280922
7  0.278018
8  0.315159
9  0.302014
10  0.302326
11  0.304559
12  0.308436
13  0.309241
14  0.277186
15  0.279721
16  0.287924
17  0.279782
18  0.271504
19  0.283233
20  0.281123
21  0.309905
22  0.303496
23  0.318172
24  0.306051
25  0.309354
26  0.305579
1 2  0.546301
1 3  0.554907
1 4  0.542870
1 5  0.537836
1 6  0.551983
1 7  0.549073
1 8  0.563789
1 9  0.573047
1 10  0.570025
1 11  0.574146
1 12  0.561490
1 13  0.576422
1 14  0.257683
1 15  0.550670
1 16  0.557671
1 17  0.545884
1 18  0.541606
1 19  0.554278
1 20  0.552191
1 21  0.574199
1 22  0.574436
1 23  0.563798
1 24  0.576383
1 25  0.566184
1 26  0.572266
2 3  0.517269
2 4  0.552199
2 5  0.542917
2 6  0.556878
2 7  0.553973
2 8  0.590356
2 9  0.577965
2 10  0.571442
2 11  0.580444
2 12  0.575694
2 13  0.569747
2 14  0.553022
2 15  0.267975
2 16  0.515247
2 17  0.555636
2 18  0.547460
2 19  0.559180
2 20  0.557050
2 21  0.560873
2 22  0.579400
2 23  0.593692
2 24  0.581698
2 25  0.583525
2 26  0.578258
3 4  0.561265
3 5  0.551989
3 6  0.565950
3 7  0.563046
3 8  0.599796
3 9  0.587040
3 10  0.583072
3 11  0.589579
3 12  0.585906
3 13  0.571582
3 14  0.560816
3 15  0.515385
3 16  0.275545
3 17  0.564632
3 18  0.556522
3 19  0.568258
3 20  0.566146
3 21  0.563392
3 22  0.588521
3 23  0.603049
3 24  0.590972
3 25  0.591701
3 26  0.588488
4 5  0.538084
4 6  0.556978
4 7  0.554149
4 8  0.562493
4 9  0.576736
4 10  0.577562
4 11  0.553338
4 12  0.584494
4 13  0.585216
4 14  0.548512
4 15  0.555799
4 16  0.563853
4 17  0.278839
4 18  0.543621
4 19  0.558788
4 20  0.557041
4 21  0.585980
4 22  0.579254
4 23  0.559682
4 24  0.548621
4 25  0.585106
4 26  0.581652
5 6  0.542068
5 7  0.541316
5 8  0.579743
5 9  0.549294
5 10  0.569273
5 11  0.550230
5 12  0.575391
5 13  0.576206
5 14  0.543090
5 15  0.546684
5 16  0.554868
5 17  0.542260
5 18  0.253942
5 19  0.546547
5 20  0.547105
5 21  0.576798
5 22  0.543528
5 23  0.584469
5 24  0.544381
5 25  0.576248
5 26  0.572417
6 7  0.511206
6 8  0.595994
6 9  0.551681
6 10  0.583235
6 11  0.583271
6 12  0.589354
6 13  0.590162
6 14  0.558053
6 15  0.560631
6 16  0.568840
6 17  0.559960
6 18  0.548516
6 19  0.279442
6 20  0.508810
6 21  0.590824
6 22  0.544184
6 23  0.598690
6 24  0.586418
6 25  0.590270
6 26  0.586469
7 8  0.592846
7 9  0.549405
7 10  0.580314
7 11  0.579000
7 12  0.586451
7 13  0.587257
7 14  0.555193
7 15  0.557704
7 16  0.565930
7 17  0.557480
7 18  0.548439
7 19  0.508058
7 20  0.278142
7 21  0.587885
7 22  0.541766
7 23  0.595133
7 24  0.582662
7 25  0.587371
7 26  0.583364
8 9  0.614902
8 10  0.606725
8 11  0.601228
8 12  0.620669
8 13  0.623398
8 14  0.566716
8 15  0.594468
8 16  0.602972
8 17  0.559718
8 18  0.585959
8 19  0.598005
8 20  0.595283
8 21  0.620898
8 22  0.617795
8 23  0.389910
8 24  0.594687
8 25  0.622074
8 26  0.609426
9 10  0.604226
9 11  0.596206
9 12  0.610444
9 13  0.611246
9 14  0.579082
9 15  0.581680
9 16  0.589932
9 17  0.581238
9 18  0.546609
9 19  0.544311
9 20  0.543169
9 21  0.611772
9 22  0.372226
9 23  0.619333
9 24  0.589458
9 25  0.611361
9 26  0.606980
10 11  0.605264
10 12  0.573102
10 13  0.585442
10 14  0.574417
10 15  0.578824
10 16  0.587885
10 17  0.581930
10 18  0.573726
10 19  0.585521
10 20  0.583224
10 21  0.579456
10 22  0.605240
10 23  0.608348
10 24  0.607071
10 25  0.569197
10 26  0.371880
11 12  0.612859
11 13  0.613516
11 14  0.580892
11 15  0.583893
11 16  0.592287
11 17  0.550148
11 18  0.547646
11 19  0.587261
11 20  0.584159
11 21  0.614321
11 22  0.589961
11 23  0.596135
11 24  0.376184
11 25  0.613700
11 26  0.608871
12 13  0.591216
12 14  0.571391
12 15  0.586123
12 16  0.593635
12 17  0.587780
12 18  0.579852
12 19  0.591662
12 20  0.589557
12 21  0.585683
12 22  0.611926
12 23  0.623801
12 24  0.614286
12 25  0.370821
12 26  0.572050
13 14  0.579962
13 15  0.565135
13 16  0.565068
13 17  0.588837
13 18  0.580669
13 19  0.592470
13 20  0.590329
13 21  0.405295
13 22  0.612596
13 23  0.623113
13 24  0.615150
13 25  0.587280
13 26  0.580471
14 15  0.555905
14 16  0.563566
14 17  0.552247
14 18  0.548548
14 19  0.560397
14 20  0.558281
14 21  0.582814
14 22  0.580628
14 23  0.571513
14 24  0.581181
14 25  0.565972
14 26  0.579171
15 16  0.522696
15 17  0.559490
15 18  0.551217
15 19  0.562952
15 20  0.560842
15 21  0.572818
15 22  0.583208
15 23  0.596994
15 24  0.585690
15 25  0.579180
15 26  0.577847
16 17  0.567687
16 18  0.559420
16 19  0.571156
16 20  0.569046
16 21  0.575183
16 22  0.591416
16 23  0.605551
16 24  0.593960
16 25  0.589315
16 26  0.588041
17 18  0.545727
17 19  0.562887
17 20  0.560750
17 21  0.589407
17 22  0.581181
17 23  0.568769
17 24  0.558010
17 25  0.588982
17 26  0.583792
18 19  0.548349
18 20  0.547620
18 21  0.581406
18 22  0.553828
18 23  0.586496
18 24  0.555544
18 25  0.580852
18 26  0.577049
19 20  0.515784
19 21  0.593136
19 22  0.555807
19 23  0.601282
19 24  0.586288
19 25  0.592581
19 26  0.588792
20 21  0.591025
20 22  0.553857
20 23  0.598890
20 24  0.583067
20 25  0.590473
20 26  0.586658
21 22  0.613382
21 23  0.626860
21 24  0.615632
21 25  0.593682
21 26  0.590742
22 23  0.618942
22 24  0.599009
22 25  0.612843
22 26  0.608907
23 24  0.606249
23 25  0.624772
23 26  0.612156
24 25  0.615252
24 26  0.609668
25 26  0.575189
