   -993.90310287
   -994.22032537
0.00002259115140
2 2 2 2 2 2 2 2 2 2 2 2 2 0 0 0 0 0 0 0 0 0 0 0 0 0 
1  0.275424
2  0.278730
3  0.287618
4  0.279702
5  0.269921
6  0.282589
7  0.279865
8  0.320319
9  0.304861
10  0.307459
11  0.309029
12  0.312925
13  0.313289
14  0.281820
15  0.282451
16  0.290490
17  0.283383
18  0.274502
19  0.284972
20  0.283017
21  0.313682
22  0.306191
23  0.323470
24  0.310384
25  0.313646
26  0.310864
1 2  0.553269
1 3  0.561632
1 4  0.550416
1 5  0.545117
1 6  0.557993
1 7  0.555260
1 8  0.572988
1 9  0.580228
1 10  0.579433
1 11  0.582843
1 12  0.569231
1 13  0.584540
1 14  0.265710
1 15  0.557720
1 16  0.564499
1 17  0.553757
1 18  0.548843
1 19  0.560363
1 20  0.558429
1 21  0.582309
1 22  0.581445
1 23  0.573477
1 24  0.585005
1 25  0.574420
1 26  0.581910
2 3  0.522857
2 4  0.558415
2 5  0.548645
2 6  0.561318
2 7  0.558592
2 8  0.598177
2 9  0.583581
2 10  0.578889
2 11  0.587670
2 12  0.582382
2 13  0.576385
2 14  0.560400
2 15  0.273119
2 16  0.520907
2 17  0.561965
2 18  0.553232
2 19  0.563689
2 20  0.561699
2 21  0.567446
2 22  0.584841
2 23  0.601745
2 24  0.588730
2 25  0.590439
2 26  0.586129
3 4  0.567294
3 5  0.557533
3 6  0.570207
3 7  0.567482
3 8  0.607454
3 9  0.592475
3 10  0.590538
3 11  0.596636
3 12  0.592603
3 13  0.577830
3 14  0.567900
3 15  0.521036
3 16  0.280470
3 17  0.570763
3 18  0.562107
3 19  0.572586
3 20  0.570624
3 21  0.569734
3 22  0.593802
3 23  0.610926
3 24  0.597858
3 25  0.598482
3 26  0.596255
4 5  0.544168
4 6  0.562066
4 7  0.559417
4 8  0.571170
4 9  0.582878
4 10  0.585945
4 11  0.561142
4 12  0.592411
4 13  0.592678
4 14  0.556536
4 15  0.561933
4 16  0.569818
4 17  0.285311
4 18  0.549932
4 19  0.563881
4 20  0.562342
4 21  0.593195
4 22  0.585355
4 23  0.568534
4 24  0.556455
4 25  0.592841
4 26  0.590336
5 6  0.546424
5 7  0.545944
5 8  0.587646
5 9  0.554830
5 10  0.577355
5 11  0.557434
5 12  0.582833
5 13  0.583209
5 14  0.550613
5 15  0.552368
5 16  0.560381
5 17  0.548735
5 18  0.259265
5 19  0.551125
5 20  0.551883
5 21  0.583511
5 22  0.549200
5 23  0.592653
5 24  0.551704
5 25  0.583437
5 26  0.580654
6 7  0.514939
6 8  0.602806
6 9  0.556215
6 10  0.590023
6 11  0.589200
6 12  0.595509
6 13  0.595876
6 14  0.564361
6 15  0.565019
6 16  0.573066
6 17  0.565135
6 18  0.553116
6 19  0.282723
6 20  0.512598
6 21  0.596269
6 22  0.548554
6 23  0.605606
6 24  0.592369
6 25  0.596223
6 26  0.593420
7 8  0.599792
7 9  0.553989
7 10  0.587272
7 11  0.585028
7 12  0.592783
7 13  0.593149
7 14  0.561670
7 15  0.562257
7 16  0.570334
7 17  0.562897
7 18  0.553218
7 19  0.511882
7 20  0.281748
7 21  0.593504
7 22  0.546274
7 23  0.602225
7 24  0.588807
7 25  0.593504
7 26  0.590458
8 9  0.622602
8 10  0.616354
8 11  0.610427
8 12  0.630205
8 13  0.632486
8 14  0.576482
8 15  0.602348
8 16  0.610682
8 17  0.568600
8 18  0.594051
8 19  0.604867
8 20  0.602271
8 21  0.629761
8 22  0.625641
8 23  0.399896
8 24  0.603916
8 25  0.631486
8 26  0.619685
9 10  0.612179
9 11  0.603051
9 12  0.617776
9 13  0.618136
9 14  0.586529
9 15  0.587242
9 16  0.595342
9 17  0.587631
9 18  0.552406
9 19  0.548889
9 20  0.547875
9 21  0.618374
9 22  0.377587
9 23  0.627451
9 24  0.596445
9 25  0.618501
9 26  0.615088
10 11  0.614650
10 12  0.582670
10 13  0.594002
10 14  0.584169
10 15  0.586601
10 16  0.595487
10 17  0.590606
10 18  0.581836
10 19  0.592389
10 20  0.590205
10 21  0.587995
10 22  0.613025
10 23  0.618586
10 24  0.616497
10 25  0.578445
10 26  0.381515
11 12  0.621800
11 13  0.621972
11 14  0.589954
11 15  0.591020
11 16  0.599288
11 17  0.558226
11 18  0.555052
11 19  0.593417
11 20  0.590470
11 21  0.622558
11 22  0.596924
11 23  0.605658
11 24  0.384612
11 25  0.622430
11 26  0.618597
12 13  0.599568
12 14  0.579985
12 15  0.593176
12 16  0.600610
12 17  0.595825
12 18  0.587311
12 19  0.597888
12 20  0.595934
12 21  0.593796
12 22  0.619110
12 23  0.633537
12 24  0.623063
12 25  0.378832
12 26  0.581744
13 14  0.588575
13 15  0.571871
13 16  0.571580
13 17  0.596481
13 18  0.587699
13 19  0.598256
13 20  0.596260
13 21  0.412820
13 22  0.619313
13 23  0.632330
13 24  0.623521
13 25  0.595497
13 26  0.589328
14 15  0.563135
14 16  0.570607
14 17  0.560254
14 18  0.556174
14 19  0.566768
14 20  0.564801
14 21  0.590910
14 22  0.587950
14 23  0.581132
14 24  0.589992
14 25  0.573822
14 26  0.589015
15 16  0.528246
15 17  0.565811
15 18  0.556941
15 19  0.567420
15 20  0.565462
15 21  0.579232
15 22  0.588626
15 23  0.604890
15 24  0.592738
15 25  0.585681
15 26  0.585439
16 17  0.573848
16 18  0.564982
16 19  0.575460
16 20  0.573504
16 21  0.581246
16 22  0.596674
16 23  0.613327
16 24  0.600857
16 25  0.595875
16 26  0.595496
17 18  0.552024
17 19  0.568211
17 20  0.566216
17 21  0.596736
17 22  0.587303
17 23  0.577682
17 24  0.565822
17 25  0.596847
17 26  0.592443
18 19  0.552861
18 20  0.552313
18 21  0.588181
18 22  0.559358
18 23  0.594549
18 24  0.562700
18 25  0.588139
18 26  0.585320
19 20  0.519639
19 21  0.598651
19 22  0.560207
19 23  0.608297
19 24  0.592157
19 25  0.598612
19 26  0.595801
20 21  0.596693
20 22  0.558287
20 23  0.606016
20 24  0.589038
20 25  0.596656
20 26  0.593813
21 22  0.619850
21 23  0.635782
21 24  0.623682
21 25  0.601612
21 26  0.599255
22 23  0.626632
22 24  0.605698
22 25  0.619828
22 26  0.616857
23 24  0.615425
23 25  0.634245
23 26  0.621988
24 25  0.623845
24 26  0.618999
25 26  0.584743
