   -993.90310287
   -994.22075310
0.00000003128296
2 2 2 2 2 2 2 2 2 2 2 2 2 0 0 0 0 0 0 0 0 0 0 0 0 0 
1  0.277043
2  0.279702
3  0.288543
4  0.281020
5  0.270840
6  0.283077
7  0.280478
8  0.322252
9  0.305729
10  0.309176
11  0.310561
12  0.314314
13  0.314595
14  0.283535
15  0.283467
16  0.291474
17  0.284735
18  0.275466
19  0.285473
20  0.283638
21  0.314974
22  0.307043
23  0.325337
24  0.311855
25  0.314982
26  0.312574
1 2  0.555806
1 3  0.564105
1 4  0.553281
1 5  0.547640
1 6  0.560100
1 7  0.557488
1 8  0.576433
1 9  0.582712
1 10  0.582750
1 11  0.585936
1 12  0.571813
1 13  0.587385
1 14  0.268838
1 15  0.560350
1 16  0.567048
1 17  0.556737
1 18  0.551321
1 19  0.562482
1 20  0.560665
1 21  0.585206
1 22  0.583910
1 23  0.576973
1 24  0.588071
1 25  0.577220
1 26  0.585230
2 3  0.524859
2 4  0.560698
2 5  0.550530
2 6  0.562774
2 7  0.560172
2 8  0.601011
2 9  0.585414
2 10  0.581459
2 11  0.590166
2 12  0.584594
2 13  0.578632
2 14  0.563076
2 15  0.275104
2 16  0.522998
2 17  0.564273
2 18  0.555168
2 19  0.565151
2 20  0.563255
2 21  0.569737
2 22  0.586651
2 23  0.604556
2 24  0.591108
2 25  0.592705
2 26  0.588799
3 4  0.569530
3 5  0.559375
3 6  0.571619
3 7  0.569018
3 8  0.610265
3 9  0.594265
3 10  0.593055
3 11  0.599091
3 12  0.594884
3 13  0.579970
3 14  0.570487
3 15  0.523124
3 16  0.282426
3 17  0.572957
3 18  0.563994
3 19  0.574005
3 20  0.572161
3 21  0.571966
3 22  0.595581
3 23  0.613702
3 24  0.600238
3 25  0.600730
3 26  0.598850
4 5  0.546337
4 6  0.563861
4 7  0.561340
4 8  0.574424
4 9  0.584990
4 10  0.588903
4 11  0.563953
4 12  0.595111
4 13  0.595272
4 14  0.559574
4 15  0.564240
4 16  0.572041
4 17  0.287898
4 18  0.552222
4 19  0.565629
4 20  0.564281
4 21  0.595777
4 22  0.587498
4 23  0.571739
4 24  0.559220
4 25  0.595507
4 26  0.593333
5 6  0.547805
5 7  0.547424
5 8  0.590399
5 9  0.556573
5 10  0.579989
5 11  0.559837
5 12  0.585136
5 13  0.585433
5 14  0.553130
5 15  0.554302
5 16  0.562276
5 17  0.551015
5 18  0.261090
5 19  0.552550
5 20  0.553404
5 21  0.585710
5 22  0.550965
5 23  0.595409
5 24  0.554107
5 25  0.585651
5 26  0.583285
6 7  0.516113
6 8  0.605221
6 9  0.557616
6 10  0.592219
6 11  0.591153
6 12  0.597386
6 13  0.597669
6 14  0.566567
6 15  0.566514
6 16  0.574530
6 17  0.566908
6 18  0.554570
6 19  0.283784
6 20  0.513796
6 21  0.598050
6 22  0.549917
6 23  0.607954
6 24  0.594308
6 25  0.598049
6 26  0.595619
7 8  0.602316
7 9  0.555458
7 10  0.589590
7 11  0.587112
7 12  0.594782
7 13  0.595065
7 14  0.563992
7 15  0.563848
7 16  0.571918
7 17  0.564862
7 18  0.554771
7 19  0.513082
7 20  0.283034
7 21  0.595403
7 22  0.547749
7 23  0.604676
7 24  0.590889
7 25  0.595448
7 26  0.592763
8 9  0.625317
8 10  0.619748
8 11  0.613730
8 12  0.633496
8 13  0.635672
8 14  0.580100
8 15  0.605270
8 16  0.613586
8 17  0.571887
8 18  0.596913
8 19  0.607300
8 20  0.604799
8 21  0.632942
8 22  0.628429
8 23  0.403796
8 24  0.607227
8 25  0.634725
8 26  0.623238
9 10  0.614759
9 11  0.605332
9 12  0.620031
9 13  0.620309
9 14  0.589103
9 15  0.589108
9 16  0.597198
9 17  0.589828
9 18  0.554238
9 19  0.550281
9 20  0.549377
9 21  0.620517
9 22  0.379458
9 23  0.630189
9 24  0.598736
9 25  0.620704
9 26  0.617650
10 11  0.617824
10 12  0.585816
10 13  0.596805
10 14  0.587594
10 15  0.589331
10 16  0.598135
10 17  0.593643
10 18  0.584519
10 19  0.594608
10 20  0.592517
10 21  0.590829
10 22  0.615576
10 23  0.622111
10 24  0.619694
10 25  0.581504
10 26  0.384820
11 12  0.624701
11 13  0.624776
11 14  0.593169
11 15  0.593491
11 16  0.601784
11 17  0.561111
11 18  0.557527
11 19  0.595430
11 20  0.592619
11 21  0.625383
11 22  0.599252
11 23  0.608970
11 24  0.387740
11 25  0.625286
11 26  0.621849
12 13  0.602240
12 14  0.582912
12 15  0.595524
12 16  0.602975
12 17  0.598572
12 18  0.589625
12 19  0.599778
12 20  0.597941
12 21  0.596424
12 22  0.621349
12 23  0.636756
12 24  0.625903
12 25  0.381400
12 26  0.584892
13 14  0.591589
13 15  0.574195
13 16  0.573847
13 17  0.599116
13 18  0.589962
13 19  0.600065
13 20  0.598180
13 21  0.415577
13 22  0.621455
13 23  0.635453
13 24  0.626298
13 25  0.598105
13 26  0.592179
14 15  0.565812
14 16  0.573220
14 17  0.563254
14 18  0.558841
14 19  0.568984
14 20  0.567133
14 21  0.593835
14 22  0.590515
14 23  0.584629
14 24  0.593101
14 25  0.576441
14 26  0.592423
15 16  0.530353
15 17  0.568171
15 18  0.558916
15 19  0.568933
15 20  0.567095
15 21  0.581512
15 22  0.590487
15 23  0.607680
15 24  0.595214
15 25  0.587903
15 26  0.588053
16 17  0.576181
16 18  0.566929
16 19  0.576945
16 20  0.575108
16 21  0.583445
16 22  0.598506
16 23  0.616136
16 24  0.603311
16 25  0.598150
16 26  0.598061
17 18  0.554273
17 19  0.570059
17 20  0.568180
17 21  0.599356
17 22  0.589429
17 23  0.580894
17 24  0.568604
17 25  0.599534
17 26  0.595389
18 19  0.554305
18 20  0.553855
18 21  0.590434
18 22  0.561143
18 23  0.597254
18 24  0.565090
18 25  0.590436
18 26  0.587990
19 20  0.520844
19 21  0.600442
19 22  0.561591
19 23  0.610655
19 24  0.594051
19 25  0.600448
19 26  0.598003
20 21  0.598603
20 22  0.559737
20 23  0.608482
20 24  0.591064
20 25  0.598609
20 26  0.596131
21 22  0.621993
21 23  0.638878
21 24  0.626415
21 25  0.604219
21 26  0.602061
22 23  0.629257
22 24  0.607921
22 25  0.622012
22 26  0.619411
23 24  0.618610
23 25  0.637428
23 26  0.625317
24 25  0.626630
24 26  0.622098
25 26  0.587829
