  -1146.52292248
  -1146.88588240
0.00020354952800
2 2 2 2 2 2 2 2 2 2 2 2 2 2 2 0 0 0 0 0 0 0 0 0 0 0 0 0 0 0 
1  0.295674
2  0.285387
3  0.264132
4  0.274717
5  0.273920
6  0.295331
7  0.322414
8  0.299731
9  0.272419
10  0.275455
11  0.314358
12  0.301243
13  0.289813
14  0.296309
15  0.306165
16  0.301137
17  0.290011
18  0.269834
19  0.276983
20  0.276454
21  0.301820
22  0.316768
23  0.298109
24  0.296813
25  0.305477
26  0.277730
27  0.323374
28  0.291852
29  0.274863
30  0.306388
1 2  0.536421
1 3  0.559797
1 4  0.570390
1 5  0.569594
1 6  0.590926
1 7  0.610452
1 8  0.595364
1 9  0.568092
1 10  0.571126
1 11  0.585296
1 12  0.595868
1 13  0.583834
1 14  0.591980
1 15  0.599368
1 16  0.288395
1 17  0.540454
1 18  0.565334
1 19  0.572627
1 20  0.572126
1 21  0.597489
1 22  0.586330
1 23  0.593736
1 24  0.592189
1 25  0.594831
1 26  0.573370
1 27  0.614803
1 28  0.586790
1 29  0.570510
1 30  0.601707
2 3  0.549515
2 4  0.560103
2 5  0.559307
2 6  0.580665
2 7  0.588059
2 8  0.585017
2 9  0.557796
2 10  0.560821
2 11  0.593741
2 12  0.584811
2 13  0.573684
2 14  0.581694
2 15  0.586711
2 16  0.540975
2 17  0.280343
2 18  0.555147
2 19  0.562358
2 20  0.561841
2 21  0.587024
2 22  0.592660
2 23  0.583466
2 24  0.582164
2 25  0.584404
2 26  0.562979
2 27  0.597843
2 28  0.577050
2 29  0.560196
2 30  0.590629
3 4  0.532897
3 5  0.534000
3 6  0.529016
3 7  0.586468
3 8  0.563336
3 9  0.536447
3 10  0.539551
3 11  0.578406
3 12  0.565194
3 13  0.552705
3 14  0.538882
3 15  0.570067
3 16  0.565073
3 17  0.554046
3 18  0.258831
3 19  0.537844
3 20  0.539435
3 21  0.565835
3 22  0.580489
3 23  0.534037
3 24  0.523904
3 25  0.569230
3 26  0.541812
3 27  0.587180
3 28  0.553488
3 29  0.538964
3 30  0.570503
4 5  0.502478
4 6  0.566558
4 7  0.597119
4 8  0.574401
4 9  0.547115
4 10  0.550163
4 11  0.589066
4 12  0.575952
4 13  0.564360
4 14  0.544366
4 15  0.580862
4 16  0.575822
4 17  0.564718
4 18  0.540802
4 19  0.268612
4 20  0.499229
4 21  0.576375
4 22  0.591392
4 23  0.536503
4 24  0.570736
4 25  0.580049
4 26  0.552435
4 27  0.598030
4 28  0.566041
4 29  0.549514
4 30  0.581063
5 6  0.564118
5 7  0.596322
5 8  0.573469
5 9  0.546280
5 10  0.549352
5 11  0.588268
5 12  0.575157
5 13  0.563585
5 14  0.542404
5 15  0.580070
5 16  0.575052
5 17  0.563931
5 18  0.542580
5 19  0.499561
5 20  0.270079
5 21  0.574856
5 22  0.590665
5 23  0.534872
5 24  0.568873
5 25  0.579325
5 26  0.551612
5 27  0.597285
5 28  0.565614
5 29  0.548455
5 30  0.580256
6 7  0.617069
6 8  0.586230
6 9  0.565603
6 10  0.569712
6 11  0.609169
6 12  0.595802
6 13  0.576848
6 14  0.575909
6 15  0.600747
6 16  0.596131
6 17  0.585292
6 18  0.528544
6 19  0.571521
6 20  0.569651
6 21  0.586224
6 22  0.611008
6 23  0.568787
6 24  0.346196
6 25  0.598382
6 26  0.572716
6 27  0.618230
6 28  0.579134
6 29  0.568053
6 30  0.600102
7 8  0.621623
7 9  0.594807
7 10  0.597793
7 11  0.599543
7 12  0.615250
7 13  0.599441
7 14  0.618706
7 15  0.604645
7 16  0.618477
7 17  0.600911
7 18  0.591944
7 19  0.599323
7 20  0.598864
7 21  0.624121
7 22  0.599876
7 23  0.620452
7 24  0.618816
7 25  0.599772
7 26  0.599967
7 27  0.398044
7 28  0.610378
7 29  0.597168
7 30  0.625448
8 9  0.536580
8 10  0.536529
8 11  0.613922
8 12  0.592339
8 13  0.588383
8 14  0.595210
8 15  0.605316
8 16  0.600857
8 17  0.589551
8 18  0.569464
8 19  0.576500
8 20  0.575227
8 21  0.365243
8 22  0.616325
8 23  0.596436
8 24  0.585154
8 25  0.602203
8 26  0.529331
8 27  0.622980
8 28  0.590571
8 29  0.529363
8 30  0.596578
9 10  0.501189
9 11  0.586767
9 12  0.572517
9 13  0.562156
9 14  0.568523
9 15  0.578396
9 16  0.573475
9 17  0.562321
9 18  0.542229
9 19  0.549333
9 20  0.548574
9 21  0.529161
9 22  0.589132
9 23  0.569970
9 24  0.567244
9 25  0.577831
9 26  0.498131
9 27  0.595608
9 28  0.564172
9 29  0.275097
9 30  0.578454
10 11  0.589803
10 12  0.574488
10 13  0.565142
10 14  0.571698
10 15  0.581363
10 16  0.576490
10 17  0.565251
10 18  0.545230
10 19  0.552432
10 20  0.551890
10 21  0.530687
10 22  0.592195
10 23  0.573506
10 24  0.571912
10 25  0.580324
10 26  0.279551
10 27  0.598559
10 28  0.567253
10 29  0.497993
10 30  0.579457
11 12  0.611379
11 13  0.597390
11 14  0.610658
11 15  0.596910
11 16  0.588826
11 17  0.594569
11 18  0.583750
11 19  0.591236
11 20  0.590800
11 21  0.615965
11 22  0.403687
11 23  0.612385
11 24  0.610136
11 25  0.588989
11 26  0.592079
11 27  0.598942
11 28  0.602672
11 29  0.589203
11 30  0.617443
12 13  0.557031
12 14  0.597490
12 15  0.585390
12 16  0.601950
12 17  0.590083
12 18  0.571030
12 19  0.578206
12 20  0.577671
12 21  0.593612
12 22  0.614776
12 23  0.599325
12 24  0.596201
12 25  0.580435
12 26  0.576663
12 27  0.621507
12 28  0.557675
12 29  0.575755
12 30  0.347404
13 14  0.585899
13 15  0.585394
13 16  0.590214
13 17  0.579624
13 18  0.556756
13 19  0.566161
13 20  0.566176
13 21  0.590195
13 22  0.602798
13 23  0.587508
13 24  0.578646
13 25  0.580047
13 26  0.567504
13 27  0.609368
13 28  0.329054
13 29  0.564598
13 30  0.560055
14 15  0.602442
14 16  0.597403
14 17  0.586284
14 18  0.537139
14 19  0.536245
14 20  0.535924
14 21  0.596660
14 22  0.613028
14 23  0.364169
14 24  0.569053
14 25  0.601781
14 26  0.574002
14 27  0.619622
14 28  0.587923
14 29  0.570614
14 30  0.602616
15 16  0.600724
15 17  0.590059
15 18  0.575529
15 19  0.583006
15 20  0.582586
15 21  0.605043
15 22  0.592432
15 23  0.604240
15 24  0.600660
15 25  0.415423
15 26  0.583338
15 27  0.601638
15 28  0.582143
15 29  0.580990
15 30  0.585344
16 17  0.544642
16 18  0.570958
16 19  0.578119
16 20  0.577591
16 21  0.602896
16 22  0.591975
16 23  0.599241
16 24  0.597837
16 25  0.603587
16 26  0.578861
16 27  0.616795
16 28  0.591149
16 29  0.575998
16 30  0.606153
17 18  0.559838
17 19  0.566993
17 20  0.566465
17 21  0.591697
17 22  0.600493
17 23  0.588117
17 24  0.586743
17 25  0.590002
17 26  0.567720
17 27  0.591904
17 28  0.579971
17 29  0.564863
17 30  0.594251
18 19  0.540285
18 20  0.540940
18 21  0.570752
18 22  0.586493
18 23  0.544688
18 24  0.535540
18 25  0.575038
18 26  0.547527
18 27  0.593093
18 28  0.560070
18 29  0.544543
18 30  0.575988
19 20  0.506718
19 21  0.578707
19 22  0.593745
19 23  0.548375
19 24  0.569291
19 25  0.582445
19 26  0.554698
19 27  0.600349
19 28  0.568705
19 29  0.551806
19 30  0.583363
20 21  0.578021
20 22  0.593217
20 23  0.546501
20 24  0.567741
20 25  0.581921
20 26  0.554147
20 27  0.599822
20 28  0.568223
20 29  0.551234
20 30  0.582838
21 22  0.618368
21 23  0.598934
21 24  0.588755
21 25  0.606542
21 26  0.541508
21 27  0.624588
21 28  0.592532
21 29  0.541371
21 30  0.597921
22 23  0.614859
22 24  0.612933
22 25  0.600076
22 26  0.594484
22 27  0.601842
22 28  0.601333
22 29  0.591624
22 30  0.618188
23 24  0.580145
23 25  0.603526
23 26  0.575719
23 27  0.621459
23 28  0.589609
23 29  0.572710
23 30  0.604419
24 25  0.601460
24 26  0.572938
24 27  0.619360
24 28  0.579765
24 29  0.569237
24 30  0.602423
25 26  0.582942
25 27  0.604597
25 28  0.586809
25 29  0.580147
25 30  0.590519
26 27  0.601033
26 28  0.569421
26 29  0.505180
26 30  0.581613
27 28  0.600763
27 29  0.598205
27 30  0.621150
28 29  0.566621
28 30  0.562399
29 30  0.579602
