  -1146.52292248
  -1146.88826058
0.00012342320200
2 2 2 2 2 2 2 2 2 2 2 2 2 2 2 0 0 0 0 0 0 0 0 0 0 0 0 0 0 0 
1  0.298919
2  0.288701
3  0.268450
4  0.276682
5  0.275869
6  0.303920
7  0.328334
8  0.306749
9  0.277633
10  0.280890
11  0.319389
12  0.308588
13  0.299270
14  0.299460
15  0.312090
16  0.304490
17  0.293610
18  0.274303
19  0.278969
20  0.278419
21  0.309206
22  0.321920
23  0.301124
24  0.305171
25  0.310930
26  0.283444
27  0.329088
28  0.301506
29  0.279996
30  0.313614
1 2  0.543262
1 3  0.567351
1 4  0.575599
1 5  0.574786
1 6  0.602708
1 7  0.619386
1 8  0.605613
1 9  0.576551
1 10  0.579804
1 11  0.592738
1 12  0.606241
1 13  0.596257
1 14  0.598374
1 15  0.608408
1 16  0.294671
1 17  0.547641
1 18  0.572955
1 19  0.577840
1 20  0.577336
1 21  0.608115
1 22  0.594651
1 23  0.599974
1 24  0.603721
1 25  0.603429
1 26  0.582298
1 27  0.623805
1 28  0.599619
1 29  0.578866
1 30  0.612104
2 3  0.557144
2 4  0.565381
2 5  0.564569
2 6  0.592534
2 7  0.596193
2 8  0.595320
2 9  0.566320
2 10  0.569563
2 11  0.602054
2 12  0.595211
2 13  0.586153
2 14  0.588159
2 15  0.595693
2 16  0.548025
2 17  0.286760
2 18  0.562903
2 19  0.567652
2 20  0.567120
2 21  0.597680
2 22  0.601214
2 23  0.589785
2 24  0.593833
2 25  0.593128
2 26  0.571963
2 27  0.606524
2 28  0.589980
2 29  0.568635
2 30  0.601084
3 4  0.538867
3 5  0.540071
3 6  0.541770
3 7  0.596672
3 8  0.574602
3 9  0.545969
3 10  0.549292
3 11  0.587717
3 12  0.576818
3 13  0.566258
3 14  0.546170
3 15  0.580253
3 16  0.572629
3 17  0.561907
3 18  0.266661
3 19  0.544044
3 20  0.545645
3 21  0.577496
3 22  0.589817
3 23  0.541456
3 24  0.536697
3 25  0.578980
3 26  0.551829
3 27  0.597052
3 28  0.567420
3 29  0.548405
3 30  0.582043
4 5  0.506626
4 6  0.576836
4 7  0.604996
4 8  0.583368
4 9  0.554287
4 10  0.557562
4 11  0.596055
4 12  0.585258
4 13  0.575719
4 14  0.549464
4 15  0.588743
4 16  0.581119
4 17  0.570276
4 18  0.547172
4 19  0.272481
4 20  0.503449
4 21  0.585718
4 22  0.598466
4 23  0.541481
4 24  0.580992
4 25  0.587404
4 26  0.560111
4 27  0.605693
4 28  0.577599
4 29  0.556610
4 30  0.590248
5 6  0.574294
5 7  0.604183
5 8  0.582389
5 9  0.553422
5 10  0.556722
5 11  0.595241
5 12  0.584450
5 13  0.574941
5 14  0.547399
5 15  0.587936
5 16  0.580347
5 17  0.569479
5 18  0.548927
5 19  0.503767
5 20  0.273942
5 21  0.584150
5 22  0.597742
5 23  0.539839
5 24  0.579132
5 25  0.586671
5 26  0.559277
5 27  0.604946
5 28  0.577243
5 29  0.555505
5 30  0.589427
6 7  0.631325
6 8  0.601246
6 9  0.579230
6 10  0.583642
6 11  0.622594
6 12  0.611600
6 13  0.593219
6 14  0.587432
6 15  0.615103
6 16  0.607990
6 17  0.597468
6 18  0.541685
6 19  0.582033
6 20  0.580151
6 21  0.602076
6 22  0.624732
6 23  0.580393
6 24  0.361551
6 25  0.612506
6 26  0.586931
6 27  0.632482
6 28  0.596843
6 29  0.581736
6 30  0.615906
7 8  0.634479
7 9  0.605935
7 10  0.609135
7 11  0.610569
7 12  0.628068
7 13  0.613355
7 14  0.627777
7 15  0.616578
7 16  0.627758
7 17  0.609967
7 18  0.602259
7 19  0.607216
7 20  0.606752
7 21  0.637400
7 22  0.611075
7 23  0.629361
7 24  0.633045
7 25  0.611190
7 26  0.611565
7 27  0.408845
7 28  0.625539
7 29  0.608215
7 30  0.638480
8 9  0.548433
8 10  0.548513
8 11  0.625928
8 12  0.605846
8 13  0.604687
8 14  0.605269
8 15  0.618180
8 16  0.611224
8 17  0.600117
8 18  0.580912
8 19  0.585479
8 20  0.584182
8 21  0.378647
8 22  0.628490
8 23  0.606461
8 24  0.600306
8 25  0.614705
8 26  0.541544
8 27  0.635701
8 28  0.607172
8 29  0.540817
8 30  0.610672
9 10  0.511129
9 11  0.597010
9 12  0.584904
9 13  0.576817
9 14  0.576857
9 15  0.589488
9 16  0.582016
9 17  0.571132
9 18  0.551899
9 19  0.556527
9 20  0.555698
9 21  0.540933
9 22  0.599486
9 23  0.578199
9 24  0.580788
9 25  0.588503
9 26  0.508330
9 27  0.606535
9 28  0.579057
9 29  0.283985
9 30  0.590851
10 11  0.600262
10 12  0.586956
10 13  0.580014
10 14  0.580269
10 15  0.592663
10 16  0.585253
10 17  0.574247
10 18  0.555119
10 19  0.559853
10 20  0.559283
10 21  0.542796
10 22  0.602777
10 23  0.581953
10 24  0.585639
10 25  0.591215
10 26  0.288861
10 27  0.609660
10 28  0.582325
10 29  0.507905
10 30  0.592072
11 12  0.623428
11 13  0.611224
11 14  0.618837
11 15  0.607234
11 16  0.596989
11 17  0.603277
11 18  0.593167
11 19  0.598232
11 20  0.597796
11 21  0.628379
11 22  0.413413
11 23  0.620422
11 24  0.623540
11 25  0.599200
11 26  0.602820
11 27  0.609770
11 28  0.617236
11 29  0.599356
11 30  0.629561
12 13  0.573869
12 14  0.607981
12 15  0.598102
12 16  0.612582
12 17  0.600943
12 18  0.582828
12 19  0.587545
12 20  0.586963
12 21  0.608125
12 22  0.627146
12 23  0.609678
12 24  0.611927
12 25  0.593084
12 26  0.589575
12 27  0.634478
12 28  0.574929
12 29  0.588195
12 30  0.361062
13 14  0.598448
13 15  0.600511
13 16  0.602959
13 17  0.592648
13 18  0.570783
13 19  0.577595
13 20  0.577601
13 21  0.607021
13 22  0.617266
13 23  0.599875
13 24  0.596145
13 25  0.594872
13 26  0.582654
13 27  0.624155
13 28  0.346319
13 29  0.579193
13 30  0.576954
14 15  0.611510
14 16  0.603904
14 17  0.593031
14 18  0.544753
14 19  0.541359
14 20  0.541026
14 21  0.607190
14 22  0.621340
14 23  0.370177
14 24  0.580491
14 25  0.610384
14 26  0.582857
14 27  0.628486
14 28  0.600587
14 29  0.578881
14 30  0.613001
15 16  0.609861
15 17  0.599536
15 18  0.585871
15 19  0.590900
15 20  0.590455
15 21  0.618348
15 22  0.603043
15 23  0.613186
15 24  0.615040
15 25  0.426298
15 26  0.594950
15 27  0.613270
15 28  0.597643
15 29  0.592038
15 30  0.598293
16 17  0.551870
16 18  0.578763
16 19  0.583458
16 20  0.582908
16 21  0.613620
16 22  0.599765
16 23  0.605609
16 24  0.609480
16 25  0.612219
16 26  0.587927
16 27  0.625703
16 28  0.603768
16 29  0.584484
16 30  0.616579
17 18  0.567902
17 19  0.572578
17 20  0.572028
17 21  0.602641
17 22  0.609198
17 23  0.594731
17 24  0.598658
17 25  0.598796
17 26  0.577023
17 27  0.600033
17 28  0.592906
17 29  0.573590
17 30  0.604835
18 19  0.546457
18 20  0.547152
18 21  0.582527
18 22  0.596053
18 23  0.552092
18 24  0.548104
18 25  0.584875
18 26  0.557698
18 27  0.603219
18 28  0.573929
18 29  0.554132
18 30  0.587645
19 20  0.510926
19 21  0.588061
19 22  0.600876
19 23  0.553302
19 24  0.579361
19 25  0.589872
19 26  0.562398
19 27  0.608042
19 28  0.580365
19 29  0.558916
19 30  0.592568
20 21  0.587319
20 22  0.600327
20 23  0.551327
20 24  0.577699
20 25  0.589333
20 26  0.561811
20 27  0.607494
20 28  0.579820
20 29  0.558313
20 30  0.592029
21 22  0.630854
21 23  0.609213
21 24  0.603836
21 25  0.619277
21 26  0.553977
21 27  0.637605
21 28  0.609401
21 29  0.553421
21 30  0.611660
22 23  0.623023
22 24  0.626261
22 25  0.610100
22 26  0.605342
22 27  0.612634
22 28  0.615446
22 29  0.601905
22 30  0.630213
23 24  0.591413
23 25  0.611983
23 26  0.584440
23 27  0.630185
23 28  0.602158
23 29  0.580836
23 30  0.614654
24 25  0.615145
24 26  0.586927
24 27  0.633143
24 28  0.596020
24 29  0.582551
24 30  0.617898
25 26  0.594048
25 27  0.615998
25 28  0.601732
25 29  0.590686
25 30  0.602675
26 27  0.612448
26 28  0.584759
26 29  0.515431
26 30  0.594143
27 28  0.614773
27 29  0.609045
27 30  0.633684
28 29  0.581402
28 30  0.579264
29 30  0.591736
