  -1146.52292248
  -1146.88926163
0.00005791674270
2 2 2 2 2 2 2 2 2 2 2 2 2 2 2 0 0 0 0 0 0 0 0 0 0 0 0 0 0 0 
1  0.300155
2  0.289846
3  0.270649
4  0.277423
5  0.276599
6  0.308151
7  0.330380
8  0.310337
9  0.280450
10  0.283571
11  0.321276
12  0.311865
13  0.304030
14  0.300882
15  0.314313
16  0.305785
17  0.294848
18  0.276673
19  0.279671
20  0.279153
21  0.312604
22  0.323796
23  0.302555
24  0.309348
25  0.313088
26  0.286224
27  0.331171
28  0.306162
29  0.282908
30  0.316848
1 2  0.545728
1 3  0.570776
1 4  0.577574
1 5  0.576750
1 6  0.608134
1 7  0.622612
1 8  0.610427
1 9  0.580603
1 10  0.583720
1 11  0.595635
1 12  0.610667
1 13  0.602124
1 14  0.601031
1 15  0.611827
1 16  0.297188
1 17  0.550267
1 18  0.576496
1 19  0.579773
1 20  0.579306
1 21  0.612748
1 22  0.597785
1 23  0.602624
1 24  0.609102
1 25  0.606819
1 26  0.586303
1 27  0.627125
1 28  0.605458
1 29  0.582998
1 30  0.616549
2 3  0.560485
2 4  0.567266
2 5  0.566442
2 6  0.597882
2 7  0.599096
2 8  0.600029
2 9  0.570274
2 10  0.573380
2 11  0.605072
2 12  0.599520
2 13  0.591950
2 14  0.590726
2 15  0.599011
2 16  0.550612
2 17  0.289115
2 18  0.566390
2 19  0.569498
2 20  0.568999
2 21  0.602204
2 22  0.604268
2 23  0.592346
2 24  0.599157
2 25  0.596465
2 26  0.575843
2 27  0.609677
2 28  0.595768
2 29  0.572672
2 30  0.605422
3 4  0.541760
3 5  0.542948
3 6  0.548136
3 7  0.600879
3 8  0.580329
3 9  0.550978
3 10  0.554164
3 11  0.591768
3 12  0.582256
3 13  0.573001
3 14  0.549810
3 15  0.584615
3 16  0.576073
3 17  0.565320
3 18  0.270901
3 19  0.546951
3 20  0.548566
3 21  0.583070
3 22  0.593870
3 23  0.545184
3 24  0.543172
3 25  0.583348
3 26  0.556802
3 27  0.601296
3 28  0.574099
3 29  0.553511
3 30  0.587474
4 5  0.508205
4 6  0.581727
4 7  0.607770
4 8  0.587693
4 9  0.557842
4 10  0.560984
4 11  0.598673
4 12  0.589274
4 13  0.581180
4 14  0.551697
4 15  0.591701
4 16  0.583129
4 17  0.572245
4 18  0.550292
4 19  0.274033
4 20  0.505060
4 21  0.589849
4 22  0.601046
4 23  0.543717
4 24  0.585888
4 25  0.590315
4 26  0.563629
4 27  0.608496
4 28  0.582958
4 29  0.560262
4 30  0.594219
5 6  0.579149
5 7  0.606947
5 8  0.586687
5 9  0.556958
5 10  0.560126
5 11  0.597845
5 12  0.588454
5 13  0.580416
5 14  0.549572
5 15  0.590881
5 16  0.582367
5 17  0.571446
5 18  0.552011
5 19  0.505327
5 20  0.275479
5 21  0.588233
5 22  0.600341
5 23  0.542059
5 24  0.584040
5 25  0.589565
5 26  0.562787
5 27  0.607761
5 28  0.582631
5 29  0.559139
5 30  0.593375
6 7  0.637445
6 8  0.608671
6 9  0.586198
6 10  0.590509
6 11  0.628595
6 12  0.619019
6 13  0.601172
6 14  0.593071
6 15  0.621468
6 16  0.613480
6 17  0.602942
6 18  0.548351
6 19  0.586945
6 20  0.585114
6 21  0.609610
6 22  0.630819
6 23  0.586124
6 24  0.369698
6 25  0.618882
6 26  0.593913
6 27  0.638815
6 28  0.605418
6 29  0.588879
6 30  0.623322
7 8  0.640085
7 9  0.610790
7 10  0.613858
7 11  0.614546
7 12  0.633305
7 13  0.619587
7 14  0.631244
7 15  0.620978
7 16  0.631104
7 17  0.613174
7 18  0.606609
7 19  0.609972
7 20  0.609533
7 21  0.642832
7 22  0.615126
7 23  0.632810
7 24  0.639282
7 25  0.615491
7 26  0.616375
7 27  0.412816
7 28  0.632071
7 29  0.613178
7 30  0.643758
8 9  0.554472
8 10  0.554578
8 11  0.631380
8 12  0.612376
8 13  0.612965
8 14  0.610189
8 15  0.623957
8 16  0.616106
8 17  0.604921
8 18  0.586845
8 19  0.589766
8 20  0.588457
8 21  0.385680
8 22  0.633943
8 23  0.611455
8 24  0.607984
8 25  0.620484
8 26  0.547559
8 27  0.641366
8 28  0.615396
8 29  0.546827
8 30  0.617429
9 10  0.516123
9 11  0.601709
9 12  0.590796
9 13  0.584397
9 14  0.581081
9 15  0.594484
9 16  0.586106
9 17  0.575159
9 18  0.557080
9 19  0.560045
9 20  0.559235
9 21  0.546844
9 22  0.604166
9 23  0.582446
9 24  0.587780
9 25  0.593469
9 26  0.513549
9 27  0.611441
9 28  0.586520
9 29  0.289437
9 30  0.596836
10 11  0.604824
10 12  0.592743
10 13  0.587446
10 14  0.584366
10 15  0.597525
10 16  0.589212
10 17  0.578109
10 18  0.560159
10 19  0.563233
10 20  0.562696
10 21  0.548693
10 22  0.607332
10 23  0.586065
10 24  0.592469
10 25  0.596033
10 26  0.293790
10 27  0.614412
10 28  0.589652
10 29  0.512987
10 30  0.597949
11 12  0.628492
11 13  0.617636
11 14  0.622144
11 15  0.611132
11 16  0.600140
11 17  0.606422
11 18  0.597353
11 19  0.600824
11 20  0.600413
11 21  0.633660
11 22  0.417180
11 23  0.623730
11 24  0.629573
11 25  0.603163
11 26  0.607484
11 27  0.613882
11 28  0.623780
11 29  0.604146
11 30  0.634627
12 13  0.581929
12 14  0.612674
12 15  0.603435
12 16  0.617117
12 17  0.605419
12 18  0.588478
12 19  0.591519
12 20  0.590964
12 21  0.614740
12 22  0.632260
12 23  0.614380
12 24  0.619335
12 25  0.598441
12 26  0.595566
12 27  0.639844
12 28  0.583031
12 29  0.594327
12 30  0.367317
13 14  0.604572
13 15  0.607446
13 16  0.608975
13 17  0.598631
13 18  0.577838
13 19  0.582960
13 20  0.583100
13 21  0.615166
13 22  0.623891
13 23  0.606012
13 24  0.604770
13 25  0.601824
13 26  0.590181
13 27  0.630845
13 28  0.354879
13 29  0.586859
13 30  0.585102
14 15  0.615151
14 16  0.606598
14 17  0.595666
14 18  0.548653
14 19  0.543533
14 20  0.543229
14 21  0.612003
14 22  0.624618
14 23  0.373189
14 24  0.586158
14 25  0.613963
14 26  0.587057
14 27  0.631933
14 28  0.606667
14 29  0.583218
14 30  0.617664
15 16  0.613361
15 17  0.603015
15 18  0.590446
15 19  0.593831
15 20  0.593404
15 21  0.623979
15 22  0.607027
15 23  0.616838
15 24  0.621447
15 25  0.430711
15 26  0.599942
15 27  0.617643
15 28  0.604564
15 29  0.597165
15 30  0.603759
16 17  0.554484
16 18  0.582416
16 19  0.585452
16 20  0.584935
16 21  0.618299
16 22  0.602736
16 23  0.608331
16 24  0.614907
16 25  0.615629
16 26  0.592001
16 27  0.629027
16 28  0.609604
16 29  0.588688
16 30  0.621033
17 18  0.571506
17 19  0.574516
17 20  0.573999
17 21  0.607252
17 22  0.612310
17 23  0.597400
17 24  0.604040
17 25  0.602142
17 26  0.581033
17 27  0.603033
17 28  0.598682
17 29  0.577732
17 30  0.609192
18 19  0.549497
18 20  0.550217
18 21  0.588199
18 22  0.600257
18 23  0.555920
18 24  0.554541
18 25  0.589337
18 26  0.562841
18 27  0.607626
18 28  0.580682
18 29  0.559405
18 30  0.593207
19 20  0.512484
19 21  0.592151
19 22  0.603447
19 23  0.555500
19 24  0.584162
19 25  0.592724
19 26  0.565879
19 27  0.610817
19 28  0.585720
19 29  0.562525
19 30  0.596499
20 21  0.591422
20 22  0.602931
20 23  0.553498
20 24  0.582505
20 25  0.592223
20 26  0.565319
20 27  0.610304
20 28  0.585194
20 29  0.561948
20 30  0.595996
21 22  0.636108
21 23  0.613941
21 24  0.611034
21 25  0.624791
21 26  0.559979
21 27  0.643058
21 28  0.617384
21 29  0.559404
21 30  0.617967
22 23  0.626324
22 24  0.632182
22 25  0.613951
22 26  0.609994
22 27  0.616631
22 28  0.621755
22 29  0.606690
22 30  0.635217
23 24  0.597033
23 25  0.615560
23 26  0.588641
23 27  0.633696
23 28  0.608147
23 29  0.585166
23 30  0.619307
24 25  0.621398
24 26  0.593821
24 27  0.639228
24 28  0.603846
24 29  0.589566
24 30  0.625206
25 26  0.598948
25 27  0.620396
25 28  0.608491
25 29  0.595718
25 30  0.607914
26 27  0.617307
26 28  0.592184
26 29  0.520558
26 30  0.599973
27 28  0.620914
27 29  0.614031
27 30  0.638908
28 29  0.588970
28 30  0.587181
29 30  0.597680
