  -1146.51103029
  -1146.87395461
0.00009415292640
2 2 2 2 2 2 2 2 2 2 2 2 2 2 2 0 0 0 0 0 0 0 0 0 0 0 0 0 0 0 
1  0.269875
2  0.296517
3  0.288938
4  0.267365
5  0.259581
6  0.275595
7  0.272521
8  0.312736
9  0.298829
10  0.323785
11  0.308207
12  0.319251
13  0.292630
14  0.301491
15  0.311262
16  0.279107
17  0.302911
18  0.292505
19  0.271550
20  0.267049
21  0.274973
22  0.275314
23  0.321972
24  0.309738
25  0.297389
26  0.316805
27  0.294959
28  0.308740
29  0.326895
30  0.305651
1 2  0.566265
1 3  0.558573
1 4  0.535161
1 5  0.529001
1 6  0.545432
1 7  0.542384
1 8  0.560203
1 9  0.565697
1 10  0.592304
1 11  0.557342
1 12  0.588436
1 13  0.562442
1 14  0.567925
1 15  0.579438
1 16  0.256287
1 17  0.572739
1 18  0.562002
1 19  0.540970
1 20  0.534804
1 21  0.544738
1 22  0.545186
1 23  0.591596
1 24  0.556669
1 25  0.564344
1 26  0.565094
1 27  0.564379
1 28  0.573223
1 29  0.596241
1 30  0.573137
2 3  0.540412
2 4  0.563868
2 5  0.556096
2 6  0.572111
2 7  0.569038
2 8  0.608078
2 9  0.595344
2 10  0.613062
2 11  0.604577
2 12  0.590339
2 13  0.589145
2 14  0.596236
2 15  0.605528
2 16  0.575591
2 17  0.290006
2 18  0.544927
2 19  0.567880
2 20  0.563565
2 21  0.571490
2 22  0.571826
2 23  0.592913
2 24  0.606109
2 25  0.593825
2 26  0.612972
2 27  0.591460
2 28  0.598778
2 29  0.619112
2 30  0.601588
3 4  0.556297
3 5  0.548517
3 6  0.564532
3 7  0.561459
3 8  0.599706
3 9  0.587764
3 10  0.590580
3 11  0.597027
3 12  0.602768
3 13  0.581566
3 14  0.588778
3 15  0.596221
3 16  0.567633
3 17  0.546179
3 18  0.282971
3 19  0.560393
3 20  0.555978
3 21  0.563909
3 22  0.564251
3 23  0.602212
3 24  0.598669
3 25  0.586247
3 26  0.604596
3 27  0.583895
3 28  0.591277
3 29  0.603564
3 30  0.594357
4 5  0.524491
4 6  0.542841
4 7  0.539510
4 8  0.579677
4 9  0.538958
4 10  0.591080
4 11  0.545244
4 12  0.586505
4 13  0.557582
4 14  0.567303
4 15  0.578179
4 16  0.545769
4 17  0.570047
4 18  0.559738
4 19  0.271227
4 20  0.533545
4 21  0.542044
4 22  0.541595
4 23  0.588890
4 24  0.541223
4 25  0.532703
4 26  0.584126
4 27  0.560861
4 28  0.575810
4 29  0.593869
4 30  0.571198
5 6  0.529662
5 7  0.528128
5 8  0.572289
5 9  0.536713
5 10  0.583349
5 11  0.564161
5 12  0.578815
5 13  0.533576
5 14  0.560947
5 15  0.570813
5 16  0.536640
5 17  0.562492
5 18  0.552081
5 19  0.530365
5 20  0.248019
5 21  0.531657
5 22  0.534077
5 23  0.581543
5 24  0.566880
5 25  0.529305
5 26  0.576124
5 27  0.528054
5 28  0.568173
5 29  0.586473
5 30  0.565187
6 7  0.501286
6 8  0.588306
6 9  0.572514
6 10  0.599375
6 11  0.583720
6 12  0.594842
6 13  0.538365
6 14  0.576922
6 15  0.586852
6 16  0.554485
6 17  0.578503
6 18  0.568099
6 19  0.546963
6 20  0.538209
6 21  0.272898
6 22  0.496804
6 23  0.597562
6 24  0.584895
6 25  0.572204
6 26  0.592367
6 27  0.532475
6 28  0.584335
6 29  0.602487
6 30  0.580924
7 8  0.585247
7 9  0.568101
7 10  0.596302
7 11  0.580651
7 12  0.591769
7 13  0.535470
7 14  0.573894
7 15  0.583780
7 16  0.551568
7 17  0.575421
7 18  0.565021
7 19  0.543040
7 20  0.538405
7 21  0.497737
7 22  0.271211
7 23  0.594464
7 24  0.581764
7 25  0.569007
7 26  0.589279
7 27  0.527057
7 28  0.581238
7 29  0.599396
7 30  0.578163
8 9  0.611359
8 10  0.627669
8 11  0.618890
8 12  0.626790
8 13  0.605340
8 14  0.577941
8 15  0.602923
8 16  0.569873
8 17  0.615246
8 18  0.604163
8 19  0.584235
8 20  0.579515
8 21  0.587659
8 22  0.588005
8 23  0.632035
8 24  0.618396
8 25  0.609854
8 26  0.379264
8 27  0.607604
8 28  0.594832
8 29  0.636839
8 30  0.582553
9 10  0.622595
9 11  0.589097
9 12  0.618073
9 13  0.582194
9 14  0.599914
9 15  0.610018
9 16  0.574486
9 17  0.601662
9 18  0.591244
9 19  0.536443
9 20  0.536753
9 21  0.573313
9 22  0.572553
9 23  0.620718
9 24  0.582248
9 25  0.363748
9 26  0.615336
9 27  0.577162
9 28  0.607533
9 29  0.625543
9 30  0.604143
10 11  0.630903
10 12  0.603027
10 13  0.616395
10 14  0.613672
10 15  0.614505
10 16  0.602256
10 17  0.620888
10 18  0.601840
10 19  0.595080
10 20  0.590826
10 21  0.598757
10 22  0.599091
10 23  0.605337
10 24  0.633418
10 25  0.621023
10 26  0.637383
10 27  0.618723
10 28  0.608900
10 29  0.402589
10 30  0.626324
11 12  0.626565
11 13  0.599337
11 14  0.598105
11 15  0.618449
11 16  0.565173
11 17  0.610930
11 18  0.600706
11 19  0.544931
11 20  0.572597
11 21  0.582784
11 22  0.583258
11 23  0.629403
11 24  0.377347
11 25  0.578694
11 26  0.621198
11 27  0.602971
11 28  0.613658
11 29  0.634914
11 30  0.605666
12 13  0.611864
12 14  0.612993
12 15  0.608614
12 16  0.598073
12 17  0.597630
12 18  0.603753
12 19  0.590333
12 20  0.586299
12 21  0.594224
12 22  0.594547
12 23  0.406642
12 24  0.628335
12 25  0.616504
12 26  0.633369
12 27  0.614140
12 28  0.598052
12 29  0.606713
12 30  0.621977
13 14  0.593914
13 15  0.603858
13 16  0.571496
13 17  0.595518
13 18  0.585131
13 19  0.562393
13 20  0.534716
13 21  0.527416
13 22  0.530131
13 23  0.614515
13 24  0.602170
13 25  0.572584
13 26  0.609266
13 27  0.358999
13 28  0.601184
13 29  0.619489
13 30  0.598118
14 15  0.599704
14 16  0.577386
14 17  0.603717
14 18  0.593795
14 19  0.571033
14 20  0.568524
14 21  0.576206
14 22  0.576799
14 23  0.620097
14 24  0.603395
14 25  0.598380
14 26  0.579781
14 27  0.596158
14 28  0.593618
14 29  0.625174
14 30  0.360215
15 16  0.584315
15 17  0.607075
15 18  0.597242
15 19  0.582315
15 20  0.578191
15 21  0.586226
15 22  0.586522
15 23  0.605256
15 24  0.617603
15 25  0.608636
15 26  0.602329
15 27  0.606019
15 28  0.428128
15 29  0.611984
15 30  0.597601
16 17  0.581839
16 18  0.571299
16 19  0.547661
16 20  0.545504
16 21  0.554068
16 22  0.554415
16 23  0.600292
16 24  0.565408
16 25  0.573466
16 26  0.571370
16 27  0.573957
16 28  0.585846
16 29  0.604418
16 30  0.580903
17 18  0.548860
17 19  0.574434
17 20  0.569959
17 21  0.577883
17 22  0.578225
17 23  0.598029
17 24  0.612470
17 25  0.600297
17 26  0.618292
17 27  0.597870
17 28  0.608903
17 29  0.621990
17 30  0.606534
18 19  0.564043
18 20  0.559553
18 21  0.567476
18 22  0.567818
18 23  0.608728
18 24  0.602093
18 25  0.589892
18 26  0.607003
18 27  0.587463
18 28  0.596480
18 29  0.596255
18 30  0.595936
19 20  0.534739
19 21  0.546255
19 22  0.546270
19 23  0.593339
19 24  0.550103
19 25  0.541541
19 26  0.587845
19 27  0.563543
19 28  0.579755
19 29  0.598291
19 30  0.575145
20 21  0.536300
20 22  0.537749
20 23  0.589010
20 24  0.572556
20 25  0.541658
20 26  0.583824
20 27  0.540853
20 28  0.575768
20 29  0.593933
20 30  0.572610
21 22  0.503235
21 23  0.596939
21 24  0.584619
21 25  0.569214
21 26  0.591745
21 27  0.540988
21 28  0.583711
21 29  0.601855
21 30  0.580384
22 23  0.597283
22 24  0.584889
22 25  0.569221
22 26  0.592117
22 27  0.539638
22 28  0.584051
22 29  0.602205
22 30  0.580883
23 24  0.630742
23 25  0.619338
23 26  0.633397
23 27  0.616916
23 28  0.609660
23 29  0.608850
23 30  0.619491
24 25  0.590478
24 26  0.624680
24 27  0.602733
24 28  0.617335
24 29  0.635333
24 30  0.603848
25 26  0.613914
25 27  0.584024
25 28  0.605987
25 29  0.624259
25 30  0.602364
26 27  0.611749
26 28  0.604736
26 29  0.634581
26 30  0.584920
27 28  0.603665
27 29  0.621839
27 30  0.600519
28 29  0.615116
28 30  0.601643
29 30  0.617220
