  -1146.51103029
  -1146.87601222
0.00003154048160
2 2 2 2 2 2 2 2 2 2 2 2 2 2 2 0 0 0 0 0 0 0 0 0 0 0 0 0 0 0 
1  0.275433
2  0.299805
3  0.292342
4  0.271686
5  0.262706
6  0.277516
7  0.274395
8  0.319364
9  0.303356
10  0.329628
11  0.314149
12  0.324459
13  0.295440
14  0.309635
15  0.317274
16  0.285229
17  0.306287
18  0.296155
19  0.276037
20  0.270246
21  0.276939
22  0.277243
23  0.327214
24  0.315845
25  0.301747
26  0.323148
27  0.297774
28  0.314117
29  0.332569
30  0.313631
1 2  0.575061
1 3  0.567453
1 4  0.544906
1 5  0.537589
1 6  0.552904
1 7  0.549808
1 8  0.570886
1 9  0.575545
1 10  0.603501
1 11  0.568605
1 12  0.599045
1 13  0.570795
1 14  0.581490
1 15  0.590785
1 16  0.266878
1 17  0.581654
1 18  0.571114
1 19  0.550965
1 20  0.543423
1 21  0.552259
1 22  0.552674
1 23  0.602350
1 24  0.568403
1 25  0.574257
1 26  0.576525
1 27  0.572739
1 28  0.584086
1 29  0.607442
1 30  0.586636
2 3  0.547390
2 4  0.571468
2 5  0.562507
2 6  0.577319
2 7  0.574198
2 8  0.617738
2 9  0.603159
2 10  0.622023
2 11  0.613754
2 12  0.597941
2 13  0.595241
2 14  0.607341
2 15  0.614700
2 16  0.584979
2 17  0.296356
2 18  0.552216
2 19  0.575564
2 20  0.570049
2 21  0.576743
2 22  0.577034
2 23  0.601379
2 24  0.615462
2 25  0.601422
2 26  0.622526
2 27  0.597550
2 28  0.607356
2 29  0.628135
2 30  0.612792
3 4  0.564020
3 5  0.555045
3 6  0.569857
3 7  0.566736
3 8  0.609480
3 9  0.595695
3 10  0.598604
3 11  0.606324
3 12  0.611321
3 13  0.587778
3 14  0.599993
3 15  0.605429
3 16  0.577075
3 17  0.553357
3 18  0.289594
3 19  0.568261
3 20  0.562573
3 21  0.569280
3 22  0.569582
3 23  0.610955
3 24  0.608175
3 25  0.593975
3 26  0.614290
3 27  0.590111
3 28  0.600064
3 29  0.612257
3 30  0.605691
4 5  0.531775
4 6  0.549059
4 7  0.545618
4 8  0.590581
4 9  0.547572
4 10  0.601213
4 11  0.555372
4 12  0.595990
4 13  0.564456
4 14  0.579549
4 15  0.588426
4 16  0.556145
4 17  0.577672
4 18  0.567672
4 19  0.279198
4 20  0.540988
4 21  0.548281
4 22  0.547772
4 23  0.598429
4 24  0.551768
4 25  0.541410
4 26  0.594780
4 27  0.567975
4 28  0.585494
4 29  0.603791
4 30  0.583477
5 6  0.534461
5 7  0.532954
5 8  0.582042
5 9  0.544049
5 10  0.592305
5 11  0.572866
5 12  0.587135
5 13  0.539372
5 14  0.572193
5 15  0.579943
5 16  0.545772
5 17  0.568993
5 18  0.558853
5 19  0.537903
5 20  0.253814
5 21  0.536689
5 22  0.539071
5 23  0.589907
5 24  0.576053
5 25  0.536744
5 26  0.585559
5 27  0.533990
5 28  0.576631
5 29  0.595266
5 30  0.576282
6 7  0.505304
6 8  0.596840
6 9  0.578814
6 10  0.607138
6 11  0.591577
6 12  0.601970
6 13  0.543089
6 14  0.586907
6 15  0.594785
6 16  0.562508
6 17  0.583798
6 18  0.573668
6 19  0.553340
6 20  0.543240
6 21  0.276808
6 22  0.500907
6 23  0.604725
6 24  0.592889
6 25  0.578443
6 26  0.600623
6 27  0.537218
6 28  0.591630
6 29  0.610079
6 30  0.590826
7 8  0.593748
7 9  0.574242
7 10  0.604017
7 11  0.588446
7 12  0.598850
7 13  0.540007
7 14  0.583882
7 15  0.591666
7 16  0.559546
7 17  0.580663
7 18  0.570542
7 19  0.549293
7 20  0.543410
7 21  0.501824
7 22  0.274932
7 23  0.601574
7 24  0.589702
7 25  0.575201
7 26  0.597499
7 27  0.531717
7 28  0.588485
7 29  0.606936
7 30  0.588020
8 9  0.622465
8 10  0.639581
8 11  0.631327
8 12  0.638150
8 13  0.614773
8 14  0.592623
8 15  0.615078
8 16  0.582060
8 17  0.625188
8 18  0.614338
8 19  0.595332
8 20  0.589272
8 21  0.596243
8 22  0.596557
8 23  0.643754
8 24  0.631119
8 25  0.620838
8 26  0.391588
8 27  0.617040
8 28  0.606611
8 29  0.649060
8 30  0.597290
9 10  0.632964
9 11  0.599291
9 12  0.627806
9 13  0.589258
9 14  0.612480
9 15  0.620538
9 16  0.585073
9 17  0.609534
9 18  0.599390
9 19  0.545454
9 20  0.544438
9 21  0.579745
9 22  0.578984
9 23  0.630475
9 24  0.592733
9 25  0.372151
9 26  0.626210
9 27  0.584312
9 28  0.617437
9 29  0.635721
9 30  0.616611
10 11  0.642482
10 12  0.614190
10 13  0.625029
10 14  0.626295
10 15  0.626283
10 16  0.614152
10 17  0.630144
10 18  0.610810
10 19  0.605359
10 20  0.599855
10 21  0.606566
10 22  0.606858
10 23  0.616621
10 24  0.645344
10 25  0.631183
10 26  0.649470
10 27  0.627372
10 28  0.620098
10 29  0.413416
10 30  0.639725
11 12  0.637535
11 13  0.607848
11 14  0.611311
11 15  0.630267
11 16  0.577282
11 17  0.620213
11 18  0.610296
11 19  0.555400
11 20  0.581692
11 21  0.590641
11 22  0.591085
11 23  0.640568
11 24  0.388968
11 25  0.588819
11 26  0.633454
11 27  0.611690
11 28  0.625065
11 29  0.646498
11 30  0.619466
12 13  0.619867
12 14  0.625550
12 15  0.619194
12 16  0.609365
12 17  0.605989
12 18  0.612704
12 19  0.599992
12 20  0.594705
12 21  0.601396
12 22  0.601668
12 23  0.416693
12 24  0.639630
12 25  0.626047
12 26  0.644753
12 27  0.622146
12 28  0.608332
12 29  0.617662
12 30  0.635035
13 14  0.604792
13 15  0.612673
13 16  0.580373
13 17  0.601693
13 18  0.591590
13 19  0.569703
13 20  0.540764
13 21  0.532205
13 22  0.534788
13 23  0.622551
13 24  0.611044
13 25  0.579647
13 26  0.618416
13 27  0.364635
13 28  0.609341
13 29  0.627980
13 30  0.608887
14 15  0.613409
14 16  0.591600
14 17  0.615183
14 18  0.605548
14 19  0.583585
14 20  0.579858
14 21  0.586336
14 22  0.586869
14 23  0.633310
14 24  0.617461
14 25  0.610843
14 26  0.594465
14 27  0.607088
14 28  0.606921
14 29  0.638593
14 30  0.375029
15 16  0.596356
15 17  0.616335
15 18  0.606894
15 19  0.592825
15 20  0.587400
15 21  0.594198
15 22  0.594452
15 23  0.616035
15 24  0.629662
15 25  0.619001
15 26  0.614489
15 27  0.614864
15 28  0.439132
15 29  0.623579
15 30  0.611422
16 17  0.591276
16 18  0.580953
16 19  0.558094
16 20  0.554714
16 21  0.562154
16 22  0.562459
16 23  0.611516
16 24  0.577212
16 25  0.583716
16 26  0.582300
16 27  0.582873
16 28  0.597095
16 29  0.616039
16 30  0.594824
17 18  0.556176
17 19  0.582281
17 20  0.576531
17 21  0.583224
17 22  0.583528
17 23  0.605889
17 24  0.621879
17 25  0.608027
17 26  0.627836
17 27  0.604058
17 28  0.617496
17 29  0.630901
17 30  0.617481
18 19  0.572178
18 20  0.566399
18 21  0.573092
18 22  0.573397
18 23  0.617545
18 24  0.611781
18 25  0.597901
18 26  0.616756
18 27  0.593926
18 28  0.605290
18 29  0.604362
18 30  0.607223
19 20  0.542248
19 21  0.552671
19 22  0.552594
19 23  0.603019
19 24  0.560573
19 25  0.550273
19 26  0.598593
19 27  0.570604
19 28  0.589517
19 29  0.608414
19 30  0.587385
20 21  0.541259
20 22  0.542686
20 23  0.597442
20 24  0.581560
20 25  0.548928
20 26  0.593363
20 27  0.546620
20 28  0.584338
20 29  0.602796
20 30  0.583772
21 22  0.507373
21 23  0.604146
21 24  0.592677
21 25  0.575302
21 26  0.600031
21 27  0.545821
21 28  0.591053
21 29  0.609492
21 30  0.590237
22 23  0.604451
22 24  0.592891
22 25  0.575247
22 26  0.600388
22 27  0.544261
22 28  0.591353
22 29  0.609804
22 30  0.590764
23 24  0.641924
23 25  0.628930
23 26  0.644562
23 27  0.624964
23 28  0.619622
23 29  0.619735
23 30  0.631997
24 25  0.600811
24 26  0.636961
24 27  0.611420
24 28  0.628745
24 29  0.646856
24 30  0.616943
25 26  0.624588
25 27  0.590894
25 28  0.615693
25 29  0.634286
25 30  0.614538
26 27  0.620906
26 28  0.616028
26 29  0.646182
26 30  0.599193
27 28  0.611849
27 29  0.630317
27 30  0.611294
28 29  0.626293
28 30  0.614753
29 30  0.629412
