  -1146.51103029
  -1146.87667186
0.00000943036716
2 2 2 2 2 2 2 2 2 2 2 2 2 2 2 0 0 0 0 0 0 0 0 0 0 0 0 0 0 0 
1  0.277417
2  0.300934
3  0.293419
4  0.273232
5  0.263706
6  0.278260
7  0.274997
8  0.321505
9  0.304850
10  0.331264
11  0.316213
12  0.326059
13  0.296320
14  0.312359
15  0.319108
16  0.287349
17  0.307440
18  0.297278
19  0.277661
20  0.271254
21  0.277768
22  0.277842
23  0.328784
24  0.317924
25  0.303199
26  0.325268
27  0.298597
28  0.315819
29  0.334204
30  0.316303
1 2  0.578146
1 3  0.570455
1 4  0.548395
1 5  0.540524
1 6  0.555630
1 7  0.552388
1 8  0.574482
1 9  0.578941
1 10  0.607058
1 11  0.572542
1 12  0.602583
1 13  0.573653
1 14  0.586149
1 15  0.594536
1 16  0.270686
1 17  0.584782
1 18  0.574159
1 19  0.554547
1 20  0.546374
1 21  0.555058
1 22  0.555256
1 23  0.605889
1 24  0.572489
1 25  0.577718
1 26  0.580517
1 27  0.575522
1 28  0.587746
1 29  0.611042
1 30  0.591272
2 3  0.549682
2 4  0.574136
2 5  0.564634
2 6  0.579192
2 7  0.575929
2 8  0.620940
2 9  0.605780
2 10  0.624756
2 11  0.616910
2 12  0.600463
2 13  0.597247
2 14  0.611070
2 15  0.617615
2 16  0.588216
2 17  0.298632
2 18  0.554596
2 19  0.578252
2 20  0.572185
2 21  0.578700
2 22  0.578755
2 23  0.604096
2 24  0.618649
2 25  0.603980
2 26  0.625754
2 27  0.599495
2 28  0.610172
2 29  0.630904
2 30  0.616531
3 4  0.566643
3 5  0.557119
3 6  0.571678
3 7  0.568415
3 8  0.612597
3 9  0.598266
3 10  0.601028
3 11  0.609440
3 12  0.613978
3 13  0.589732
3 14  0.603697
3 15  0.608284
3 16  0.580201
3 17  0.555716
3 18  0.291782
3 19  0.570942
3 20  0.564654
3 21  0.571186
3 22  0.571256
3 23  0.613628
3 24  0.611328
3 25  0.596465
3 26  0.617442
3 27  0.592009
3 28  0.602872
3 29  0.614898
3 30  0.609425
4 5  0.534253
4 6  0.551344
4 7  0.547749
4 8  0.594233
4 9  0.550535
4 10  0.604383
4 11  0.558909
4 12  0.599121
4 13  0.566817
4 14  0.583753
4 15  0.591760
4 16  0.559788
4 17  0.580314
4 18  0.570310
4 19  0.282226
4 20  0.543511
4 21  0.550650
4 22  0.549893
4 23  0.601498
4 24  0.555386
4 25  0.544396
4 26  0.598440
4 27  0.570350
4 28  0.588739
4 29  0.606988
4 30  0.587692
5 6  0.536172
5 7  0.534510
5 8  0.585180
5 9  0.546445
5 10  0.594931
5 11  0.575835
5 12  0.589724
5 13  0.541226
5 14  0.575906
5 15  0.582776
5 16  0.548836
5 17  0.571146
5 18  0.560969
5 19  0.540494
5 20  0.255723
5 21  0.538521
5 22  0.540651
5 23  0.592478
5 24  0.579143
5 25  0.539169
5 26  0.588658
5 27  0.535826
5 28  0.579322
5 29  0.597901
5 30  0.579952
6 7  0.506741
6 8  0.599716
6 9  0.581005
6 10  0.609519
6 11  0.594384
6 12  0.604313
6 13  0.544756
6 14  0.590312
6 15  0.597363
6 16  0.565359
6 17  0.585694
6 18  0.575536
6 19  0.555708
6 20  0.544997
6 21  0.278520
6 22  0.502346
6 23  0.607036
6 24  0.595695
6 25  0.580628
6 26  0.603473
6 27  0.538835
6 28  0.594076
6 29  0.612459
6 30  0.594215
7 8  0.596490
7 9  0.576279
7 10  0.606253
7 11  0.591107
7 12  0.601050
7 13  0.541498
7 14  0.587169
7 15  0.594101
7 16  0.562266
7 17  0.582414
7 18  0.572267
7 19  0.551495
7 20  0.545002
7 21  0.503356
7 22  0.276197
7 23  0.603736
7 24  0.592374
7 25  0.577249
7 26  0.600213
7 27  0.533179
7 28  0.590784
7 29  0.609171
7 30  0.591293
8 9  0.626090
8 10  0.643258
8 11  0.635494
8 12  0.641743
8 13  0.617788
8 14  0.597474
8 15  0.618901
8 16  0.586145
8 17  0.628455
8 18  0.617581
8 19  0.599090
8 20  0.592398
8 21  0.599203
8 22  0.599293
8 23  0.647401
8 24  0.635342
8 25  0.624437
8 26  0.395790
8 27  0.620007
8 28  0.610321
8 29  0.652838
8 30  0.602166
9 10  0.636093
9 11  0.602759
9 12  0.630898
9 13  0.591559
9 14  0.616669
9 15  0.623854
9 16  0.588714
9 17  0.612169
9 18  0.601978
9 19  0.548546
9 20  0.546916
9 21  0.582042
9 22  0.581075
9 23  0.633536
9 24  0.596222
9 25  0.375187
9 26  0.629829
9 27  0.586600
9 28  0.620628
9 29  0.638804
9 30  0.620754
10 11  0.646094
10 12  0.617485
10 13  0.627534
10 14  0.630207
10 15  0.629771
10 16  0.617887
10 17  0.632943
10 18  0.613480
10 19  0.608615
10 20  0.602494
10 21  0.609030
10 22  0.609092
10 23  0.619912
10 24  0.649057
10 25  0.634226
10 26  0.653216
10 27  0.629834
10 28  0.623464
10 29  0.416637
10 30  0.643877
11 12  0.641109
11 13  0.610714
11 14  0.615825
11 15  0.634124
11 16  0.581473
11 17  0.623398
11 18  0.613482
11 19  0.559057
11 20  0.584771
11 21  0.593509
11 22  0.593747
11 23  0.644174
11 24  0.393236
11 25  0.592276
11 26  0.637647
11 27  0.614561
11 28  0.628814
11 29  0.650200
11 30  0.624130
12 13  0.622338
12 14  0.629673
12 15  0.622405
12 16  0.613073
12 17  0.608698
12 18  0.615441
12 19  0.603170
12 20  0.597312
12 21  0.603821
12 22  0.603859
12 23  0.419935
12 24  0.643280
12 25  0.629081
12 26  0.648402
12 27  0.624567
12 28  0.611512
12 29  0.620990
12 30  0.639315
13 14  0.608358
13 15  0.615385
13 16  0.583363
13 17  0.603718
13 18  0.593593
13 19  0.572215
13 20  0.542656
13 21  0.533972
13 22  0.536291
13 23  0.624988
13 24  0.613984
13 25  0.581968
13 26  0.621410
13 27  0.366544
13 28  0.611917
13 29  0.630491
13 30  0.612424
14 15  0.617868
14 16  0.596428
14 17  0.619021
14 18  0.609379
14 19  0.587937
14 20  0.583587
14 21  0.589855
14 22  0.590191
14 23  0.637600
14 24  0.622196
14 25  0.614994
14 26  0.599339
14 27  0.610612
14 28  0.611317
14 29  0.642806
14 30  0.380288
15 16  0.600263
15 17  0.619312
15 18  0.609867
15 19  0.596274
15 20  0.590234
15 21  0.596856
15 22  0.596876
15 23  0.619274
15 24  0.633553
15 25  0.622285
15 26  0.618373
15 27  0.617510
15 28  0.442841
15 29  0.627046
15 30  0.615893
16 17  0.594511
16 18  0.584144
16 19  0.561777
16 20  0.557798
16 21  0.565101
16 22  0.565177
16 23  0.615170
16 24  0.581257
16 25  0.587220
16 26  0.586018
16 27  0.585806
16 28  0.600835
16 29  0.619734
16 30  0.599562
17 18  0.558531
17 19  0.585047
17 20  0.578690
17 21  0.585205
17 22  0.585281
17 23  0.608441
17 24  0.625076
17 25  0.610627
17 26  0.631053
17 27  0.606034
17 28  0.620302
17 29  0.633669
17 30  0.621200
18 19  0.574923
18 20  0.568528
18 21  0.575041
18 22  0.575119
18 23  0.620230
18 24  0.614952
18 25  0.600475
18 26  0.619903
18 27  0.595871
18 28  0.608066
18 29  0.606811
18 30  0.610905
19 20  0.544805
19 21  0.555114
19 22  0.554792
19 23  0.606178
19 24  0.564191
19 25  0.553295
19 26  0.602298
19 27  0.572977
19 28  0.592792
19 29  0.611653
19 30  0.591609
20 21  0.543062
20 22  0.544246
20 23  0.600014
20 24  0.584561
20 25  0.551290
20 26  0.596487
20 27  0.548414
20 28  0.587047
20 29  0.605436
20 30  0.587444
21 22  0.508913
21 23  0.606540
21 24  0.595579
21 25  0.577511
21 26  0.602959
21 27  0.547529
21 28  0.593584
21 29  0.611951
21 30  0.593632
22 23  0.606619
22 24  0.595557
22 25  0.577243
22 26  0.603107
22 27  0.545694
22 28  0.593653
22 29  0.612037
22 30  0.594006
23 24  0.645470
23 25  0.631942
23 26  0.648109
23 27  0.627354
23 28  0.622688
23 29  0.622968
23 30  0.636073
24 25  0.604294
24 26  0.641118
24 27  0.614238
24 28  0.632493
24 29  0.650498
24 30  0.621414
25 26  0.628146
25 27  0.593105
25 28  0.618823
25 29  0.637367
25 30  0.618614
26 27  0.623844
26 28  0.619705
26 29  0.649835
26 30  0.603973
27 28  0.614368
27 29  0.632772
27 30  0.614781
28 29  0.629695
28 30  0.619055
29 30  0.633219
