  -1146.53648054
  -1146.89787326
0.00005339278760
2 2 2 2 2 2 2 2 2 2 2 2 2 2 2 0 0 0 0 0 0 0 0 0 0 0 0 0 0 0 
1  0.266876
2  0.261401
3  0.269578
4  0.278684
5  0.279530
6  0.266963
7  0.273283
8  0.277030
9  0.312081
10  0.313653
11  0.301121
12  0.304898
13  0.296965
14  0.299895
15  0.301428
16  0.282088
17  0.278185
18  0.276120
19  0.279111
20  0.284167
21  0.268570
22  0.278783
23  0.277112
24  0.302625
25  0.300552
26  0.300884
27  0.303200
28  0.301195
29  0.306724
30  0.302162
1 2  0.527686
1 3  0.532165
1 4  0.545356
1 5  0.546148
1 6  0.533761
1 7  0.540154
1 8  0.543896
1 9  0.578193
1 10  0.556313
1 11  0.556218
1 12  0.570668
1 13  0.563832
1 14  0.559230
1 15  0.562735
1 16  0.269282
1 17  0.544842
1 18  0.537447
1 19  0.545815
1 20  0.550328
1 21  0.535108
1 22  0.545651
1 23  0.543972
1 24  0.543362
1 25  0.567320
1 26  0.566890
1 27  0.569896
1 28  0.565913
1 29  0.550906
1 30  0.568146
2 3  0.530970
2 4  0.540070
2 5  0.540924
2 6  0.526463
2 7  0.534188
2 8  0.538274
2 9  0.549802
2 10  0.574249
2 11  0.550088
2 12  0.566235
2 13  0.556348
2 14  0.556072
2 15  0.556308
2 16  0.543236
2 17  0.262579
2 18  0.537465
2 19  0.540464
2 20  0.545566
2 21  0.529307
2 22  0.538418
2 23  0.537980
2 24  0.560941
2 25  0.559281
2 26  0.562050
2 27  0.542302
2 28  0.538442
2 29  0.567933
2 30  0.562701
3 4  0.544640
3 5  0.543171
3 6  0.536533
3 7  0.542861
3 8  0.546607
3 9  0.581641
3 10  0.558502
3 11  0.570603
3 12  0.553042
3 13  0.566536
3 14  0.568010
3 15  0.570735
3 16  0.547338
3 17  0.547600
3 18  0.265562
3 19  0.547506
3 20  0.549672
3 21  0.538121
3 22  0.548355
3 23  0.546679
3 24  0.571927
3 25  0.570129
3 26  0.545560
3 27  0.572574
3 28  0.570650
3 29  0.541023
3 30  0.571184
4 5  0.511087
4 6  0.545647
4 7  0.551967
4 8  0.555714
4 9  0.590761
4 10  0.587796
4 11  0.579747
4 12  0.554010
4 13  0.575649
4 14  0.578416
4 15  0.580103
4 16  0.560420
4 17  0.556650
4 18  0.553797
4 19  0.278309
4 20  0.507893
4 21  0.547253
4 22  0.557460
4 23  0.555793
4 24  0.580833
4 25  0.579223
4 26  0.543577
4 27  0.581813
4 28  0.579459
4 29  0.583531
4 30  0.580536
5 6  0.546492
5 7  0.552813
5 8  0.556559
5 9  0.591608
5 10  0.589888
5 11  0.580617
5 12  0.555865
5 13  0.576496
5 14  0.579387
5 15  0.580951
5 16  0.560732
5 17  0.557676
5 18  0.552483
5 19  0.508373
5 20  0.278905
5 21  0.548097
5 22  0.558312
5 23  0.556642
5 24  0.581951
5 25  0.580077
5 26  0.540574
5 27  0.582725
5 28  0.580648
5 29  0.585492
5 30  0.581655
6 7  0.535774
6 8  0.538004
6 9  0.551020
6 10  0.580603
6 11  0.567852
6 12  0.571859
6 13  0.543834
6 14  0.566677
6 15  0.566584
6 16  0.548178
6 17  0.544630
6 18  0.542999
6 19  0.546069
6 20  0.551124
6 21  0.261452
6 22  0.544752
6 23  0.541251
6 24  0.568282
6 25  0.537982
6 26  0.567844
6 27  0.540293
6 28  0.567680
6 29  0.573376
6 30  0.567184
7 8  0.504070
7 9  0.580867
7 10  0.586931
7 11  0.574363
7 12  0.578181
7 13  0.542519
7 14  0.573151
7 15  0.574643
7 16  0.555333
7 17  0.550085
7 18  0.549399
7 19  0.552394
7 20  0.557450
7 21  0.540530
7 22  0.275481
7 23  0.501170
7 24  0.575775
7 25  0.534745
7 26  0.574163
7 27  0.575241
7 28  0.574256
7 29  0.580007
7 30  0.575424
8 9  0.586625
8 10  0.590675
8 11  0.578122
8 12  0.581928
8 13  0.545008
8 14  0.576908
8 15  0.578341
8 16  0.558953
8 17  0.554970
8 18  0.553139
8 19  0.556141
8 20  0.561196
8 21  0.541318
8 22  0.502065
8 23  0.274386
8 24  0.579320
8 25  0.541736
8 26  0.577912
8 27  0.579472
8 28  0.577987
8 29  0.583710
8 30  0.578902
9 10  0.625500
9 11  0.609299
9 12  0.616974
9 13  0.596519
9 14  0.610620
9 15  0.602239
9 16  0.592745
9 17  0.559174
9 18  0.588004
9 19  0.591191
9 20  0.596241
9 21  0.545703
9 22  0.588621
9 23  0.588486
9 24  0.610762
9 25  0.592678
9 26  0.612870
9 27  0.383335
9 28  0.606183
9 29  0.618650
9 30  0.610569
10 11  0.610651
10 12  0.604923
10 13  0.610603
10 14  0.602263
10 15  0.613580
10 16  0.562982
10 17  0.590464
10 18  0.559440
10 19  0.591200
10 20  0.597092
10 21  0.582150
10 22  0.592363
10 23  0.590758
10 24  0.606910
10 25  0.614036
10 26  0.592320
10 27  0.616668
10 28  0.611295
10 29  0.389085
10 30  0.613473
11 12  0.605894
11 13  0.598023
11 14  0.569947
11 15  0.570406
11 16  0.576975
11 17  0.571618
11 18  0.576882
11 19  0.580199
11 20  0.585281
11 21  0.569273
11 22  0.579778
11 23  0.578229
11 24  0.530215
11 25  0.601177
11 26  0.601605
11 27  0.603674
11 28  0.502529
11 29  0.607366
11 30  0.562562
12 13  0.601861
12 14  0.603448
12 15  0.606242
12 16  0.586623
12 17  0.582493
12 18  0.551117
12 19  0.544549
12 20  0.551097
12 21  0.573465
12 22  0.583657
12 23  0.581996
12 24  0.607193
12 25  0.605423
12 26  0.378703
12 27  0.607808
12 28  0.605358
12 29  0.592159
12 30  0.606309
13 14  0.596700
13 15  0.597659
13 16  0.578851
13 17  0.572958
13 18  0.573073
13 19  0.576069
13 20  0.581129
13 21  0.540296
13 22  0.539593
13 23  0.534481
13 24  0.599476
13 25  0.371441
13 26  0.597845
13 27  0.577993
13 28  0.598062
13 29  0.603514
13 30  0.598491
14 15  0.571120
14 16  0.570899
14 17  0.571884
14 18  0.575549
14 19  0.578216
14 20  0.583792
14 21  0.568405
14 22  0.578408
14 23  0.576900
14 24  0.530860
14 25  0.600219
14 26  0.600148
14 27  0.600616
14 28  0.568172
14 29  0.590109
14 30  0.526323
15 16  0.577542
15 17  0.569596
15 18  0.577078
15 19  0.580487
15 20  0.585512
15 21  0.568000
15 22  0.579925
15 23  0.577922
15 24  0.570523
15 25  0.601874
15 26  0.602289
15 27  0.588888
15 28  0.545238
15 29  0.606005
15 30  0.502854
16 17  0.559538
16 18  0.553512
16 19  0.561101
16 20  0.566147
16 21  0.550524
16 22  0.560863
16 23  0.559192
16 24  0.562740
16 25  0.582620
16 26  0.580734
16 27  0.584482
16 28  0.579944
16 29  0.564647
16 30  0.578872
17 18  0.554270
17 19  0.557273
17 20  0.562342
17 21  0.543673
17 22  0.556321
17 23  0.555037
17 24  0.577753
17 25  0.575931
17 26  0.579009
17 27  0.556495
17 28  0.557262
17 29  0.584081
17 30  0.575742
18 19  0.549338
18 20  0.553441
18 21  0.544685
18 22  0.554902
18 23  0.553231
18 24  0.578194
18 25  0.576666
18 26  0.555422
18 27  0.579304
18 28  0.577103
18 29  0.554791
18 30  0.577869
19 20  0.515355
19 21  0.547681
19 22  0.557894
19 23  0.556222
19 24  0.581473
19 25  0.579663
19 26  0.551981
19 27  0.582303
19 28  0.580124
19 29  0.580914
19 30  0.581040
20 21  0.552736
20 22  0.562950
20 23  0.561278
20 24  0.586725
20 25  0.584719
20 26  0.554947
20 27  0.587363
20 28  0.585303
20 29  0.587743
20 30  0.586252
21 22  0.542457
21 23  0.539421
21 24  0.570263
21 25  0.546817
21 26  0.569452
21 27  0.545707
21 28  0.568307
21 29  0.575269
21 30  0.569407
22 23  0.509036
22 24  0.581353
22 25  0.549432
22 26  0.579666
22 27  0.577097
22 28  0.579952
22 29  0.585503
22 30  0.580844
23 24  0.579662
23 25  0.550615
23 26  0.577996
23 27  0.576082
23 28  0.578249
23 29  0.583831
23 30  0.579144
24 25  0.603066
24 26  0.602429
24 27  0.602504
24 28  0.576278
24 29  0.604772
24 30  0.574762
25 26  0.601434
25 27  0.591067
25 28  0.601417
25 29  0.607266
25 30  0.602450
26 27  0.604069
26 28  0.601639
26 29  0.595488
26 30  0.602497
27 28  0.601212
27 29  0.609349
27 30  0.595946
28 29  0.603838
28 30  0.570533
29 30  0.600483
