  -1146.53648054
  -1146.89946292
0.00001759309900
2 2 2 2 2 2 2 2 2 2 2 2 2 2 2 0 0 0 0 0 0 0 0 0 0 0 0 0 0 0 
1  0.270755
2  0.265414
3  0.272551
4  0.280755
5  0.281340
6  0.270317
7  0.275171
8  0.278825
9  0.316902
10  0.318437
11  0.305468
12  0.307985
13  0.299644
14  0.304793
15  0.306300
16  0.286258
17  0.282625
18  0.279190
19  0.281060
20  0.286032
21  0.271888
22  0.280689
23  0.278828
24  0.307352
25  0.303247
26  0.303692
27  0.307793
28  0.305834
29  0.311187
30  0.307111
1 2  0.535424
1 3  0.538751
1 4  0.551280
1 5  0.551809
1 6  0.540968
1 7  0.545916
1 8  0.549564
1 9  0.586771
1 10  0.564766
1 11  0.563835
1 12  0.577551
1 13  0.570381
1 14  0.567930
1 15  0.571165
1 16  0.276719
1 17  0.553164
1 18  0.544316
1 19  0.551618
1 20  0.555979
1 21  0.542164
1 22  0.551441
1 23  0.549556
1 24  0.551775
1 25  0.573849
1 26  0.573529
1 27  0.578267
1 28  0.574328
1 29  0.559230
1 30  0.576942
2 3  0.537948
2 4  0.546144
2 5  0.546742
2 6  0.533754
2 7  0.540008
2 8  0.544054
2 9  0.558331
2 10  0.582929
2 11  0.557766
2 12  0.573322
2 13  0.562834
2 14  0.564712
2 15  0.565131
2 16  0.551433
2 17  0.270346
2 18  0.544527
2 19  0.546376
2 20  0.551438
2 21  0.536581
2 22  0.544251
2 23  0.543689
2 24  0.569565
2 25  0.565957
2 26  0.568818
2 27  0.550846
2 28  0.546851
2 29  0.576326
2 30  0.571638
3 4  0.549500
3 5  0.547624
3 6  0.542858
3 7  0.547722
3 8  0.551376
3 9  0.589432
3 10  0.566188
3 11  0.577908
3 12  0.558862
3 13  0.572187
3 14  0.575688
3 15  0.578547
3 16  0.554419
3 17  0.554996
3 18  0.271080
3 19  0.552355
3 20  0.554390
3 21  0.544379
3 22  0.553232
3 23  0.551365
3 24  0.579616
3 25  0.575798
3 26  0.551308
3 27  0.580076
3 28  0.578255
3 29  0.548528
3 30  0.579045
4 5  0.515176
4 6  0.551071
4 7  0.555925
4 8  0.559579
4 9  0.597652
4 10  0.594280
4 11  0.586149
4 12  0.558909
4 13  0.580398
4 14  0.585351
4 15  0.587042
4 16  0.566632
4 17  0.563123
4 18  0.558866
4 19  0.282171
4 20  0.512080
4 21  0.552640
4 22  0.561434
4 23  0.559580
4 24  0.587635
4 25  0.583983
4 26  0.548424
4 27  0.588477
4 28  0.586127
4 29  0.589966
4 30  0.587545
5 6  0.551655
5 7  0.556510
5 8  0.560164
5 9  0.598239
5 10  0.596212
5 11  0.586759
5 12  0.560689
5 13  0.580983
5 14  0.586084
5 15  0.587632
5 16  0.566627
5 17  0.563934
5 18  0.557254
5 19  0.512362
5 20  0.282387
5 21  0.553218
5 22  0.562028
5 23  0.560168
5 24  0.588454
5 25  0.584578
5 26  0.545196
5 27  0.589132
5 28  0.587085
5 29  0.591712
5 30  0.588410
6 7  0.540767
6 8  0.542841
6 9  0.558844
6 10  0.588736
6 11  0.575537
6 12  0.578298
6 13  0.549703
6 14  0.574880
6 15  0.574599
6 16  0.555528
6 17  0.552364
6 18  0.549421
6 19  0.551370
6 20  0.556342
6 21  0.267552
6 22  0.549941
6 23  0.546261
6 24  0.576337
6 25  0.544038
6 26  0.574006
6 27  0.548200
6 28  0.575659
6 29  0.581110
6 30  0.575437
7 8  0.507986
7 9  0.587242
7 10  0.593600
7 11  0.580581
7 12  0.583155
7 13  0.546962
7 14  0.579925
7 15  0.581384
7 16  0.561379
7 17  0.556316
7 18  0.554351
7 19  0.556229
7 20  0.561203
7 21  0.545655
7 22  0.279195
7 23  0.504991
7 24  0.582357
7 25  0.539299
7 26  0.578848
7 27  0.581662
7 28  0.580756
7 29  0.586357
7 30  0.582256
8 9  0.593036
8 10  0.597252
8 11  0.584253
8 12  0.586809
8 13  0.549412
8 14  0.583592
8 15  0.584986
8 16  0.564893
8 17  0.561145
8 18  0.558000
8 19  0.559885
8 20  0.564856
8 21  0.546309
8 22  0.506017
8 23  0.277899
8 24  0.585821
8 25  0.546222
8 26  0.582511
8 27  0.585801
8 28  0.584424
8 29  0.589974
8 30  0.585570
9 10  0.635066
9 11  0.618330
9 12  0.624881
9 13  0.603681
9 14  0.620231
9 15  0.611411
9 16  0.601698
9 17  0.568449
9 18  0.595868
9 19  0.597958
9 20  0.602930
9 21  0.553774
9 22  0.595290
9 23  0.594968
9 24  0.620211
9 25  0.599949
9 26  0.620467
9 27  0.392502
9 28  0.615511
9 29  0.627952
9 30  0.620169
10 11  0.619625
10 12  0.612319
10 13  0.618062
10 14  0.611414
10 15  0.623110
10 16  0.571999
10 17  0.599629
10 18  0.567224
10 19  0.597898
10 20  0.603683
10 21  0.590217
10 22  0.599054
10 23  0.597258
10 24  0.616289
10 25  0.621485
10 26  0.599706
10 27  0.626062
10 28  0.620634
10 29  0.398113
10 30  0.623074
11 12  0.613326
11 13  0.605029
11 14  0.579205
11 15  0.579640
11 16  0.585293
11 17  0.580144
11 18  0.584285
11 19  0.586485
11 20  0.591484
11 21  0.576859
11 22  0.585998
11 23  0.584293
11 24  0.538893
11 25  0.608202
11 26  0.608689
11 27  0.612574
11 28  0.510844
11 29  0.616143
11 30  0.571880
12 13  0.607626
12 14  0.611250
12 15  0.614179
12 16  0.593830
12 17  0.589915
12 18  0.557261
12 19  0.549495
12 20  0.555973
12 21  0.579868
12 22  0.588642
12 23  0.586796
12 24  0.615005
12 25  0.611203
12 26  0.384495
12 27  0.615437
12 28  0.613083
12 29  0.599487
12 30  0.614316
13 14  0.604247
13 15  0.605079
13 16  0.585688
13 17  0.580044
13 18  0.578828
13 19  0.580690
13 20  0.585671
13 21  0.546282
13 22  0.544094
13 23  0.538819
13 24  0.606874
13 25  0.376791
13 26  0.603323
13 27  0.585115
13 28  0.605373
13 29  0.610605
13 30  0.606072
14 15  0.580545
14 16  0.579955
14 17  0.581165
14 18  0.583466
14 19  0.584989
14 20  0.590534
14 21  0.576597
14 22  0.585180
14 23  0.583476
14 24  0.540468
14 25  0.607798
14 26  0.607855
14 27  0.609988
14 28  0.577498
14 29  0.599288
14 30  0.535491
15 16  0.586485
15 17  0.578908
15 18  0.584973
15 19  0.587302
15 20  0.592251
15 21  0.576160
15 22  0.586699
15 23  0.584471
15 24  0.579855
15 25  0.609414
15 26  0.609966
15 27  0.598148
15 28  0.554819
15 29  0.615238
15 30  0.511877
16 17  0.568098
16 18  0.560495
16 19  0.567206
16 20  0.572177
16 21  0.557960
16 22  0.566930
16 23  0.565071
16 24  0.570977
16 25  0.589480
16 26  0.587481
16 27  0.593118
16 28  0.588608
16 29  0.573113
16 30  0.587842
17 18  0.561774
17 19  0.563643
17 20  0.568636
17 21  0.551239
17 22  0.562578
17 23  0.561152
17 24  0.586796
17 25  0.582823
17 26  0.586238
17 27  0.565225
17 28  0.565599
17 29  0.592859
17 30  0.585018
18 19  0.554122
18 20  0.558125
18 21  0.551071
18 22  0.559878
18 23  0.558018
18 24  0.585926
18 25  0.582431
18 26  0.561086
18 27  0.586966
18 28  0.584786
18 29  0.562204
18 30  0.585848
19 20  0.519389
19 21  0.552948
19 22  0.561749
19 23  0.559888
19 24  0.588120
19 25  0.584307
19 26  0.556653
19 27  0.588838
19 28  0.586656
19 29  0.587036
19 30  0.587881
20 21  0.557918
20 22  0.566721
20 23  0.564859
20 24  0.593309
20 25  0.589278
20 26  0.559564
20 27  0.593817
20 28  0.591778
20 29  0.593878
20 30  0.593049
21 22  0.547488
21 23  0.544254
21 24  0.578158
21 25  0.552611
21 26  0.575577
21 27  0.553465
21 28  0.576133
21 29  0.583039
21 30  0.577523
22 23  0.512890
22 24  0.587969
22 25  0.553885
22 26  0.584380
22 27  0.583304
22 28  0.586494
22 29  0.591866
22 30  0.587675
23 24  0.586088
23 25  0.555052
23 26  0.582520
23 27  0.582125
23 28  0.584594
23 29  0.590007
23 30  0.585805
24 25  0.610455
24 26  0.609825
24 27  0.611609
24 28  0.585337
24 29  0.613815
24 30  0.584501
25 26  0.606937
25 27  0.598020
25 28  0.608709
25 29  0.614422
25 30  0.610044
26 27  0.611466
26 28  0.609029
26 29  0.602431
26 30  0.610167
27 28  0.610323
27 29  0.618285
27 30  0.604831
28 29  0.612679
28 30  0.580258
29 30  0.609258
