  -1146.53648054
  -1146.89989314
0.00000558369802
2 2 2 2 2 2 2 2 2 2 2 2 2 2 2 0 0 0 0 0 0 0 0 0 0 0 0 0 0 0 
1  0.272026
2  0.266765
3  0.273311
4  0.281236
5  0.281727
6  0.271281
7  0.275639
8  0.279308
9  0.318320
10  0.319815
11  0.306851
12  0.308755
13  0.300336
14  0.306300
15  0.307852
16  0.287704
17  0.284079
18  0.280019
19  0.281537
20  0.286450
21  0.272840
22  0.281204
23  0.279296
24  0.308857
25  0.303963
26  0.304392
27  0.309062
28  0.307270
29  0.312443
30  0.308569
1 2  0.538017
1 3  0.540737
1 4  0.553030
1 5  0.553457
1 6  0.543188
1 7  0.547649
1 8  0.551312
1 9  0.589407
1 10  0.567363
1 11  0.566295
1 12  0.579554
1 13  0.572343
1 14  0.570697
1 15  0.573864
1 16  0.279315
1 17  0.555884
1 18  0.546422
1 19  0.553360
1 20  0.557609
1 21  0.544319
1 22  0.553227
1 23  0.551286
1 24  0.554499
1 25  0.575793
1 26  0.575481
1 27  0.580795
1 28  0.576991
1 29  0.561755
1 30  0.579674
2 3  0.540055
2 4  0.547966
2 5  0.548473
2 6  0.536034
2 7  0.541796
2 8  0.545881
2 9  0.561018
2 10  0.585605
2 11  0.560248
2 12  0.575438
2 13  0.564837
2 14  0.567463
2 15  0.568016
2 16  0.554225
2 17  0.272956
2 18  0.546690
2 19  0.548174
2 20  0.553206
2 21  0.538858
2 22  0.546085
2 23  0.545504
2 24  0.572359
2 25  0.568033
2 26  0.570828
2 27  0.553458
2 28  0.549571
2 29  0.578916
2 30  0.574438
3 4  0.550704
3 5  0.548751
3 6  0.544578
3 7  0.548949
3 8  0.552618
3 9  0.591604
3 10  0.568326
3 11  0.580047
3 12  0.560359
3 13  0.573637
3 14  0.577887
3 15  0.580843
3 16  0.556633
3 17  0.557204
3 18  0.272616
3 19  0.553569
3 20  0.555574
3 21  0.546064
3 22  0.554499
3 23  0.552578
3 24  0.581872
3 25  0.577273
3 26  0.552750
3 27  0.582080
3 28  0.580449
3 29  0.550559
3 30  0.581229
4 5  0.516110
4 6  0.552517
4 7  0.556874
4 8  0.560543
4 9  0.599549
4 10  0.596075
4 11  0.588005
4 12  0.560127
4 13  0.581572
4 14  0.587327
4 15  0.589074
4 16  0.568556
4 17  0.565017
4 18  0.560164
4 19  0.283164
4 20  0.513054
4 21  0.554072
4 22  0.562426
4 23  0.560529
4 24  0.589627
4 25  0.585172
4 26  0.549621
4 27  0.590227
4 28  0.588029
4 29  0.591695
4 30  0.589481
5 6  0.553007
5 7  0.557366
5 8  0.561034
5 9  0.600042
5 10  0.597907
5 11  0.588525
5 12  0.561879
5 13  0.582062
5 14  0.587975
5 15  0.589572
5 16  0.568398
5 17  0.565770
5 18  0.558470
5 19  0.513294
5 20  0.283253
5 21  0.554554
5 22  0.562930
5 23  0.561023
5 24  0.590327
5 25  0.585677
5 26  0.546319
5 27  0.590789
5 28  0.588915
5 29  0.593340
5 30  0.590255
6 7  0.542138
6 8  0.544248
6 9  0.561123
6 10  0.591077
6 11  0.577873
6 12  0.580030
6 13  0.551331
6 14  0.577334
6 15  0.577047
6 16  0.557880
6 17  0.554759
6 18  0.551200
6 19  0.552805
6 20  0.557719
6 21  0.269371
6 22  0.551397
6 23  0.547699
6 24  0.578797
6 25  0.545711
6 26  0.575670
6 27  0.550428
6 28  0.578056
6 29  0.583305
6 30  0.577866
7 8  0.509019
7 9  0.589070
7 10  0.595444
7 11  0.582424
7 12  0.584393
7 13  0.548123
7 14  0.581897
7 15  0.583400
7 16  0.563290
7 17  0.558198
7 18  0.555639
7 19  0.557172
7 20  0.562089
7 21  0.547057
7 22  0.280227
7 23  0.505999
7 24  0.584334
7 25  0.540504
7 26  0.580011
7 27  0.583400
7 28  0.582642
7 29  0.588080
7 30  0.584184
8 9  0.594882
8 10  0.599110
8 11  0.586116
8 12  0.588063
8 13  0.550598
8 14  0.585575
8 15  0.587010
8 16  0.566772
8 17  0.563080
8 18  0.559291
8 19  0.560844
8 20  0.565757
8 21  0.547742
8 22  0.507100
8 23  0.278957
8 24  0.587811
8 25  0.547452
8 26  0.583689
8 27  0.587534
8 28  0.586351
8 29  0.591709
8 30  0.587475
9 10  0.637839
9 11  0.621073
9 12  0.627069
9 13  0.605731
9 14  0.623114
9 15  0.614200
9 16  0.604541
9 17  0.571330
9 18  0.598063
9 19  0.599850
9 20  0.604765
9 21  0.556118
9 22  0.597216
9 23  0.596833
9 24  0.623090
9 25  0.602022
9 26  0.622566
9 27  0.395310
9 28  0.618329
9 29  0.630626
9 30  0.622997
10 11  0.622327
10 12  0.614364
10 13  0.620131
10 14  0.614127
10 15  0.625992
10 16  0.574849
10 17  0.602428
10 18  0.569417
10 19  0.599752
10 20  0.605459
10 21  0.592529
10 22  0.600931
10 23  0.599106
10 24  0.619124
10 25  0.623536
10 26  0.601751
10 27  0.628712
10 28  0.623407
10 29  0.400864
10 30  0.625868
11 12  0.615478
11 13  0.607099
11 14  0.582117
11 15  0.582588
11 16  0.588036
11 17  0.582886
11 18  0.586495
11 19  0.588341
11 20  0.593280
11 21  0.579177
11 22  0.587885
11 23  0.586143
11 24  0.541627
11 25  0.610317
11 26  0.610757
11 27  0.615209
11 28  0.513452
11 29  0.618768
11 30  0.574796
12 13  0.609087
12 14  0.613471
12 15  0.616494
12 16  0.596026
12 17  0.592103
12 18  0.558873
12 19  0.550744
12 20  0.557175
12 21  0.581587
12 22  0.589911
12 23  0.588023
12 24  0.617281
12 25  0.612685
12 26  0.386081
12 27  0.617450
12 28  0.615289
12 29  0.601477
12 30  0.616551
13 14  0.606434
13 15  0.607279
13 16  0.587807
13 17  0.582202
13 18  0.580345
13 19  0.581850
13 20  0.586777
13 21  0.547933
13 22  0.545302
13 23  0.539986
13 24  0.609074
13 25  0.378345
13 26  0.604714
13 27  0.587039
13 28  0.607500
13 29  0.612522
13 30  0.608202
14 15  0.583466
14 16  0.582893
14 17  0.584097
14 18  0.585789
14 19  0.586958
14 20  0.592453
14 21  0.579057
14 22  0.587195
14 23  0.585427
14 24  0.543539
14 25  0.610020
14 26  0.610071
14 27  0.612729
14 28  0.580401
14 29  0.602006
14 30  0.538209
15 16  0.589447
15 17  0.581907
15 18  0.587332
15 19  0.589324
15 20  0.594222
15 21  0.578681
15 22  0.588769
15 23  0.586474
15 24  0.582793
15 25  0.611669
15 26  0.612216
15 27  0.600919
15 28  0.557868
15 29  0.618001
15 30  0.514689
16 17  0.570975
16 18  0.562715
16 19  0.569125
16 20  0.574037
16 21  0.560334
16 22  0.568886
16 23  0.566982
16 24  0.573682
16 25  0.591638
16 26  0.589552
16 27  0.595797
16 28  0.591411
16 29  0.575767
16 30  0.590703
17 18  0.564051
17 19  0.565566
17 20  0.570502
17 21  0.553578
17 22  0.564510
17 23  0.563060
17 24  0.589691
17 25  0.584941
17 26  0.588386
17 27  0.567882
17 28  0.568220
17 29  0.595531
17 30  0.587899
18 19  0.555386
18 20  0.559355
18 21  0.552851
18 22  0.561220
18 23  0.559314
18 24  0.588245
18 25  0.583975
18 26  0.562594
18 27  0.589063
18 28  0.587047
18 29  0.564262
18 30  0.588110
19 20  0.520353
19 21  0.554376
19 22  0.562740
19 23  0.560832
19 24  0.590095
19 25  0.585499
19 26  0.557823
19 27  0.590580
19 28  0.588549
19 29  0.588712
19 30  0.589794
20 21  0.559289
20 22  0.567654
20 23  0.565745
20 24  0.595230
20 25  0.590412
20 26  0.560704
20 27  0.595503
20 28  0.593622
20 29  0.595500
20 30  0.594921
21 22  0.548910
21 23  0.545651
21 24  0.580554
21 25  0.554242
21 26  0.577229
21 27  0.555645
21 28  0.578473
21 29  0.585240
21 30  0.579900
22 23  0.513949
22 24  0.589983
22 25  0.555098
22 26  0.585595
22 27  0.585031
22 28  0.588445
22 29  0.593633
22 30  0.589643
23 24  0.588055
23 25  0.556270
23 26  0.583687
23 27  0.583787
23 28  0.586492
23 29  0.591728
23 30  0.587722
24 25  0.612665
24 26  0.611983
24 27  0.614306
24 28  0.588171
24 29  0.616543
24 30  0.587464
25 26  0.608352
25 27  0.599938
25 28  0.610848
25 29  0.616393
25 30  0.612193
26 27  0.613436
26 28  0.611142
26 29  0.604326
26 30  0.612307
27 28  0.613002
27 29  0.620768
27 30  0.607366
28 29  0.615282
28 30  0.583216
29 30  0.611771
