  -1146.53648054
  -1146.90002180
0.00000004104737
2 2 2 2 2 2 2 2 2 2 2 2 2 2 2 0 0 0 0 0 0 0 0 0 0 0 0 0 0 0 
1  0.272510
2  0.267278
3  0.273591
4  0.281415
5  0.281861
6  0.271635
7  0.275815
8  0.279487
9  0.318842
10  0.320322
11  0.307369
12  0.309024
13  0.300583
14  0.306861
15  0.308409
16  0.288252
17  0.284652
18  0.280310
19  0.281707
20  0.286591
21  0.273189
22  0.281389
23  0.279467
24  0.309402
25  0.304215
26  0.304630
27  0.309536
28  0.307811
29  0.312899
30  0.309120
1 2  0.538990
1 3  0.541485
1 4  0.553692
1 5  0.554071
1 6  0.544018
1 7  0.548306
1 8  0.551974
1 9  0.590396
1 10  0.568336
1 11  0.567215
1 12  0.580299
1 13  0.573071
1 14  0.571734
1 15  0.574869
1 16  0.280295
1 17  0.556940
1 18  0.547198
1 19  0.554014
1 20  0.558219
1 21  0.545120
1 22  0.553896
1 23  0.551938
1 24  0.555502
1 25  0.576518
1 26  0.576199
1 27  0.581753
1 28  0.578000
1 29  0.562696
1 30  0.580706
2 3  0.540846
2 4  0.548651
2 5  0.549116
2 6  0.536894
2 7  0.542476
2 8  0.546571
2 9  0.562027
2 10  0.586608
2 11  0.561177
2 12  0.576219
2 13  0.565582
2 14  0.568507
2 15  0.569076
2 16  0.555285
2 17  0.273959
2 18  0.547486
2 19  0.548848
2 20  0.553859
2 21  0.539713
2 22  0.546770
2 23  0.546188
2 24  0.573401
2 25  0.568801
2 26  0.571568
2 27  0.554444
2 28  0.550590
2 29  0.579886
2 30  0.575496
3 4  0.551157
3 5  0.549159
3 6  0.545211
3 7  0.549405
3 8  0.553077
3 9  0.592406
3 10  0.569114
3 11  0.580844
3 12  0.560904
3 13  0.574164
3 14  0.578705
3 15  0.581675
3 16  0.557464
3 17  0.558061
3 18  0.273181
3 19  0.554016
3 20  0.555997
3 21  0.546687
3 22  0.554960
3 23  0.553024
3 24  0.582694
3 25  0.577804
3 26  0.553273
3 27  0.582822
3 28  0.581269
3 29  0.551306
3 30  0.582041
4 5  0.516445
4 6  0.553050
4 7  0.557229
4 8  0.560901
4 9  0.600249
4 10  0.596740
4 11  0.588699
4 12  0.560571
4 13  0.581997
4 14  0.588064
4 15  0.589808
4 16  0.569282
4 17  0.565745
4 18  0.560631
4 19  0.283533
4 20  0.513403
4 21  0.554597
4 22  0.562786
4 23  0.560879
4 24  0.590350
4 25  0.585596
4 26  0.550047
4 27  0.590878
4 28  0.588751
4 29  0.592327
4 30  0.590213
5 6  0.553495
5 7  0.557676
5 8  0.561346
5 9  0.600698
5 10  0.598528
5 11  0.589174
5 12  0.562298
5 13  0.582443
5 14  0.588669
5 15  0.590263
5 16  0.569064
5 17  0.566480
5 18  0.558896
5 19  0.513624
5 20  0.283547
5 21  0.555032
5 22  0.563249
5 23  0.561327
5 24  0.591000
5 25  0.586064
5 26  0.546706
5 27  0.591397
5 28  0.589589
5 29  0.593925
5 30  0.590940
6 7  0.542656
6 8  0.544771
6 9  0.561963
6 10  0.591938
6 11  0.578741
6 12  0.580652
6 13  0.551932
6 14  0.578245
6 15  0.577936
6 16  0.558749
6 17  0.555679
6 18  0.551844
6 19  0.553324
6 20  0.558208
6 21  0.270043
6 22  0.551932
6 23  0.548226
6 24  0.579690
6 25  0.546327
6 26  0.576262
6 27  0.551261
6 28  0.578948
6 29  0.584105
6 30  0.578782
7 8  0.509401
7 9  0.589748
7 10  0.596125
7 11  0.583113
7 12  0.584838
7 13  0.548554
7 14  0.582632
7 15  0.584130
7 16  0.564010
7 17  0.558937
7 18  0.556104
7 19  0.557516
7 20  0.562407
7 21  0.547578
7 22  0.280614
7 23  0.506372
7 24  0.585057
7 25  0.540943
7 26  0.580416
7 27  0.584049
7 28  0.583353
7 29  0.588712
7 30  0.584911
8 9  0.595572
8 10  0.599795
8 11  0.586812
8 12  0.588510
8 13  0.551037
8 14  0.586311
8 15  0.587742
8 16  0.567486
8 17  0.563831
8 18  0.559753
8 19  0.561193
8 20  0.566077
8 21  0.548269
8 22  0.507495
8 23  0.279341
8 24  0.588540
8 25  0.547896
8 26  0.584101
8 27  0.588182
8 28  0.587080
8 29  0.592343
8 30  0.588186
9 10  0.638859
9 11  0.622096
9 12  0.627859
9 13  0.606480
9 14  0.624179
9 15  0.615205
9 16  0.605601
9 17  0.572430
9 18  0.598861
9 19  0.600540
9 20  0.605429
9 21  0.556985
9 22  0.597919
9 23  0.597521
9 24  0.624136
9 25  0.602777
9 26  0.623327
9 27  0.396359
9 28  0.619372
9 29  0.631604
9 30  0.624046
10 11  0.623332
10 12  0.615107
10 13  0.620886
10 14  0.615125
10 15  0.627036
10 16  0.575914
10 17  0.603506
10 18  0.570217
10 19  0.600429
10 20  0.606102
10 21  0.593383
10 22  0.601623
10 23  0.599785
10 24  0.620151
10 25  0.624273
10 26  0.602485
10 27  0.629693
10 28  0.624434
10 29  0.401880
10 30  0.626906
11 12  0.616265
11 13  0.607862
11 14  0.583209
11 15  0.583673
11 16  0.589067
11 17  0.583928
11 18  0.587310
11 19  0.589029
11 20  0.593937
11 21  0.580037
11 22  0.588586
11 23  0.586832
11 24  0.542643
11 25  0.611101
11 26  0.611510
11 27  0.616193
11 28  0.514427
11 29  0.619734
11 30  0.575891
12 13  0.609603
12 14  0.614283
12 15  0.617316
12 16  0.596838
12 17  0.592928
12 18  0.559444
12 19  0.551190
12 20  0.557597
12 21  0.582202
12 22  0.590356
12 23  0.588461
12 24  0.618094
12 25  0.613210
12 26  0.386645
12 27  0.618189
12 28  0.616093
12 29  0.602189
12 30  0.617375
13 14  0.607239
13 15  0.608065
13 16  0.588607
13 17  0.583026
13 18  0.580881
13 19  0.582258
13 20  0.587162
13 21  0.548539
13 22  0.545743
13 23  0.540414
13 24  0.609866
13 25  0.378906
13 26  0.605198
13 27  0.587750
13 28  0.608289
13 29  0.613211
13 30  0.608993
14 15  0.584521
14 16  0.583994
14 17  0.585220
14 18  0.586636
14 19  0.587689
14 20  0.593157
14 21  0.579966
14 22  0.587941
14 23  0.586145
14 24  0.544666
14 25  0.610832
14 26  0.610875
14 27  0.613751
14 28  0.581481
14 29  0.602999
14 30  0.539217
15 16  0.590536
15 17  0.583031
15 18  0.588170
15 19  0.590049
15 20  0.594921
15 21  0.579595
15 22  0.589512
15 23  0.587199
15 24  0.583854
15 25  0.612473
15 26  0.613010
15 27  0.601920
15 28  0.558983
15 29  0.618999
15 30  0.515716
16 17  0.572088
16 18  0.563535
16 19  0.569842
16 20  0.574724
16 21  0.561221
16 22  0.569614
16 23  0.567697
16 24  0.574681
16 25  0.592436
16 26  0.590317
16 27  0.596804
16 28  0.592472
16 29  0.576753
16 30  0.591782
17 18  0.564913
17 19  0.566301
17 20  0.571211
17 21  0.554482
17 22  0.565255
17 23  0.563800
17 24  0.590783
17 25  0.585750
17 26  0.589197
17 27  0.568905
17 28  0.569228
17 29  0.596544
17 30  0.589007
18 19  0.555842
18 20  0.559782
18 21  0.553491
18 22  0.561697
18 23  0.559776
18 24  0.589077
18 25  0.584519
18 26  0.563124
18 27  0.589828
18 28  0.587878
18 29  0.565001
18 30  0.588940
19 20  0.520687
19 21  0.554896
19 22  0.563094
19 23  0.561172
19 24  0.590813
19 25  0.585921
19 26  0.558234
19 27  0.591221
19 28  0.589255
19 29  0.589319
19 30  0.590505
20 21  0.559780
20 22  0.567980
20 23  0.566057
20 24  0.595915
20 25  0.590805
20 26  0.561096
20 27  0.596116
20 28  0.594300
20 29  0.596083
20 30  0.595612
21 22  0.549439
21 23  0.546163
21 24  0.581427
21 25  0.554842
21 26  0.577815
21 27  0.556453
21 28  0.579347
21 29  0.586043
21 30  0.580787
22 23  0.514333
22 24  0.590710
22 25  0.555536
22 26  0.586018
22 27  0.585671
22 28  0.589171
22 29  0.594270
22 30  0.590376
23 24  0.588770
23 25  0.556710
23 26  0.584096
23 27  0.584415
23 28  0.587200
23 29  0.592353
23 30  0.588443
24 25  0.613460
24 26  0.612750
24 27  0.615298
24 28  0.589214
24 29  0.617526
24 30  0.588564
25 26  0.608843
25 27  0.600642
25 28  0.611639
25 29  0.617101
25 30  0.612984
26 27  0.614147
26 28  0.611915
26 29  0.605001
26 30  0.613086
27 28  0.614000
27 29  0.621677
27 30  0.608318
28 29  0.616249
28 30  0.584329
29 30  0.612700
