  -1146.53206566
  -1146.89412050
0.00007102685660
2 2 2 2 2 2 2 2 2 2 2 2 2 2 2 0 0 0 0 0 0 0 0 0 0 0 0 0 0 0 
1  0.264737
2  0.275850
3  0.285360
4  0.266809
5  0.266879
6  0.264072
7  0.279161
8  0.276468
9  0.299671
10  0.309465
11  0.300564
12  0.299988
13  0.307113
14  0.306204
15  0.294772
16  0.270918
17  0.279483
18  0.287971
19  0.271847
20  0.272712
21  0.268792
22  0.281458
23  0.279513
24  0.306765
25  0.294581
26  0.303605
27  0.301422
28  0.312382
29  0.307134
30  0.300327
1 2  0.539838
1 3  0.548899
1 4  0.527500
1 5  0.531451
1 6  0.528728
1 7  0.543896
1 8  0.541201
1 9  0.564382
1 10  0.553080
1 11  0.561671
1 12  0.564504
1 13  0.567813
1 14  0.553462
1 15  0.558265
1 16  0.251219
1 17  0.544089
1 18  0.551380
1 19  0.531470
1 20  0.537340
1 21  0.533519
1 22  0.546178
1 23  0.544169
1 24  0.557490
1 25  0.558616
1 26  0.564067
1 27  0.565405
1 28  0.552341
1 29  0.565298
1 30  0.564861
2 3  0.517448
2 4  0.542650
2 5  0.542718
2 6  0.539921
2 7  0.555011
2 8  0.552318
2 9  0.575521
2 10  0.584526
2 11  0.569618
2 12  0.575834
2 13  0.567982
2 14  0.572985
2 15  0.570560
2 16  0.546646
2 17  0.267469
2 18  0.515332
2 19  0.547589
2 20  0.548460
2 21  0.544620
2 22  0.557308
2 23  0.555363
2 24  0.580761
2 25  0.570118
2 26  0.576152
2 27  0.577265
2 28  0.587796
2 29  0.558288
2 30  0.576172
3 4  0.552148
3 5  0.552235
3 6  0.549432
3 7  0.564521
3 8  0.561828
3 9  0.585030
3 10  0.594427
3 11  0.581729
3 12  0.585345
3 13  0.569620
3 14  0.584066
3 15  0.580125
3 16  0.554911
3 17  0.515213
3 18  0.275460
3 19  0.557006
3 20  0.558063
3 21  0.554147
3 22  0.566818
3 23  0.564872
3 24  0.589390
3 25  0.579822
3 26  0.586724
3 27  0.586776
3 28  0.597579
3 29  0.561096
3 30  0.585681
4 5  0.530910
4 6  0.530787
4 7  0.545931
4 8  0.543197
4 9  0.566284
4 10  0.548516
4 11  0.566378
4 12  0.563313
4 13  0.573649
4 14  0.572833
4 15  0.537478
4 16  0.532783
4 17  0.546131
4 18  0.554459
4 19  0.266794
4 20  0.538696
4 21  0.535252
4 22  0.548237
4 23  0.545997
4 24  0.573137
4 25  0.530777
4 26  0.570245
4 27  0.566475
4 28  0.545230
4 29  0.573772
4 30  0.566173
5 6  0.526286
5 7  0.545843
5 8  0.543244
5 9  0.564978
5 10  0.572398
5 11  0.567256
5 12  0.541454
5 13  0.573982
5 14  0.573058
5 15  0.538693
5 16  0.537609
5 17  0.546269
5 18  0.554841
5 19  0.537923
5 20  0.262692
5 21  0.531207
5 22  0.547592
5 23  0.546064
5 24  0.573634
5 25  0.532023
5 26  0.569498
5 27  0.536337
5 28  0.577088
5 29  0.573773
5 30  0.566750
6 7  0.537416
6 8  0.536652
6 9  0.543751
6 10  0.573344
6 11  0.564619
6 12  0.541474
6 13  0.571181
6 14  0.570269
6 15  0.557344
6 16  0.534942
6 17  0.543529
6 18  0.552033
6 19  0.535679
6 20  0.531962
6 21  0.252997
6 22  0.541990
6 23  0.542663
6 24  0.570829
6 25  0.558148
6 26  0.567489
6 27  0.535551
6 28  0.575602
6 29  0.571186
6 30  0.537519
7 8  0.508203
7 9  0.548233
7 10  0.588609
7 11  0.579725
7 12  0.576852
7 13  0.586274
7 14  0.585366
7 15  0.573881
7 16  0.550068
7 17  0.558644
7 18  0.567133
7 19  0.550984
7 20  0.551080
7 21  0.544163
7 22  0.276579
7 23  0.505289
7 24  0.585925
7 25  0.573403
7 26  0.582755
7 27  0.579888
7 28  0.591522
7 29  0.586291
7 30  0.540186
8 9  0.546732
8 10  0.585911
8 11  0.577032
8 12  0.572578
8 13  0.583581
8 14  0.582672
8 15  0.570995
8 16  0.547302
8 17  0.555951
8 18  0.564438
8 19  0.548006
8 20  0.548860
8 21  0.544229
8 22  0.505327
8 23  0.275110
8 24  0.583225
8 25  0.570180
8 26  0.580069
8 27  0.576453
8 28  0.588817
8 29  0.583598
8 30  0.537723
9 10  0.609115
9 11  0.600230
9 12  0.588142
9 13  0.606782
9 14  0.605873
9 15  0.592728
9 16  0.570297
9 17  0.579138
9 18  0.587628
9 19  0.570535
9 20  0.571807
9 21  0.542084
9 22  0.540396
9 23  0.540674
9 24  0.606407
9 25  0.593586
9 26  0.603254
9 27  0.581426
9 28  0.611454
9 29  0.606804
9 30  0.369364
10 11  0.598861
10 12  0.607784
10 13  0.615524
10 14  0.612670
10 15  0.588061
10 16  0.554776
10 17  0.588522
10 18  0.597321
10 19  0.547066
10 20  0.579525
10 21  0.577297
10 22  0.590900
10 23  0.588962
10 24  0.613774
10 25  0.579976
10 26  0.601554
10 27  0.610610
10 28  0.379191
10 29  0.612461
10 30  0.609406
11 12  0.600536
11 13  0.581400
11 14  0.569575
11 15  0.593957
11 16  0.566180
11 17  0.576705
11 18  0.586025
11 19  0.572242
11 20  0.572268
11 21  0.569167
11 22  0.582009
11 23  0.580064
11 24  0.564989
11 25  0.593958
11 26  0.371532
11 27  0.601690
11 28  0.600460
11 29  0.575213
11 30  0.600890
12 13  0.607099
12 14  0.606177
12 15  0.581606
12 16  0.570011
12 17  0.579470
12 18  0.587943
12 19  0.569522
12 20  0.540731
12 21  0.537913
12 22  0.580806
12 23  0.577802
12 24  0.606686
12 25  0.573853
12 26  0.603409
12 27  0.364633
12 28  0.612088
12 29  0.607014
12 30  0.581285
13 14  0.586887
13 15  0.601647
13 16  0.571770
13 17  0.563517
13 18  0.562697
13 19  0.578740
13 20  0.579623
13 21  0.575881
13 22  0.588566
13 23  0.586617
13 24  0.582919
13 25  0.601585
13 26  0.576072
13 27  0.608393
13 28  0.615215
13 29  0.403174
13 30  0.607436
14 15  0.600872
14 16  0.563800
14 17  0.583510
14 18  0.591442
14 19  0.577559
14 20  0.578911
14 21  0.574996
14 22  0.587661
14 23  0.585709
14 24  0.367926
14 25  0.600564
14 26  0.568201
14 27  0.607566
14 28  0.615892
14 29  0.580514
14 30  0.606510
15 16  0.564894
15 17  0.573878
15 18  0.582553
15 19  0.535809
15 20  0.537938
15 21  0.563007
15 22  0.575903
15 23  0.573377
15 24  0.601309
15 25  0.365354
15 26  0.597210
15 27  0.574832
15 28  0.582493
15 29  0.601777
15 30  0.594372
16 17  0.549429
16 18  0.557406
16 19  0.538236
16 20  0.543440
16 21  0.539629
16 22  0.552375
16 23  0.550429
16 24  0.558048
16 25  0.563659
16 26  0.570872
16 27  0.572114
16 28  0.560528
16 29  0.573913
16 30  0.571232
17 18  0.522463
17 19  0.551318
17 20  0.552174
17 21  0.548274
17 22  0.560940
17 23  0.558995
17 24  0.576313
17 25  0.573997
17 26  0.575644
17 27  0.580897
17 28  0.590954
17 29  0.570031
17 30  0.579809
18 19  0.559796
18 20  0.560675
18 21  0.556763
18 22  0.569429
18 23  0.567484
18 24  0.586847
18 25  0.582540
18 26  0.586136
18 27  0.589388
18 28  0.599810
18 29  0.572541
18 30  0.588297
19 20  0.540518
19 21  0.540495
19 22  0.553248
19 23  0.551248
19 24  0.578434
19 25  0.541491
19 26  0.573956
19 27  0.569258
19 28  0.555745
19 29  0.578696
19 30  0.571868
20 21  0.536335
20 22  0.554051
20 23  0.552090
20 24  0.579446
20 25  0.543217
20 26  0.576008
20 27  0.547609
20 28  0.580562
20 29  0.579818
20 30  0.570992
21 22  0.543990
21 23  0.543320
21 24  0.575552
21 25  0.561202
21 26  0.572388
21 27  0.546929
21 28  0.580996
21 29  0.575924
21 30  0.547973
22 23  0.512719
22 24  0.588223
22 25  0.575956
22 26  0.585062
22 27  0.579799
22 28  0.593814
22 29  0.588592
22 30  0.551549
23 24  0.586278
23 25  0.573787
23 26  0.583118
23 27  0.576558
23 28  0.591853
23 29  0.586647
23 30  0.549964
24 25  0.601210
24 26  0.570689
24 27  0.608173
24 28  0.616433
24 29  0.588504
24 30  0.607091
25 26  0.596453
25 27  0.583620
25 28  0.591456
25 29  0.601428
25 30  0.592901
26 27  0.604986
26 28  0.604048
26 29  0.585975
26 30  0.603931
27 28  0.611461
27 29  0.608553
27 30  0.590383
28 29  0.618227
28 30  0.612660
29 30  0.607459
