  -1146.53206566
  -1146.89573012
0.00002249630770
2 2 2 2 2 2 2 2 2 2 2 2 2 2 2 0 0 0 0 0 0 0 0 0 0 0 0 0 0 0 
1  0.269083
2  0.278538
3  0.287877
4  0.270589
5  0.270564
6  0.266991
7  0.280813
8  0.278278
9  0.302358
10  0.314769
11  0.305491
12  0.304285
13  0.311025
14  0.310479
15  0.299730
16  0.275578
17  0.282163
18  0.290482
19  0.275720
20  0.276572
21  0.271744
22  0.283136
23  0.281378
24  0.310848
25  0.299291
26  0.308727
27  0.305596
28  0.317715
29  0.310841
30  0.303009
1 2  0.546731
1 3  0.555569
1 4  0.535342
1 5  0.539455
1 6  0.535976
1 7  0.549894
1 8  0.547355
1 9  0.571410
1 10  0.562407
1 11  0.570894
1 12  0.573113
1 13  0.575828
1 14  0.561144
1 15  0.567481
1 16  0.259274
1 17  0.551094
1 18  0.558155
1 19  0.539608
1 20  0.545529
1 21  0.540812
1 22  0.552174
1 23  0.550311
1 24  0.565551
1 25  0.567648
1 26  0.573539
1 27  0.573904
1 28  0.562034
1 29  0.573338
1 30  0.571881
2 3  0.522873
2 4  0.549112
2 5  0.549082
2 6  0.545528
2 7  0.559350
2 8  0.556816
2 9  0.580896
2 10  0.592410
2 11  0.576796
2 12  0.582817
2 13  0.574412
2 14  0.579361
2 15  0.578193
2 16  0.553967
2 17  0.272498
2 18  0.520841
2 19  0.554110
2 20  0.554954
2 21  0.550255
2 22  0.561674
2 23  0.559916
2 24  0.587376
2 25  0.577457
2 26  0.583785
2 27  0.584127
2 28  0.595798
2 29  0.564707
2 30  0.581538
3 4  0.558437
3 5  0.558433
3 6  0.554868
3 7  0.568690
3 8  0.566155
3 9  0.590235
3 10  0.602159
3 11  0.588932
3 12  0.592158
3 13  0.575650
3 14  0.590503
3 15  0.587598
3 16  0.561944
3 17  0.520738
3 18  0.280280
3 19  0.563345
3 20  0.564433
3 21  0.559617
3 22  0.571013
3 23  0.569252
3 24  0.595891
3 25  0.587016
3 26  0.594259
3 27  0.593464
3 28  0.605423
3 29  0.567286
3 30  0.590877
4 5  0.538186
4 6  0.537469
4 7  0.551345
4 8  0.548748
4 9  0.572714
4 10  0.557610
4 11  0.574908
4 12  0.571057
4 13  0.581314
4 14  0.580866
4 15  0.545951
4 16  0.541174
4 17  0.552548
4 18  0.560701
4 19  0.273842
4 20  0.546257
4 21  0.541942
4 22  0.553695
4 23  0.551620
4 24  0.580965
4 25  0.539285
4 26  0.579099
4 27  0.574362
4 28  0.554476
4 29  0.581239
4 30  0.572600
5 6  0.532559
5 7  0.551159
5 8  0.548716
5 9  0.571202
5 10  0.580996
5 11  0.575818
5 12  0.549302
5 13  0.581573
5 14  0.581010
5 15  0.547084
5 16  0.545916
5 17  0.552599
5 18  0.561030
5 19  0.545418
5 20  0.269637
5 21  0.537773
5 22  0.552870
5 23  0.551577
5 24  0.581403
5 25  0.540368
5 26  0.578234
5 27  0.544243
5 28  0.586043
5 29  0.581127
5 30  0.573069
6 7  0.541728
6 8  0.541204
6 9  0.549196
6 10  0.581532
6 11  0.572458
6 12  0.548488
6 13  0.578010
6 14  0.577460
6 15  0.565085
6 16  0.542527
6 17  0.549103
6 18  0.557450
6 19  0.542448
6 20  0.538654
6 21  0.258353
6 22  0.546526
6 23  0.547377
6 24  0.577825
6 25  0.565734
6 26  0.575480
6 27  0.542650
6 28  0.583748
6 29  0.577803
6 30  0.543089
7 8  0.511875
7 9  0.552490
7 10  0.595560
7 11  0.586302
7 12  0.582631
7 13  0.591837
7 14  0.591291
7 15  0.580475
7 16  0.556384
7 17  0.562975
7 18  0.571295
7 19  0.556499
7 20  0.556497
7 21  0.548648
7 22  0.279796
7 23  0.509027
7 24  0.591660
7 25  0.579736
7 26  0.589517
7 27  0.585664
7 28  0.598502
7 29  0.591647
7 30  0.544505
8 9  0.551056
8 10  0.593011
8 11  0.583768
8 12  0.578409
8 13  0.589302
8 14  0.588756
8 15  0.577722
8 16  0.553762
8 17  0.560441
8 18  0.568757
8 19  0.553592
8 20  0.554496
8 21  0.548920
8 22  0.509041
8 23  0.278652
8 24  0.589115
8 25  0.576652
8 26  0.586994
8 27  0.582378
8 28  0.595954
8 29  0.589111
8 30  0.542178
9 10  0.617102
9 11  0.607840
9 12  0.594763
9 13  0.613380
9 14  0.612833
9 15  0.600162
9 16  0.577634
9 17  0.584492
9 18  0.592815
9 19  0.577045
9 20  0.578310
9 21  0.547703
9 22  0.544704
9 23  0.545144
9 24  0.613158
9 25  0.600976
9 26  0.611060
9 27  0.588104
9 28  0.619454
9 29  0.613198
9 30  0.374635
10 11  0.608469
10 12  0.617173
10 13  0.624629
10 14  0.622149
10 15  0.597848
10 16  0.564732
10 17  0.596489
10 18  0.605120
10 19  0.556359
10 20  0.588612
10 21  0.585509
10 22  0.597885
10 23  0.596130
10 24  0.623123
10 25  0.589744
10 26  0.611800
10 27  0.620039
10 28  0.389326
10 29  0.621385
10 30  0.617343
11 12  0.609755
11 13  0.589626
11 14  0.578740
11 15  0.603615
11 16  0.575778
11 17  0.584220
11 18  0.593368
11 19  0.580990
11 20  0.580959
11 21  0.577037
11 22  0.588609
11 23  0.586847
11 24  0.573828
11 25  0.603576
11 26  0.380891
11 27  0.610780
11 28  0.610561
11 29  0.583467
11 30  0.608495
12 13  0.615308
12 14  0.614742
12 15  0.590455
12 16  0.578907
12 17  0.586448
12 18  0.594744
12 19  0.577652
12 20  0.548887
12 21  0.545142
12 22  0.586729
12 23  0.583931
12 24  0.615038
12 25  0.582602
12 26  0.612795
12 27  0.372642
12 28  0.621671
12 29  0.614992
12 30  0.588061
13 14  0.594912
13 15  0.610468
13 16  0.580278
13 17  0.570072
13 18  0.569018
13 19  0.586521
13 20  0.587343
13 21  0.582735
13 22  0.594149
13 23  0.592382
13 24  0.590797
13 25  0.610202
13 26  0.584633
13 27  0.616455
13 28  0.624314
13 29  0.410524
13 30  0.614030
14 15  0.610083
14 16  0.572231
14 17  0.590291
14 18  0.598147
14 19  0.585696
14 20  0.587041
14 21  0.582221
14 22  0.593606
14 23  0.591831
14 24  0.375597
14 25  0.609500
14 26  0.577533
14 27  0.615994
14 28  0.625452
14 29  0.588341
14 30  0.613453
15 16  0.574461
15 17  0.581452
15 18  0.589984
15 19  0.544586
15 20  0.546700
15 21  0.570860
15 22  0.582509
15 23  0.580174
15 24  0.610329
15 25  0.374633
15 26  0.607248
15 27  0.583721
15 28  0.592537
15 29  0.610434
15 30  0.601990
16 17  0.556637
16 18  0.564411
16 19  0.546513
16 20  0.551931
16 21  0.547209
16 22  0.558704
16 23  0.556944
16 24  0.565761
16 25  0.572910
16 26  0.580588
16 27  0.580925
16 28  0.570240
16 29  0.581975
16 30  0.578574
17 18  0.527900
17 19  0.557865
17 20  0.558701
17 21  0.553905
17 22  0.565298
17 23  0.563540
17 24  0.582559
17 25  0.581374
17 26  0.583036
17 27  0.587747
17 28  0.598825
17 29  0.576325
17 30  0.585172
18 19  0.566175
18 20  0.567038
18 21  0.562224
18 22  0.573617
18 23  0.571858
18 24  0.593158
18 25  0.589761
18 26  0.593387
18 27  0.596071
18 28  0.607565
18 29  0.578481
18 30  0.593490
19 20  0.548079
19 21  0.547296
19 22  0.558774
19 23  0.556937
19 24  0.586382
19 25  0.549893
19 26  0.582727
19 27  0.577020
19 28  0.564960
19 29  0.586223
19 30  0.578378
20 21  0.542846
20 22  0.559574
20 23  0.557793
20 24  0.587378
20 25  0.551515
20 26  0.584928
20 27  0.555535
20 28  0.589405
20 29  0.587378
20 30  0.577345
21 22  0.548391
21 23  0.547916
21 24  0.582583
21 25  0.568681
21 26  0.580457
21 27  0.553900
21 28  0.589253
21 29  0.582582
21 30  0.553363
22 23  0.516471
22 24  0.593984
22 25  0.582331
22 26  0.591861
22 27  0.585405
22 28  0.600819
22 29  0.593976
22 30  0.555907
23 24  0.592225
23 25  0.580328
23 26  0.590104
23 27  0.582314
23 28  0.599029
23 29  0.592218
23 30  0.554393
24 25  0.609975
24 26  0.579893
24 27  0.616424
24 28  0.625745
24 29  0.596159
24 30  0.613856
25 26  0.606065
25 27  0.592158
25 28  0.601151
25 29  0.609789
25 30  0.600052
26 27  0.614269
26 28  0.613765
26 29  0.594262
26 30  0.611732
27 28  0.620738
27 29  0.616433
27 30  0.596863
28 29  0.627111
28 30  0.620667
29 30  0.613848
