  -1146.53206566
  -1146.89615861
0.00000534059185
2 2 2 2 2 2 2 2 2 2 2 2 2 2 2 0 0 0 0 0 0 0 0 0 0 0 0 0 0 0 
1  0.270373
2  0.279267
3  0.288565
4  0.271772
5  0.271645
6  0.267763
7  0.281184
8  0.278715
9  0.303046
10  0.316346
11  0.306794
12  0.305384
13  0.312018
14  0.311513
15  0.301122
16  0.276947
17  0.282940
18  0.291217
19  0.276935
20  0.277681
21  0.272530
22  0.283539
23  0.281851
24  0.311860
25  0.300623
26  0.310037
27  0.306638
28  0.319232
29  0.311819
30  0.303659
1 2  0.548716
1 3  0.557492
1 4  0.537755
1 5  0.541824
1 6  0.538020
1 7  0.551553
1 8  0.549080
1 9  0.573387
1 10  0.565196
1 11  0.573479
1 12  0.575481
1 13  0.578056
1 14  0.563181
1 15  0.570123
1 16  0.261799
1 17  0.553159
1 18  0.560137
1 19  0.542125
1 20  0.547926
1 21  0.542881
1 22  0.553861
1 23  0.552044
1 24  0.567754
1 25  0.570253
1 26  0.576133
1 27  0.576190
1 28  0.564847
1 29  0.575600
1 30  0.573817
2 3  0.524369
2 4  0.551019
2 5  0.550882
2 6  0.547028
2 7  0.560450
2 8  0.557981
2 9  0.582312
2 10  0.594661
2 11  0.578732
2 12  0.584641
2 13  0.576110
2 14  0.581003
2 15  0.580312
2 16  0.556055
2 17  0.273993
2 18  0.522407
2 19  0.556044
2 20  0.556765
2 21  0.551756
2 22  0.562806
2 23  0.561118
2 24  0.589085
2 25  0.579477
2 26  0.585815
2 27  0.585895
2 28  0.598020
2 29  0.566435
2 30  0.582911
3 4  0.560303
3 5  0.560196
3 6  0.556327
3 7  0.569748
3 8  0.567279
3 9  0.591610
3 10  0.604389
3 11  0.590836
3 12  0.593943
3 13  0.577258
3 14  0.592200
3 15  0.589677
3 16  0.563960
3 17  0.522317
3 18  0.281742
3 19  0.565179
3 20  0.566227
3 21  0.561087
3 22  0.572103
3 23  0.570410
3 24  0.597581
3 25  0.589026
3 26  0.596230
3 27  0.595194
3 28  0.607608
3 29  0.568962
3 30  0.592210
4 5  0.540375
4 6  0.539422
4 7  0.552889
4 8  0.550348
4 9  0.574576
4 10  0.560359
4 11  0.577337
4 12  0.573262
4 13  0.583468
4 14  0.583077
4 15  0.548456
4 16  0.543730
4 17  0.554489
4 18  0.562550
4 19  0.276132
4 20  0.548517
4 21  0.543909
4 22  0.555284
4 23  0.553270
4 24  0.583165
4 25  0.541781
4 26  0.581571
4 27  0.576588
4 28  0.557205
4 29  0.583380
4 30  0.574404
5 6  0.534362
5 7  0.552603
5 8  0.550231
5 9  0.572915
5 10  0.583551
5 11  0.578185
5 12  0.551450
5 13  0.583645
5 14  0.583122
5 15  0.549487
5 16  0.548362
5 17  0.554434
5 18  0.562849
5 19  0.547679
5 20  0.271740
5 21  0.539648
5 22  0.554297
5 23  0.553129
5 24  0.583496
5 25  0.542760
5 26  0.580597
5 27  0.546381
5 28  0.588642
5 29  0.583171
5 30  0.574783
6 7  0.542848
6 8  0.542377
6 9  0.550635
6 10  0.583865
6 11  0.574533
6 12  0.550325
6 13  0.579776
6 14  0.579263
6 15  0.567196
6 16  0.544666
6 17  0.550625
6 18  0.558946
6 19  0.544438
6 20  0.540546
6 21  0.259877
6 22  0.547709
6 23  0.548603
6 24  0.579605
6 25  0.567820
6 26  0.577549
6 27  0.544447
6 28  0.585985
6 29  0.579551
6 30  0.544512
7 8  0.512745
7 9  0.553562
7 10  0.597507
7 11  0.587976
7 12  0.584055
7 13  0.593202
7 14  0.592696
7 15  0.582234
7 16  0.558123
7 17  0.564120
7 18  0.572401
7 19  0.558086
7 20  0.557916
7 21  0.549805
7 22  0.280624
7 23  0.509938
7 24  0.593043
7 25  0.581440
7 26  0.591188
7 27  0.587065
7 28  0.600392
7 29  0.592994
7 30  0.545548
8 9  0.552164
8 10  0.595016
8 11  0.585507
8 12  0.579896
8 13  0.590733
8 14  0.590228
8 15  0.579542
8 16  0.555545
8 17  0.561655
8 18  0.569928
8 19  0.555229
8 20  0.556043
8 21  0.550130
8 22  0.509941
8 23  0.279596
8 24  0.590562
8 25  0.578406
8 26  0.588736
8 27  0.583854
8 28  0.597903
8 29  0.590523
8 30  0.543273
9 10  0.619364
9 11  0.609828
9 12  0.596471
9 13  0.615062
9 14  0.614555
9 15  0.602191
9 16  0.579680
9 17  0.585940
9 18  0.594226
9 19  0.578916
9 20  0.580085
9 21  0.549166
9 22  0.545804
9 23  0.546307
9 24  0.614849
9 25  0.603003
9 26  0.613053
9 27  0.589798
9 28  0.621658
9 29  0.614864
9 30  0.376087
10 11  0.611156
10 12  0.619774
10 13  0.627161
10 14  0.624740
10 15  0.600694
10 16  0.567676
10 17  0.598822
10 18  0.607420
10 19  0.559154
10 20  0.591302
10 21  0.587817
10 22  0.599868
10 23  0.598179
10 24  0.625691
10 25  0.592587
10 26  0.614624
10 27  0.622639
10 28  0.392520
10 29  0.623904
10 30  0.619567
11 12  0.612155
11 13  0.591753
11 14  0.581105
11 15  0.606248
11 16  0.578446
11 17  0.586298
11 18  0.595364
11 19  0.583487
11 20  0.583346
11 21  0.579123
11 22  0.590310
11 23  0.588618
11 24  0.576159
11 25  0.606224
11 26  0.383426
11 27  0.613126
11 28  0.613340
11 29  0.585616
11 30  0.610447
12 13  0.617400
12 14  0.616873
12 15  0.592849
12 16  0.581315
12 17  0.588324
12 18  0.596579
12 19  0.579973
12 20  0.551075
12 21  0.547021
12 22  0.588210
12 23  0.585502
12 24  0.617133
12 25  0.584970
12 26  0.615207
12 27  0.374904
12 28  0.624266
12 29  0.617064
12 30  0.589768
13 14  0.596931
13 15  0.612833
13 16  0.582633
13 17  0.571844
13 18  0.570728
13 19  0.588711
13 20  0.589436
13 21  0.584507
13 22  0.595542
13 23  0.593843
13 24  0.592774
13 25  0.612527
13 26  0.586807
13 27  0.618478
13 28  0.626797
13 29  0.412605
13 30  0.615675
14 15  0.612500
14 16  0.574503
14 17  0.592059
14 18  0.599914
14 19  0.587960
14 20  0.589184
14 21  0.584042
14 22  0.595043
14 23  0.593334
14 24  0.377532
14 25  0.611850
14 26  0.579915
14 27  0.618061
14 28  0.627974
14 29  0.590317
14 30  0.615130
15 16  0.577204
15 17  0.583561
15 18  0.592096
15 19  0.547169
15 20  0.549184
15 21  0.573017
15 22  0.584297
15 23  0.582023
15 24  0.612728
15 25  0.377483
15 26  0.609960
15 27  0.586102
15 28  0.595369
15 29  0.612808
15 30  0.604039
16 17  0.558741
16 18  0.566445
16 19  0.549046
16 20  0.554404
16 21  0.549347
16 22  0.560471
16 23  0.558782
16 24  0.567818
16 25  0.575558
16 26  0.583257
16 27  0.583321
16 28  0.573066
16 29  0.584267
16 30  0.580593
17 18  0.529496
17 19  0.559851
17 20  0.560575
17 21  0.555468
17 22  0.566478
17 23  0.564790
17 24  0.584243
17 25  0.583478
17 26  0.585034
17 27  0.589561
17 28  0.601045
17 29  0.578060
17 30  0.586599
18 19  0.568122
18 20  0.568876
18 21  0.563745
18 22  0.574756
18 23  0.573067
18 24  0.594872
18 25  0.591827
18 26  0.595339
18 27  0.597846
18 28  0.609782
18 29  0.580137
18 30  0.594876
19 20  0.550323
19 21  0.549294
19 22  0.560380
19 23  0.558606
19 24  0.588606
19 25  0.552378
19 26  0.585171
19 27  0.579203
19 28  0.567690
19 29  0.588394
19 30  0.580232
20 21  0.544691
20 22  0.561081
20 23  0.559369
20 24  0.589495
20 25  0.553872
20 26  0.587323
20 27  0.557662
20 28  0.591940
20 29  0.589462
20 30  0.579036
21 22  0.549562
21 23  0.549132
21 24  0.584381
21 25  0.570726
21 26  0.582553
21 27  0.555697
21 28  0.591541
21 29  0.584347
21 30  0.554772
22 23  0.517404
22 24  0.595398
22 25  0.584060
22 26  0.593575
22 27  0.586793
22 28  0.602736
22 29  0.595358
22 30  0.556983
23 24  0.593710
23 25  0.582125
23 26  0.591886
23 27  0.583777
23 28  0.601005
23 29  0.593670
23 30  0.555504
24 25  0.612304
24 26  0.582253
24 27  0.618477
24 28  0.628257
24 29  0.598134
24 30  0.615518
25 26  0.608649
25 27  0.594447
25 28  0.603898
25 29  0.612075
25 30  0.601982
26 27  0.616617
26 28  0.616402
26 29  0.596395
26 30  0.613691
27 28  0.623216
27 29  0.618453
27 30  0.598480
28 29  0.629561
28 30  0.622827
29 30  0.615477
