  -1146.52529667
  -1146.89702154
0.00009194943800
2 2 2 2 2 2 2 2 2 2 2 2 2 2 2 0 0 0 0 0 0 0 0 0 0 0 0 0 0 0 
1  0.278585
2  0.289363
3  0.298407
4  0.276321
5  0.276898
6  0.287710
7  0.339190
8  0.329876
9  0.312432
10  0.320021
11  0.307574
12  0.310411
13  0.323744
14  0.314286
15  0.320881
16  0.291481
17  0.303441
18  0.294334
19  0.282573
20  0.280424
21  0.292836
22  0.313895
23  0.310364
24  0.330144
25  0.338004
26  0.326926
27  0.313761
28  0.321442
29  0.307762
30  0.325442
1 2  0.567735
1 3  0.576678
1 4  0.550823
1 5  0.555466
1 6  0.566269
1 7  0.591724
1 8  0.606578
1 9  0.590846
1 10  0.577271
1 11  0.585276
1 12  0.588819
1 13  0.600567
1 14  0.590363
1 15  0.596190
1 16  0.276726
1 17  0.582009
1 18  0.572798
1 19  0.554942
1 20  0.558921
1 21  0.571088
1 22  0.587364
1 23  0.588443
1 24  0.608447
1 25  0.592596
1 26  0.583124
1 27  0.591946
1 28  0.597938
1 29  0.586026
1 30  0.603802
2 3  0.543131
2 4  0.565682
2 5  0.566261
2 6  0.577073
2 7  0.628330
2 8  0.596805
2 9  0.601795
2 10  0.607366
2 11  0.596931
2 12  0.599774
2 13  0.607623
2 14  0.599696
2 15  0.608306
2 16  0.580721
2 17  0.291801
2 18  0.543528
2 19  0.571921
2 20  0.569785
2 21  0.582199
2 22  0.597716
2 23  0.599716
2 24  0.616516
2 25  0.627338
2 26  0.615867
2 27  0.603124
2 28  0.610609
2 29  0.597067
2 30  0.590234
3 4  0.574726
3 5  0.575305
3 6  0.586117
3 7  0.637466
3 8  0.620317
3 9  0.610839
3 10  0.616406
3 11  0.605980
3 12  0.608818
3 13  0.596135
3 14  0.610549
3 15  0.618096
3 16  0.589158
3 17  0.552613
3 18  0.292917
3 19  0.580917
3 20  0.578832
3 21  0.591242
3 22  0.605915
3 23  0.608760
3 24  0.615551
3 25  0.636343
3 26  0.623817
3 27  0.612166
3 28  0.619463
3 29  0.606130
3 30  0.614943
4 5  0.552297
4 6  0.562668
4 7  0.587542
4 8  0.606183
4 9  0.571345
4 10  0.596139
4 11  0.579771
4 12  0.582305
4 13  0.600034
4 14  0.590479
4 15  0.596361
4 16  0.561807
4 17  0.579727
4 18  0.570604
4 19  0.272700
4 20  0.556583
4 21  0.567826
4 22  0.590111
4 23  0.580294
4 24  0.606328
4 25  0.583359
4 26  0.602821
4 27  0.579127
4 28  0.597545
4 29  0.577889
4 30  0.601735
5 6  0.521118
5 7  0.615038
5 8  0.606773
5 9  0.579011
5 10  0.596915
5 11  0.577617
5 12  0.573895
5 13  0.600641
5 14  0.591183
5 15  0.597733
5 16  0.568333
5 17  0.580323
5 18  0.571226
5 19  0.559338
5 20  0.270073
5 21  0.521485
5 22  0.590705
5 23  0.566977
5 24  0.607015
5 25  0.614341
5 26  0.603788
5 27  0.587658
5 28  0.598092
5 29  0.580538
5 30  0.602298
6 7  0.626335
6 8  0.617586
6 9  0.592376
6 10  0.607728
6 11  0.591206
6 12  0.575225
6 13  0.611453
6 14  0.601996
6 15  0.608585
6 16  0.579003
6 17  0.591149
6 18  0.582043
6 19  0.568981
6 20  0.520255
6 21  0.280093
6 22  0.601581
6 23  0.566751
6 24  0.617853
6 25  0.625521
6 26  0.614610
6 27  0.598678
6 28  0.609102
6 29  0.592440
6 30  0.613148
7 8  0.667839
7 9  0.647525
7 10  0.655038
7 11  0.632470
7 12  0.648217
7 13  0.662300
7 14  0.652527
7 15  0.644117
7 16  0.601885
7 17  0.642245
7 18  0.633472
7 19  0.592291
7 20  0.619125
7 21  0.631849
7 22  0.649475
7 23  0.645022
7 24  0.669077
7 25  0.414799
7 26  0.661221
7 27  0.650525
7 28  0.651800
7 29  0.631034
7 30  0.663710
8 9  0.642307
8 10  0.634847
8 11  0.637420
8 12  0.640285
8 13  0.614021
8 14  0.625066
8 15  0.641671
8 16  0.620657
8 17  0.619845
8 18  0.620709
8 19  0.612373
8 20  0.610296
8 21  0.622712
8 22  0.606970
8 23  0.640204
8 24  0.617929
8 25  0.667807
8 26  0.653607
8 27  0.643636
8 28  0.650015
8 29  0.637471
8 30  0.466724
9 10  0.632449
9 11  0.583009
9 12  0.595462
9 13  0.636174
9 14  0.626712
9 15  0.633240
9 16  0.603487
9 17  0.615872
9 18  0.606764
9 19  0.582648
9 20  0.589885
9 21  0.602037
9 22  0.626294
9 23  0.590653
9 24  0.642574
9 25  0.647205
9 26  0.639293
9 27  0.379765
9 28  0.633818
9 29  0.579793
9 30  0.637873
10 11  0.627518
10 12  0.630422
10 13  0.635116
10 14  0.620246
10 15  0.602853
10 16  0.596020
10 17  0.623107
10 18  0.614100
10 19  0.602140
10 20  0.600441
10 21  0.612832
10 22  0.604187
10 23  0.630322
10 24  0.648907
10 25  0.655579
10 26  0.422465
10 27  0.633746
10 28  0.605464
10 29  0.627693
10 30  0.643091
11 12  0.591466
11 13  0.631312
11 14  0.621768
11 15  0.627524
11 16  0.598857
11 17  0.610828
11 18  0.601817
11 19  0.583765
11 20  0.584506
11 21  0.597217
11 22  0.621156
11 23  0.583738
11 24  0.637411
11 25  0.630609
11 26  0.634481
11 27  0.580997
11 28  0.627636
11 29  0.388805
11 30  0.632661
12 13  0.634154
12 14  0.624685
12 15  0.631187
12 16  0.601459
12 17  0.613813
12 18  0.604721
12 19  0.586641
12 20  0.569905
12 21  0.571165
12 22  0.624270
12 23  0.408754
12 24  0.640473
12 25  0.643595
12 26  0.637326
12 27  0.591164
12 28  0.631602
12 29  0.584960
12 30  0.635781
13 14  0.615741
13 15  0.639758
13 16  0.613506
13 17  0.617452
13 18  0.592910
13 19  0.606167
13 20  0.604167
13 21  0.616572
13 22  0.615961
13 23  0.634087
13 24  0.466712
13 25  0.661371
13 26  0.646371
13 27  0.637500
13 28  0.642727
13 29  0.631465
13 30  0.606449
14 15  0.614073
14 16  0.600850
14 17  0.611593
14 18  0.603038
14 19  0.596546
14 20  0.594639
14 21  0.607070
14 22  0.519646
14 23  0.624648
14 24  0.608190
14 25  0.648267
14 26  0.623389
14 27  0.627995
14 28  0.606670
14 29  0.621892
14 30  0.617883
15 16  0.606741
15 17  0.622949
15 18  0.614730
15 19  0.603224
15 20  0.601032
15 21  0.613604
15 22  0.618104
15 23  0.631121
15 24  0.648030
15 25  0.644101
15 26  0.606301
15 27  0.634499
15 28  0.418037
15 29  0.627268
15 30  0.642235
16 17  0.594698
16 18  0.585438
16 19  0.569972
16 20  0.571890
16 21  0.584286
16 22  0.603193
16 23  0.601652
16 24  0.619703
16 25  0.602676
16 26  0.591955
16 27  0.605144
16 28  0.608004
16 29  0.597672
16 30  0.615895
17 18  0.551032
17 19  0.586002
17 20  0.583863
17 21  0.596276
17 22  0.614616
17 23  0.613804
17 24  0.625829
17 25  0.641142
17 26  0.628940
17 27  0.617199
17 28  0.622733
17 29  0.611189
17 30  0.601843
18 19  0.576901
18 20  0.574757
18 21  0.587169
18 22  0.603780
18 23  0.604697
18 24  0.600173
18 25  0.632099
18 26  0.618946
18 27  0.608094
18 28  0.613403
18 29  0.602091
18 30  0.614176
19 20  0.561708
19 21  0.573665
19 22  0.596320
19 23  0.587664
19 24  0.612648
19 25  0.590898
19 26  0.609365
19 27  0.576967
19 28  0.602939
19 29  0.585538
19 30  0.607954
20 21  0.528327
20 22  0.594294
20 23  0.577316
20 24  0.610560
20 25  0.617177
20 26  0.607337
20 27  0.581521
20 28  0.601778
20 29  0.580895
20 30  0.605857
21 22  0.606723
21 23  0.579483
21 24  0.622978
21 25  0.630068
21 26  0.619758
21 27  0.598497
21 28  0.614254
21 29  0.595874
21 30  0.618275
22 23  0.624249
22 24  0.624903
22 25  0.649935
22 26  0.620124
22 27  0.627623
22 28  0.621975
22 29  0.621358
22 30  0.618400
23 24  0.640504
23 25  0.646756
23 26  0.637270
23 27  0.596507
23 28  0.631722
23 29  0.593434
23 30  0.635804
24 25  0.666242
24 26  0.647615
24 27  0.643897
24 28  0.635702
24 29  0.637839
24 30  0.614492
25 26  0.662573
25 27  0.647399
25 28  0.642948
25 29  0.631942
25 30  0.661920
26 27  0.640669
26 28  0.608331
26 29  0.634383
26 30  0.646681
27 28  0.635103
27 29  0.584384
27 30  0.639191
28 29  0.628129
28 30  0.638139
29 30  0.633115
