  -1146.52529667
  -1146.89914219
0.00002670520340
2 2 2 2 2 2 2 2 2 2 2 2 2 2 2 0 0 0 0 0 0 0 0 0 0 0 0 0 0 0 
1  0.284043
2  0.292519
3  0.301730
4  0.280910
5  0.279797
6  0.290309
7  0.346595
8  0.335183
9  0.316766
10  0.326288
11  0.313033
12  0.314352
13  0.328832
14  0.319631
15  0.328508
16  0.297382
17  0.306927
18  0.297733
19  0.287393
20  0.283313
21  0.295428
22  0.319029
23  0.314159
24  0.335486
25  0.344982
26  0.332956
27  0.318015
28  0.328875
29  0.313057
30  0.330778
1 2  0.576287
1 3  0.585366
1 4  0.560607
1 5  0.563810
1 6  0.574311
1 7  0.604421
1 8  0.616975
1 9  0.600623
1 10  0.587516
1 11  0.596054
1 12  0.598219
1 13  0.610877
1 14  0.601016
1 15  0.609189
1 16  0.286930
1 17  0.590948
1 18  0.581541
1 19  0.565214
1 20  0.567257
1 21  0.579086
1 22  0.597903
1 23  0.597671
1 24  0.619202
1 25  0.605173
1 26  0.594206
1 27  0.601643
1 28  0.610803
1 29  0.596757
1 30  0.614556
2 3  0.549764
2 4  0.573424
2 5  0.572315
2 6  0.582827
2 7  0.638804
2 8  0.604389
2 9  0.609284
2 10  0.616452
2 11  0.605544
2 12  0.606871
2 13  0.615796
2 14  0.608056
2 15  0.618742
2 16  0.589751
2 17  0.298382
2 18  0.550340
2 19  0.579892
2 20  0.575825
2 21  0.587946
2 22  0.605888
2 23  0.606659
2 24  0.625010
2 25  0.637433
2 26  0.625030
2 27  0.610534
2 28  0.621115
2 29  0.605469
2 30  0.598578
3 4  0.582634
3 5  0.581526
3 6  0.592038
3 7  0.648136
3 8  0.628847
3 9  0.618496
3 10  0.625694
3 11  0.614761
3 12  0.616082
3 13  0.603710
3 14  0.619053
3 15  0.628823
3 16  0.598316
3 17  0.559766
3 18  0.299559
3 19  0.589034
3 20  0.585042
3 21  0.597156
3 22  0.614337
3 23  0.615872
3 24  0.623948
3 25  0.646644
3 26  0.633055
3 27  0.619742
3 28  0.630174
3 29  0.614729
3 30  0.623698
4 5  0.559619
4 6  0.569644
4 7  0.599304
4 8  0.616064
4 9  0.579252
4 10  0.606988
4 11  0.589762
4 12  0.590506
4 13  0.609695
4 14  0.600417
4 15  0.608453
4 16  0.572280
4 17  0.587791
4 18  0.578555
4 19  0.281279
4 20  0.564039
4 21  0.574946
4 22  0.599821
4 23  0.588612
4 24  0.616218
4 25  0.595089
4 26  0.613433
4 27  0.587600
4 28  0.609523
4 29  0.587821
4 30  0.611654
5 6  0.526855
5 7  0.625143
5 8  0.614977
5 9  0.585631
5 10  0.606077
5 11  0.585536
5 12  0.580592
5 13  0.608627
5 14  0.599425
5 15  0.608243
5 16  0.577105
5 17  0.586697
5 18  0.577521
5 19  0.567033
5 20  0.275435
5 21  0.527319
5 22  0.598706
5 23  0.573734
5 24  0.615247
5 25  0.624154
5 26  0.612717
5 27  0.594621
5 28  0.608370
5 29  0.588588
5 30  0.610512
6 7  0.636201
6 8  0.625491
6 9  0.598961
6 10  0.616593
6 11  0.599052
6 12  0.581299
6 13  0.619140
6 14  0.609940
6 15  0.618808
6 16  0.587440
6 17  0.597234
6 18  0.588042
6 19  0.576271
6 20  0.526092
6 21  0.285086
6 22  0.609306
6 23  0.573123
6 24  0.625794
6 25  0.635063
6 26  0.623229
6 27  0.605454
6 28  0.619129
6 29  0.600210
6 30  0.621082
7 8  0.680264
7 9  0.659074
7 10  0.668499
7 11  0.644356
7 12  0.659429
7 13  0.674618
7 14  0.665139
7 15  0.658028
7 16  0.615464
7 17  0.653094
7 18  0.644282
7 19  0.604608
7 20  0.629374
7 21  0.641812
7 22  0.662042
7 23  0.656110
7 24  0.681792
7 25  0.428789
7 26  0.674680
7 27  0.662149
7 28  0.666362
7 29  0.643550
7 30  0.676436
8 9  0.651948
8 10  0.645400
8 11  0.648182
8 12  0.649533
8 13  0.624456
8 14  0.635707
8 15  0.653994
8 16  0.631780
8 17  0.628233
8 18  0.629410
8 19  0.622489
8 20  0.618485
8 21  0.630611
8 22  0.616903
8 23  0.649300
8 24  0.628807
8 25  0.680064
8 26  0.664676
8 27  0.653198
8 28  0.662667
8 29  0.648053
8 30  0.476826
9 10  0.643052
9 11  0.592866
9 12  0.603632
9 13  0.645595
9 14  0.636389
9 15  0.645181
9 16  0.613701
9 17  0.623692
9 18  0.614495
9 19  0.591337
9 20  0.596920
9 21  0.608890
9 22  0.635750
9 23  0.598636
9 24  0.652248
9 25  0.658457
9 26  0.649661
9 27  0.387538
9 28  0.645569
9 29  0.589461
9 30  0.647543
10 11  0.639220
10 12  0.640629
10 13  0.646022
10 14  0.631851
10 15  0.616714
10 16  0.607488
10 17  0.632810
10 18  0.623703
10 19  0.613228
10 20  0.609594
10 21  0.621673
10 22  0.615291
10 23  0.640371
10 24  0.660467
10 25  0.668796
10 26  0.434116
10 27  0.644272
10 28  0.619278
10 29  0.639224
10 30  0.654495
11 12  0.600337
11 13  0.641858
11 14  0.632537
11 15  0.640397
11 16  0.610171
11 17  0.619714
11 18  0.610635
11 19  0.594079
11 20  0.592745
11 21  0.605172
11 22  0.631733
11 23  0.592615
11 24  0.648177
11 25  0.642840
11 26  0.645964
11 27  0.590588
11 28  0.640474
11 29  0.398901
11 30  0.643409
12 13  0.643184
12 14  0.633970
12 15  0.642716
12 16  0.611300
12 17  0.621219
12 18  0.612043
12 19  0.595350
12 20  0.576735
12 21  0.577576
12 22  0.633341
12 23  0.416211
12 24  0.649732
12 25  0.654427
12 26  0.647284
12 27  0.599316
12 28  0.642954
12 29  0.593760
12 30  0.645032
13 14  0.625614
13 15  0.651949
13 16  0.624388
13 17  0.626091
13 18  0.601210
13 19  0.616023
13 20  0.612144
13 21  0.624251
13 22  0.626050
13 23  0.642965
13 24  0.476229
13 25  0.673378
13 26  0.657312
13 27  0.646840
13 28  0.655026
13 29  0.641842
13 30  0.617053
14 15  0.626138
14 16  0.612137
14 17  0.620441
14 18  0.611578
14 19  0.606710
14 20  0.602840
14 21  0.614996
14 22  0.530286
14 23  0.633788
14 24  0.618423
14 25  0.660437
14 26  0.634654
14 27  0.637568
14 28  0.618857
14 29  0.632500
14 30  0.628290
15 16  0.620337
15 17  0.633936
15 18  0.625750
15 19  0.615628
15 20  0.611472
15 21  0.623816
15 22  0.630546
15 23  0.642527
15 24  0.660718
15 25  0.658599
15 26  0.620270
15 27  0.646362
15 28  0.432205
15 29  0.640160
15 30  0.654936
16 17  0.604007
16 18  0.594612
16 19  0.580478
16 20  0.580672
16 21  0.592768
16 22  0.614045
16 23  0.611331
16 24  0.630762
16 25  0.615312
16 26  0.602460
16 27  0.615282
16 28  0.621188
16 29  0.608663
16 30  0.626999
17 18  0.558155
17 19  0.594307
17 20  0.590237
17 21  0.602353
17 22  0.623141
17 23  0.621085
17 24  0.634518
17 25  0.651497
17 26  0.638228
17 27  0.624939
17 28  0.633246
17 29  0.619965
17 30  0.609706
18 19  0.585119
18 20  0.581045
18 21  0.593160
18 22  0.612155
18 23  0.611892
18 24  0.607954
18 25  0.642390
18 26  0.628054
18 27  0.615748
18 28  0.623868
18 29  0.610784
18 30  0.622834
19 20  0.569243
19 21  0.580871
19 22  0.606276
19 23  0.595920
19 24  0.622802
19 25  0.602500
19 26  0.620200
19 27  0.585050
19 28  0.615120
19 29  0.595618
19 30  0.618108
20 21  0.534077
20 22  0.602302
20 23  0.583959
20 24  0.618784
20 25  0.626825
20 26  0.616251
20 27  0.588023
20 28  0.612068
20 29  0.588685
20 30  0.614073
21 22  0.614444
21 23  0.585486
21 24  0.630908
21 25  0.639543
21 26  0.628378
21 27  0.605072
21 28  0.624273
21 29  0.603456
21 30  0.626199
22 23  0.633175
22 24  0.635499
22 25  0.661907
22 26  0.630820
22 27  0.637007
22 28  0.634316
22 29  0.631718
22 30  0.628349
23 24  0.649641
23 25  0.657397
23 26  0.647087
23 27  0.604479
23 28  0.642925
23 29  0.601954
23 30  0.644935
24 25  0.678244
24 26  0.658601
24 27  0.653490
24 28  0.647206
24 29  0.648462
24 30  0.625134
25 26  0.675471
25 27  0.658501
25 28  0.656147
25 29  0.643560
25 30  0.673990
26 27  0.650952
26 28  0.621836
26 29  0.645621
26 30  0.657620
27 28  0.646781
27 29  0.593882
27 30  0.648779
28 29  0.640696
28 30  0.650250
29 30  0.643727
