  -1146.52529667
  -1146.89974718
0.00000732813808
2 2 2 2 2 2 2 2 2 2 2 2 2 2 2 0 0 0 0 0 0 0 0 0 0 0 0 0 0 0 
1  0.285882
2  0.293636
3  0.302936
4  0.282364
5  0.280585
6  0.291044
7  0.349017
8  0.336798
9  0.317854
10  0.328201
11  0.314535
12  0.315429
13  0.330387
14  0.321306
15  0.330945
16  0.299332
17  0.308172
18  0.298920
19  0.288924
20  0.284152
21  0.296250
22  0.320700
23  0.315185
24  0.337078
25  0.347241
26  0.334842
27  0.319088
28  0.331147
29  0.314477
30  0.332468
1 2  0.579194
1 3  0.588341
1 4  0.563827
1 5  0.566430
1 6  0.576874
1 7  0.608606
1 8  0.620321
1 9  0.603544
1 10  0.590810
1 11  0.599349
1 12  0.601127
1 13  0.614183
1 14  0.604478
1 15  0.613437
1 16  0.290516
1 17  0.594028
1 18  0.584518
1 19  0.568594
1 20  0.569917
1 21  0.581687
1 22  0.601343
1 23  0.600497
1 24  0.622616
1 25  0.609313
1 26  0.597815
1 27  0.604560
1 28  0.614902
1 29  0.600005
1 30  0.618077
2 3  0.552169
2 4  0.575992
2 5  0.574219
2 6  0.584679
2 7  0.642283
2 8  0.606879
2 9  0.611488
2 10  0.619398
2 11  0.608160
2 12  0.609064
2 13  0.618451
2 14  0.610776
2 15  0.622152
2 16  0.592818
2 17  0.300727
2 18  0.552752
2 19  0.582529
2 20  0.577775
2 21  0.589885
2 22  0.608615
2 23  0.608793
2 24  0.627701
2 25  0.640787
2 26  0.628026
2 27  0.612724
2 28  0.624465
2 29  0.607965
2 30  0.601384
3 4  0.585292
3 5  0.583520
3 6  0.593978
3 7  0.651730
3 8  0.631626
3 9  0.620790
3 10  0.628744
3 11  0.617469
3 12  0.618364
3 13  0.606251
3 14  0.621884
3 15  0.632375
3 16  0.601363
3 17  0.562373
3 18  0.301917
3 19  0.591740
3 20  0.587086
3 21  0.599184
3 22  0.617190
3 23  0.618099
3 24  0.626712
3 25  0.650096
3 26  0.636114
3 27  0.622020
3 28  0.633643
3 29  0.617342
3 30  0.626609
4 5  0.561818
4 6  0.571755
4 7  0.603137
4 8  0.619127
4 9  0.581452
4 10  0.610349
4 11  0.592713
4 12  0.592979
4 13  0.612692
4 14  0.603536
4 15  0.612307
4 16  0.575696
4 17  0.590487
4 18  0.581162
4 19  0.284088
4 20  0.566327
4 21  0.577171
4 22  0.602927
4 23  0.591101
4 24  0.619233
4 25  0.598865
4 26  0.616770
4 27  0.590008
4 28  0.613223
4 29  0.590704
4 30  0.614794
5 6  0.528462
5 7  0.628263
5 8  0.617377
5 9  0.587368
5 10  0.608775
5 11  0.587739
5 12  0.582437
5 13  0.610968
5 14  0.601888
5 15  0.611457
5 16  0.579833
5 17  0.588720
5 18  0.579493
5 19  0.569346
5 20  0.277049
5 21  0.529048
5 22  0.601148
5 23  0.575577
5 24  0.617623
5 25  0.627187
5 26  0.615388
5 27  0.596444
5 28  0.611398
5 29  0.590786
5 30  0.612972
6 7  0.639294
6 8  0.627839
6 9  0.600770
6 10  0.619240
6 11  0.601222
6 12  0.583030
6 13  0.621429
6 14  0.612349
6 15  0.621978
6 16  0.590063
6 17  0.599214
6 18  0.589963
6 19  0.578492
6 20  0.527785
6 21  0.286684
6 22  0.611702
6 23  0.574900
6 24  0.628121
6 25  0.638036
6 26  0.625837
6 27  0.607258
6 28  0.622135
6 29  0.602341
6 30  0.623505
7 8  0.684201
7 9  0.662549
7 10  0.672799
7 11  0.648000
7 12  0.662886
7 13  0.678535
7 14  0.669196
7 15  0.662512
7 16  0.619898
7 17  0.656721
7 18  0.647896
7 19  0.608596
7 20  0.632603
7 21  0.645040
7 22  0.666095
7 23  0.659519
7 24  0.685803
7 25  0.433530
7 26  0.678983
7 27  0.665620
7 28  0.670972
7 29  0.647354
7 30  0.680518
8 9  0.654648
8 10  0.648603
8 11  0.651297
8 12  0.652224
8 13  0.627685
8 14  0.638978
8 15  0.657917
8 16  0.635328
8 17  0.630999
8 18  0.632189
8 19  0.625627
8 20  0.620930
8 21  0.633047
8 22  0.620042
8 23  0.651927
8 24  0.632120
8 25  0.683918
8 26  0.668085
8 27  0.655886
8 28  0.666555
8 29  0.651042
8 30  0.480034
9 10  0.646053
9 11  0.595527
9 12  0.605800
9 13  0.648237
9 14  0.639149
9 15  0.648702
9 16  0.616737
9 17  0.626025
9 18  0.616767
9 19  0.593835
9 20  0.598789
9 21  0.610802
9 22  0.638501
9 23  0.600739
9 24  0.654924
9 25  0.661787
9 26  0.652638
9 27  0.389559
9 28  0.648923
9 29  0.592046
9 30  0.650320
10 11  0.642624
10 12  0.643615
10 13  0.649374
10 14  0.635448
10 15  0.621046
10 16  0.611162
10 17  0.635958
10 18  0.626776
10 19  0.616664
10 20  0.612345
10 21  0.624393
10 22  0.618772
10 23  0.643297
10 24  0.663955
10 25  0.672955
10 26  0.437802
10 27  0.647260
10 28  0.623526
10 29  0.642553
10 30  0.658000
11 12  0.602758
11 13  0.644913
11 14  0.635695
11 15  0.644269
11 16  0.613613
11 17  0.622409
11 18  0.613305
11 19  0.597120
11 20  0.595087
11 21  0.607451
11 22  0.634903
11 23  0.595030
11 24  0.651273
11 25  0.646545
11 26  0.649349
11 27  0.593217
11 28  0.644263
11 29  0.401778
11 30  0.646569
12 13  0.645815
12 14  0.636720
12 15  0.646209
12 16  0.614301
12 17  0.623525
12 18  0.614290
12 19  0.597949
12 20  0.578662
12 21  0.579462
12 22  0.636095
12 23  0.418393
12 24  0.652379
12 25  0.657728
12 26  0.650242
12 27  0.601459
12 28  0.646294
12 29  0.596148
12 30  0.647784
13 14  0.628615
13 15  0.655784
13 16  0.627866
13 17  0.628907
13 18  0.603942
13 19  0.619070
13 20  0.614537
13 21  0.626625
13 22  0.629215
13 23  0.645542
13 24  0.479184
13 25  0.677189
13 26  0.660706
13 27  0.649463
13 28  0.658773
13 29  0.644821
13 30  0.620392
14 15  0.629981
14 16  0.615764
14 17  0.623338
14 18  0.614363
14 19  0.609907
14 20  0.605327
14 21  0.617477
14 22  0.533836
14 23  0.636490
14 24  0.621537
14 25  0.664330
14 26  0.638169
14 27  0.640311
14 28  0.622618
14 29  0.635596
14 30  0.631558
15 16  0.624733
15 17  0.637557
15 18  0.629362
15 19  0.619579
15 20  0.614692
15 21  0.627066
15 22  0.634574
15 23  0.645988
15 24  0.664630
15 25  0.663260
15 26  0.624656
15 27  0.649872
15 28  0.436741
15 29  0.644029
15 30  0.659009
16 17  0.607170
16 18  0.597686
16 19  0.583897
16 20  0.583454
16 21  0.595535
16 22  0.617588
16 23  0.614295
16 24  0.634239
16 25  0.619462
16 26  0.605820
16 27  0.618304
16 28  0.625356
16 29  0.611969
16 30  0.630594
17 18  0.560671
17 19  0.597082
17 20  0.592319
17 21  0.604419
17 22  0.625989
17 23  0.623357
17 24  0.637297
17 25  0.654942
17 26  0.641321
17 27  0.627257
17 28  0.636674
17 29  0.622628
17 30  0.612376
18 19  0.587835
18 20  0.583069
18 21  0.595168
18 22  0.614949
18 23  0.614105
18 24  0.610491
18 25  0.645775
18 26  0.631018
18 27  0.618007
18 28  0.627206
18 29  0.613389
18 30  0.625686
19 20  0.571565
19 21  0.583154
19 22  0.609482
19 23  0.598400
19 24  0.625919
19 25  0.606244
19 26  0.623614
19 27  0.587327
19 28  0.618878
19 29  0.598572
19 30  0.621327
20 21  0.535818
20 22  0.604805
20 23  0.585821
20 24  0.621207
20 25  0.629827
20 26  0.618972
20 27  0.589793
20 28  0.615167
20 29  0.590850
20 30  0.616595
21 22  0.616935
21 23  0.587257
21 24  0.633319
21 25  0.642560
21 26  0.631086
21 27  0.606945
21 28  0.627362
21 29  0.605613
21 30  0.628706
22 23  0.635870
22 24  0.638804
22 25  0.665802
22 26  0.634183
22 27  0.639752
22 28  0.638203
22 29  0.634768
22 30  0.631526
23 24  0.652259
23 25  0.660632
23 26  0.649996
23 27  0.606589
23 28  0.646213
23 29  0.604258
23 30  0.647651
24 25  0.681959
24 26  0.661988
24 27  0.656154
24 28  0.650654
24 29  0.651462
24 30  0.628429
25 26  0.679586
25 27  0.661820
25 28  0.660331
25 29  0.647044
25 30  0.677792
26 27  0.653911
26 28  0.626054
26 29  0.648902
26 30  0.661049
27 28  0.650127
27 29  0.596414
27 30  0.651540
28 29  0.644345
28 30  0.654061
29 30  0.646826
