  -1146.52246147
  -1146.87486440
0.00033352200600
2 2 2 2 2 2 2 2 2 2 2 2 2 2 2 0 0 0 0 0 0 0 0 0 0 0 0 0 0 0 
1  0.258566
2  0.258045
3  0.262760
4  0.262708
5  0.274952
6  0.271773
7  0.271122
8  0.274388
9  0.251803
10  0.293034
11  0.276576
12  0.261689
13  0.285922
14  0.284449
15  0.292636
16  0.261651
17  0.261065
18  0.268423
19  0.268217
20  0.276785
21  0.274532
22  0.273800
23  0.276024
24  0.295102
25  0.277603
26  0.294681
27  0.284593
28  0.263652
29  0.257348
30  0.286501
1 2  0.478959
1 3  0.521235
1 4  0.521263
1 5  0.533509
1 6  0.530332
1 7  0.529684
1 8  0.532948
1 9  0.506300
1 10  0.551593
1 11  0.515338
1 12  0.514256
1 13  0.543955
1 14  0.542762
1 15  0.551186
1 16  0.236418
1 17  0.475606
1 18  0.526407
1 19  0.526694
1 20  0.535279
1 21  0.533096
1 22  0.532356
1 23  0.534589
1 24  0.553586
1 25  0.507408
1 26  0.553092
1 27  0.543148
1 28  0.519769
1 29  0.514971
1 30  0.544363
2 3  0.520789
2 4  0.520673
2 5  0.532991
2 6  0.529813
2 7  0.529160
2 8  0.532423
2 9  0.504051
2 10  0.551063
2 11  0.515148
2 12  0.515324
2 13  0.543693
2 14  0.541992
2 15  0.550674
2 16  0.475407
2 17  0.236115
2 18  0.526370
2 19  0.525698
2 20  0.534828
2 21  0.532568
2 22  0.531843
2 23  0.534003
2 24  0.552996
2 25  0.507181
2 26  0.552645
2 27  0.541991
2 28  0.520765
2 29  0.512953
2 30  0.544537
3 4  0.525427
3 5  0.531702
3 6  0.530210
3 7  0.533868
3 8  0.537140
3 9  0.514366
3 10  0.555772
3 11  0.538997
3 12  0.523100
3 13  0.517941
3 14  0.546737
3 15  0.534299
3 16  0.523902
3 17  0.523685
3 18  0.255111
3 19  0.530949
3 20  0.536277
3 21  0.536198
3 22  0.536552
3 23  0.538783
3 24  0.557845
3 25  0.539754
3 26  0.529229
3 27  0.547236
3 28  0.523885
3 29  0.520079
3 30  0.512271
4 5  0.537653
4 6  0.534467
4 7  0.529534
4 8  0.531063
4 9  0.513365
4 10  0.534508
4 11  0.538963
4 12  0.524200
4 13  0.548155
4 14  0.516393
4 15  0.555322
4 16  0.524213
4 17  0.523267
4 18  0.531089
4 19  0.254598
4 20  0.539492
4 21  0.537233
4 22  0.535411
4 23  0.535448
4 24  0.529562
4 25  0.539727
4 26  0.557377
4 27  0.510081
4 28  0.526339
4 29  0.517518
4 30  0.549077
5 6  0.500336
5 7  0.546073
5 8  0.549339
5 9  0.526749
5 10  0.567981
5 11  0.551506
5 12  0.536503
5 13  0.557805
5 14  0.559367
5 15  0.540185
5 16  0.536519
5 17  0.536013
5 18  0.539503
5 19  0.543169
5 20  0.268390
5 21  0.496840
5 22  0.548736
5 23  0.550972
5 24  0.570033
5 25  0.552317
5 26  0.533053
5 27  0.559403
5 28  0.538057
5 29  0.532256
5 30  0.560610
6 7  0.542892
6 8  0.546159
6 9  0.523573
6 10  0.564789
6 11  0.548333
6 12  0.533375
6 13  0.552848
6 14  0.556047
6 15  0.537170
6 16  0.533409
6 17  0.532832
6 18  0.539024
6 19  0.539986
6 20  0.497398
6 21  0.268147
6 22  0.545496
6 23  0.547774
6 24  0.566744
6 25  0.549212
6 26  0.529310
6 27  0.555547
6 28  0.535263
6 29  0.529064
6 30  0.556560
7 8  0.499358
7 9  0.522850
7 10  0.537020
7 11  0.547684
7 12  0.532807
7 13  0.556870
7 14  0.550717
7 15  0.563741
7 16  0.532768
7 17  0.532174
7 18  0.539541
7 19  0.538184
7 20  0.547883
7 21  0.545576
7 22  0.267344
7 23  0.496044
7 24  0.529212
7 25  0.548555
7 26  0.565671
7 27  0.553947
7 28  0.534720
7 29  0.528299
7 30  0.556801
8 9  0.526073
8 10  0.539980
8 11  0.550942
8 12  0.536070
8 13  0.560276
8 14  0.555747
8 15  0.567018
8 16  0.536035
8 17  0.535373
8 18  0.542810
8 19  0.538770
8 20  0.551168
8 21  0.548903
8 22  0.495875
8 23  0.267896
8 24  0.532635
8 25  0.551748
8 26  0.569045
8 27  0.558125
8 28  0.538000
8 29  0.531159
8 30  0.560745
9 10  0.544530
9 11  0.505885
9 12  0.486409
9 13  0.536996
9 14  0.528724
9 15  0.544404
9 16  0.512480
9 17  0.510601
9 18  0.520177
9 19  0.517326
9 20  0.528576
9 21  0.526291
9 22  0.525518
9 23  0.527209
9 24  0.546427
9 25  0.500666
9 26  0.546456
9 27  0.528474
9 28  0.482842
9 29  0.286769
9 30  0.536963
10 11  0.569547
10 12  0.554686
10 13  0.578147
10 14  0.562030
10 15  0.585610
10 16  0.554586
10 17  0.553989
10 18  0.561449
10 19  0.532911
10 20  0.569785
10 21  0.567425
10 22  0.530677
10 23  0.531184
10 24  0.359730
10 25  0.570633
10 26  0.587471
10 27  0.553349
10 28  0.556651
10 29  0.550080
10 30  0.578165
11 12  0.515051
11 13  0.561539
11 14  0.560109
11 15  0.569148
11 16  0.509541
11 17  0.509253
11 18  0.544225
11 19  0.544060
11 20  0.553174
11 21  0.551023
11 22  0.550290
11 23  0.552418
11 24  0.571650
11 25  0.354060
11 26  0.571224
11 27  0.558229
11 28  0.510690
11 29  0.505036
11 30  0.559985
12 13  0.539060
12 14  0.545400
12 15  0.553977
12 16  0.520926
12 17  0.521733
12 18  0.527205
12 19  0.529851
12 20  0.537793
12 21  0.536128
12 22  0.535437
12 23  0.537698
12 24  0.556755
12 25  0.509900
12 26  0.555847
12 27  0.544869
12 28  0.292666
12 29  0.485990
12 30  0.539347
13 14  0.563260
13 15  0.563394
13 16  0.546906
13 17  0.546979
13 18  0.517018
13 19  0.554025
13 20  0.561889
13 21  0.558352
13 22  0.558814
13 23  0.561727
13 24  0.579596
13 25  0.560254
13 26  0.556711
13 27  0.560322
13 28  0.540653
13 29  0.541966
13 30  0.330248
14 15  0.576290
14 16  0.546092
14 17  0.544872
14 18  0.552756
14 19  0.515283
14 20  0.561022
14 21  0.558070
14 22  0.556149
14 23  0.559647
14 24  0.555413
14 25  0.558759
14 26  0.577682
14 27  0.327927
14 28  0.546892
14 29  0.532870
14 30  0.560953
15 16  0.554173
15 17  0.553598
15 18  0.533053
15 19  0.560843
15 20  0.531352
15 21  0.531069
15 22  0.566299
15 23  0.568630
15 24  0.587482
15 25  0.570234
15 26  0.359252
15 27  0.575924
15 28  0.555981
15 29  0.549952
15 30  0.554999
16 17  0.483782
16 18  0.529973
16 19  0.529848
16 20  0.538428
16 21  0.536179
16 22  0.535448
16 23  0.537670
16 24  0.556746
16 25  0.519128
16 26  0.556306
16 27  0.545901
16 28  0.519022
16 29  0.513628
16 30  0.547565
17 18  0.529468
17 19  0.529180
17 20  0.537845
17 21  0.535594
17 22  0.534862
17 23  0.537081
17 24  0.556141
17 25  0.518670
17 26  0.555740
17 27  0.545078
17 28  0.518946
17 29  0.512265
17 30  0.547203
18 19  0.536612
18 20  0.538676
18 21  0.537471
18 22  0.542202
18 23  0.544434
18 24  0.563491
18 25  0.545610
18 26  0.540102
18 27  0.552240
18 28  0.530385
18 29  0.525493
18 30  0.523591
19 20  0.544989
19 21  0.542729
19 22  0.536498
19 23  0.537730
19 24  0.540380
19 25  0.545409
19 26  0.562864
19 27  0.521446
19 28  0.531588
19 29  0.523941
19 30  0.553934
20 21  0.504440
20 22  0.550582
20 23  0.552808
20 24  0.571876
20 25  0.554368
20 26  0.544356
20 27  0.561295
20 28  0.540375
20 29  0.534123
20 30  0.559166
21 22  0.548326
21 23  0.550553
21 24  0.569606
21 25  0.552123
21 26  0.541417
21 27  0.558878
21 28  0.538119
21 29  0.531878
21 30  0.555793
22 23  0.503174
22 24  0.541233
22 25  0.551392
22 26  0.568454
22 27  0.553171
22 28  0.537450
22 29  0.531085
22 30  0.560058
23 24  0.543892
23 25  0.553606
23 26  0.570695
23 27  0.556531
23 28  0.539666
23 29  0.533312
23 30  0.562448
24 25  0.572598
24 26  0.589687
24 27  0.565049
24 28  0.558701
24 29  0.551858
24 30  0.580618
25 26  0.572184
25 27  0.561201
25 28  0.518986
25 29  0.512670
25 30  0.563020
26 27  0.578325
26 28  0.557762
26 29  0.551978
26 30  0.566920
27 28  0.547552
27 29  0.533362
27 30  0.563693
28 29  0.492293
28 30  0.540957
29 30  0.543113
