  -1146.52246147
  -1146.87760947
0.00017707769200
2 2 2 2 2 2 2 2 2 2 2 2 2 2 2 0 0 0 0 0 0 0 0 0 0 0 0 0 0 0 
1  0.266541
2  0.266231
3  0.265714
4  0.265624
5  0.276641
6  0.273653
7  0.272995
8  0.276070
9  0.260142
10  0.295930
11  0.286370
12  0.270260
13  0.293123
14  0.291533
15  0.295562
16  0.269986
17  0.269377
18  0.271463
19  0.271263
20  0.278557
21  0.276477
22  0.275747
23  0.277799
24  0.297894
25  0.287213
26  0.297431
27  0.291781
28  0.272088
29  0.265809
30  0.293665
1 2  0.493147
1 3  0.532159
1 4  0.532148
1 5  0.543166
1 6  0.540182
1 7  0.539528
1 8  0.542602
1 9  0.522243
1 10  0.562464
1 11  0.532551
1 12  0.530435
1 13  0.559085
1 14  0.557778
1 15  0.562085
1 16  0.249755
1 17  0.489617
1 18  0.537399
1 19  0.537715
1 20  0.545017
1 21  0.543016
1 22  0.542274
1 23  0.544338
1 24  0.564325
1 25  0.524053
1 26  0.563810
1 27  0.558311
1 28  0.536058
1 29  0.531211
1 30  0.559514
2 3  0.531928
2 4  0.531766
2 5  0.542863
2 6  0.539876
2 7  0.539215
2 8  0.542287
2 9  0.520188
2 10  0.562145
2 11  0.532511
2 12  0.531718
2 13  0.559043
2 14  0.557210
2 15  0.561786
2 16  0.489694
2 17  0.249380
2 18  0.537602
2 19  0.536908
2 20  0.544785
2 21  0.542694
2 22  0.541977
2 23  0.543953
2 24  0.563961
2 25  0.524045
2 26  0.563556
2 27  0.557369
2 28  0.537180
2 29  0.529459
2 30  0.559884
3 4  0.531307
3 5  0.536082
3 6  0.534851
3 7  0.538689
3 8  0.541775
3 9  0.525652
3 10  0.561611
3 11  0.551706
3 12  0.534536
3 13  0.528287
3 14  0.556621
3 15  0.539949
3 16  0.535133
3 17  0.534944
3 18  0.260743
3 19  0.536918
3 20  0.540898
3 21  0.541028
3 22  0.541458
3 23  0.543512
3 24  0.563586
3 25  0.552313
3 26  0.534956
3 27  0.557336
3 28  0.535258
3 29  0.531496
3 30  0.522728
4 5  0.542255
4 6  0.539256
4 7  0.534129
4 8  0.535402
4 9  0.524528
4 10  0.540088
4 11  0.551631
4 12  0.535663
4 13  0.558117
4 14  0.526601
4 15  0.561152
4 16  0.535466
4 17  0.534446
4 18  0.537031
4 19  0.260185
4 20  0.544180
4 21  0.542097
4 22  0.540205
4 23  0.540027
4 24  0.535288
4 25  0.552249
4 26  0.563031
4 27  0.520545
4 28  0.537688
4 29  0.528891
4 30  0.559121
5 6  0.504132
5 7  0.549633
5 8  0.552710
5 9  0.536773
5 10  0.572562
5 11  0.562983
5 12  0.546737
5 13  0.566481
5 14  0.568114
5 15  0.544768
5 16  0.546514
5 17  0.546011
5 18  0.544166
5 19  0.547901
5 20  0.271813
5 21  0.500729
5 22  0.552369
5 23  0.554435
5 24  0.574506
5 25  0.563617
5 26  0.537448
5 27  0.568245
5 28  0.548125
5 29  0.542397
5 30  0.569416
6 7  0.546641
6 8  0.549721
6 9  0.533791
6 10  0.569555
6 11  0.560002
6 12  0.543805
6 13  0.561620
6 14  0.564949
6 15  0.541857
6 16  0.543617
6 17  0.543020
6 18  0.543875
6 19  0.544913
6 20  0.501304
6 21  0.271895
6 22  0.549290
6 23  0.551422
6 24  0.571363
6 25  0.560670
6 26  0.533898
6 27  0.564457
6 28  0.545578
6 29  0.539395
6 30  0.565533
7 8  0.503141
7 9  0.533042
7 10  0.541663
7 11  0.559346
7 12  0.543250
7 13  0.565879
7 14  0.559368
7 15  0.568529
7 16  0.542970
7 17  0.542351
7 18  0.544454
7 19  0.543034
7 20  0.551521
7 21  0.549362
7 22  0.271086
7 23  0.499950
7 24  0.533838
7 25  0.560005
7 26  0.570240
7 27  0.562935
7 28  0.545019
7 29  0.538631
7 30  0.565690
8 9  0.536071
8 10  0.544518
8 11  0.562413
8 12  0.546320
8 13  0.569133
8 14  0.564303
8 15  0.571623
8 16  0.546050
8 17  0.545335
8 18  0.547531
8 19  0.543439
8 20  0.554623
8 21  0.552527
8 22  0.499757
8 23  0.271316
8 24  0.537069
8 25  0.563047
8 26  0.573464
8 27  0.566951
8 28  0.548114
8 29  0.541259
8 30  0.569555
9 10  0.555736
9 11  0.523103
9 12  0.502298
9 13  0.552446
9 14  0.543708
9 15  0.555659
9 16  0.528939
9 17  0.527106
9 18  0.531559
9 19  0.528720
9 20  0.538683
9 21  0.536551
9 22  0.535792
9 23  0.537296
9 24  0.557552
9 25  0.517767
9 26  0.557525
9 27  0.543873
9 28  0.497911
9 29  0.301628
9 30  0.552322
10 11  0.582224
10 12  0.566138
10 13  0.588107
10 14  0.571691
10 15  0.591407
10 16  0.565788
10 17  0.565189
10 18  0.567381
10 19  0.538814
10 20  0.574437
10 21  0.572216
10 22  0.535484
10 23  0.535820
10 24  0.365424
10 25  0.583138
10 26  0.593051
10 27  0.563348
10 28  0.567965
10 29  0.561428
10 30  0.588121
11 12  0.532559
11 13  0.578415
11 14  0.576860
11 15  0.581857
11 16  0.526620
11 17  0.526388
11 18  0.557056
11 19  0.556888
11 20  0.564707
11 21  0.562734
11 22  0.562006
11 23  0.563957
11 24  0.584245
11 25  0.369964
11 26  0.583779
11 27  0.574969
11 28  0.527974
11 29  0.522426
11 30  0.576754
12 13  0.554401
12 14  0.560967
12 15  0.565449
12 16  0.537683
12 17  0.538398
12 18  0.538834
12 19  0.541470
12 20  0.548113
12 21  0.546632
12 22  0.545927
12 23  0.548038
12 24  0.568098
12 25  0.527148
12 26  0.567169
12 27  0.560417
12 28  0.307756
12 29  0.501080
12 30  0.554942
13 14  0.576004
13 15  0.573206
13 16  0.562417
13 17  0.562488
13 18  0.527558
13 19  0.564221
13 20  0.570806
13 21  0.567423
13 22  0.567792
13 23  0.570646
13 24  0.589544
13 25  0.576806
13 26  0.566636
13 27  0.573510
13 28  0.556186
13 29  0.557419
13 30  0.345138
14 15  0.586166
14 16  0.561507
14 17  0.560266
14 18  0.562832
14 19  0.525692
14 20  0.569812
14 21  0.566932
14 22  0.565109
14 23  0.568451
14 24  0.565257
14 25  0.575252
14 26  0.587506
14 27  0.342796
14 28  0.562251
14 29  0.548312
14 30  0.573940
15 16  0.565427
15 17  0.564811
15 18  0.538977
15 19  0.566813
15 20  0.536022
15 21  0.535908
15 22  0.571114
15 23  0.573315
15 24  0.593117
15 25  0.582768
15 26  0.364932
15 27  0.585899
15 28  0.567327
15 29  0.561321
15 30  0.564992
16 17  0.498458
16 18  0.541329
16 19  0.541219
16 20  0.548532
16 21  0.546455
16 22  0.545727
16 23  0.547778
16 24  0.567871
16 25  0.536399
16 26  0.567391
16 27  0.561388
16 28  0.535312
16 29  0.530037
16 30  0.562994
17 18  0.540809
17 19  0.540521
17 20  0.547927
17 21  0.545848
17 22  0.545117
17 23  0.547165
17 24  0.567245
17 25  0.536160
17 26  0.566800
17 27  0.560520
17 28  0.535261
17 29  0.528581
17 30  0.562624
18 19  0.542709
18 20  0.543246
18 21  0.542259
18 22  0.547181
18 23  0.549247
18 24  0.569301
18 25  0.558224
18 26  0.545755
18 27  0.562197
18 28  0.541760
18 29  0.536983
18 30  0.533992
19 20  0.549806
19 21  0.547711
19 22  0.541289
19 23  0.542305
19 24  0.546080
19 25  0.558032
19 26  0.568637
19 27  0.531886
19 28  0.543073
19 29  0.535356
19 30  0.563894
20 21  0.508404
20 22  0.554298
20 23  0.556353
20 24  0.576434
20 25  0.565743
20 26  0.548808
20 27  0.570212
20 28  0.550575
20 29  0.544349
20 30  0.567846
21 22  0.552213
21 23  0.554271
21 24  0.574334
21 25  0.563676
21 26  0.545951
21 27  0.567937
21 28  0.548488
21 29  0.542283
21 30  0.564571
22 23  0.507149
22 24  0.545810
22 25  0.562948
22 26  0.573144
22 27  0.561980
22 28  0.547832
22 29  0.541481
22 30  0.569100
23 24  0.548383
23 25  0.564986
23 26  0.575215
23 27  0.565241
23 28  0.549871
23 29  0.543540
23 30  0.571349
24 25  0.584972
24 26  0.595214
24 27  0.574823
24 28  0.569908
24 29  0.563072
24 30  0.590409
25 26  0.584518
25 27  0.577883
25 28  0.536091
25 29  0.529981
25 30  0.579674
26 27  0.588091
26 28  0.568899
26 29  0.563166
26 30  0.576625
27 28  0.563074
27 29  0.548664
27 30  0.576226
28 29  0.508125
28 30  0.556211
29 30  0.558636
