  -1146.52246147
  -1146.87924274
0.00014091486000
2 2 2 2 2 2 2 2 2 2 2 2 2 2 2 0 0 0 0 0 0 0 0 0 0 0 0 0 0 0 
1  0.272567
2  0.272233
3  0.267563
4  0.267422
5  0.277518
6  0.274751
7  0.274086
8  0.276936
9  0.266377
10  0.297975
11  0.292456
12  0.276659
13  0.300118
14  0.298459
15  0.297604
16  0.276130
17  0.275468
18  0.273467
19  0.273204
20  0.279462
21  0.277628
22  0.276870
23  0.278692
24  0.299905
25  0.293081
26  0.299483
27  0.298557
28  0.278512
29  0.272165
30  0.300564
1 2  0.503016
1 3  0.540025
1 4  0.539970
1 5  0.550067
1 6  0.547302
1 7  0.546643
1 8  0.549490
1 9  0.534218
1 10  0.570532
1 11  0.544330
1 12  0.542580
1 13  0.572062
1 14  0.570702
1 15  0.570152
1 16  0.259295
1 17  0.499790
1 18  0.545412
1 19  0.545665
1 20  0.551942
1 21  0.550192
1 22  0.549421
1 23  0.551255
1 24  0.572345
1 25  0.535371
1 26  0.571878
1 27  0.571108
1 28  0.548441
1 29  0.543539
1 30  0.572437
2 3  0.539776
2 4  0.539559
2 5  0.549739
2 6  0.546973
2 7  0.546304
2 8  0.549152
2 9  0.532148
2 10  0.570189
2 11  0.544246
2 12  0.543788
2 13  0.572004
2 14  0.570095
2 15  0.569828
2 16  0.499810
2 17  0.258936
2 18  0.545592
2 19  0.544829
2 20  0.551689
2 21  0.549846
2 22  0.549100
2 23  0.550840
2 24  0.571963
2 25  0.535416
2 26  0.571594
2 27  0.570146
2 28  0.549538
2 29  0.541761
2 30  0.572779
3 4  0.534950
3 5  0.538772
3 6  0.537753
3 7  0.541623
3 8  0.544489
3 9  0.533711
3 10  0.565494
3 11  0.559602
3 12  0.542736
3 13  0.537339
3 14  0.565280
3 15  0.543853
3 16  0.543081
3 17  0.542862
3 18  0.264239
3 19  0.540699
3 20  0.543671
3 21  0.544016
3 22  0.544428
3 23  0.546253
3 24  0.567441
3 25  0.560026
3 26  0.538912
3 27  0.565913
3 28  0.543560
3 29  0.539695
3 30  0.531761
4 5  0.544931
4 6  0.542147
4 7  0.536976
4 8  0.538030
4 9  0.532520
4 10  0.543942
4 11  0.559475
4 12  0.543833
4 13  0.566795
4 14  0.535552
4 15  0.564983
4 16  0.543393
4 17  0.542297
4 18  0.540824
4 19  0.263591
4 20  0.546883
4 21  0.545045
4 22  0.543115
4 23  0.542737
4 24  0.539153
4 25  0.559906
4 26  0.566878
4 27  0.529417
4 28  0.545903
4 29  0.537074
4 30  0.567771
5 6  0.506234
5 7  0.551601
5 8  0.554453
5 9  0.543883
5 10  0.575481
5 11  0.569944
5 12  0.553997
5 13  0.574254
5 14  0.575896
5 15  0.547767
5 16  0.553514
5 17  0.552980
5 18  0.547060
5 19  0.550719
5 20  0.273604
5 21  0.502926
5 22  0.554366
5 23  0.556205
5 24  0.577385
5 25  0.570353
5 26  0.540459
5 27  0.575888
5 28  0.555392
5 29  0.549635
5 30  0.577174
6 7  0.548828
6 8  0.551684
6 9  0.541123
6 10  0.572690
6 11  0.567185
6 12  0.551295
6 13  0.569565
6 14  0.572898
6 15  0.544975
6 16  0.550858
6 17  0.550209
6 18  0.546960
6 19  0.547950
6 20  0.503472
6 21  0.274100
6 22  0.551481
6 23  0.553404
6 24  0.574428
6 25  0.567636
6 26  0.537108
6 27  0.572241
6 28  0.553101
6 29  0.546846
6 30  0.573517
7 8  0.505222
7 9  0.540362
7 10  0.544774
7 11  0.566522
7 12  0.550738
7 13  0.573892
7 14  0.567241
7 15  0.571656
7 16  0.550204
7 17  0.549533
7 18  0.547548
7 19  0.546050
7 20  0.553509
7 21  0.551571
7 22  0.273251
7 23  0.502094
7 24  0.536999
7 25  0.566961
7 26  0.573340
7 27  0.570790
7 28  0.552529
7 29  0.546080
7 30  0.573595
8 9  0.543157
8 10  0.547508
8 11  0.569363
8 12  0.553581
8 13  0.576973
8 14  0.571997
8 15  0.574529
8 16  0.553061
8 17  0.552274
8 18  0.550399
8 19  0.546259
8 20  0.556393
8 21  0.554541
8 22  0.501910
8 23  0.273085
8 24  0.540025
8 25  0.569770
8 26  0.576378
8 27  0.574574
8 28  0.555405
8 29  0.548446
8 30  0.577308
9 10  0.564002
9 11  0.534865
9 12  0.513218
9 13  0.565548
9 14  0.556614
9 15  0.563926
9 16  0.541252
9 17  0.539370
9 18  0.539791
9 19  0.536943
9 20  0.545821
9 21  0.543931
9 22  0.543153
9 23  0.544406
9 24  0.565784
9 25  0.529236
9 26  0.565808
9 27  0.556847
9 28  0.508824
9 29  0.313460
9 30  0.565395
10 11  0.590340
10 12  0.574569
10 13  0.596912
10 14  0.580577
10 15  0.595474
10 16  0.573954
10 17  0.573315
10 18  0.571426
10 19  0.542863
10 20  0.577368
10 21  0.575349
10 22  0.538694
10 23  0.538840
10 24  0.369447
10 25  0.591047
10 26  0.597087
10 27  0.572250
10 28  0.576431
10 29  0.569813
10 30  0.597009
11 12  0.544505
11 13  0.591381
11 14  0.589770
11 15  0.589969
11 16  0.538309
11 17  0.537982
11 18  0.565121
11 19  0.564900
11 20  0.571677
11 21  0.569973
11 22  0.569212
11 23  0.570913
11 24  0.592337
11 25  0.380891
11 26  0.591911
11 27  0.587826
11 28  0.539813
11 29  0.534193
11 30  0.589729
12 13  0.567523
12 14  0.574150
12 15  0.573875
12 16  0.550158
12 17  0.550822
12 18  0.547285
12 19  0.549804
12 20  0.555399
12 21  0.554184
12 22  0.553445
12 23  0.555330
12 24  0.576505
12 25  0.538792
12 26  0.575605
12 27  0.573569
12 28  0.319777
12 29  0.511983
12 30  0.568225
13 14  0.587944
13 15  0.582158
13 16  0.575545
13 17  0.575568
13 18  0.536833
13 19  0.573108
13 20  0.578686
13 21  0.575550
13 22  0.575815
13 23  0.578521
13 24  0.598487
13 25  0.589676
13 26  0.575763
13 27  0.586072
13 28  0.569549
13 29  0.570725
13 30  0.357497
14 15  0.594904
14 16  0.574571
14 17  0.573272
14 18  0.571711
14 19  0.534835
14 20  0.577632
14 21  0.574922
14 22  0.573139
14 23  0.576251
14 24  0.574276
14 25  0.588053
14 26  0.596430
14 27  0.354993
14 28  0.575505
14 29  0.561574
14 30  0.586587
15 16  0.573604
15 17  0.572919
15 18  0.543093
15 19  0.570792
15 20  0.539056
15 21  0.539147
15 22  0.574224
15 23  0.576228
15 24  0.597126
15 25  0.590674
15 26  0.368986
15 27  0.594652
15 28  0.575779
15 29  0.569721
15 30  0.574005
16 17  0.508595
16 18  0.549465
16 19  0.549302
16 20  0.555579
16 21  0.553747
16 22  0.552991
16 23  0.554813
16 24  0.576025
16 25  0.548055
16 26  0.575583
16 27  0.574269
16 28  0.547559
16 29  0.542227
16 30  0.575972
17 18  0.548899
17 19  0.548543
17 20  0.554921
17 21  0.553088
17 22  0.552328
17 23  0.554147
17 24  0.575343
17 25  0.547794
17 26  0.574942
17 27  0.573328
17 28  0.547448
17 29  0.540712
17 30  0.575570
18 19  0.546647
18 20  0.546125
18 21  0.545386
18 22  0.550302
18 23  0.552142
18 24  0.573303
18 25  0.566045
18 26  0.549838
18 27  0.570794
18 28  0.550127
18 29  0.545308
18 30  0.543073
19 20  0.552650
19 21  0.550798
19 22  0.544324
19 23  0.545111
19 24  0.550060
19 25  0.565794
19 26  0.572620
19 27  0.540792
19 28  0.551403
19 29  0.543598
19 30  0.572558
20 21  0.510594
20 22  0.556323
20 23  0.558150
20 24  0.579345
20 25  0.572512
20 26  0.551866
20 27  0.577856
20 28  0.557900
20 29  0.551602
20 30  0.575529
21 22  0.554481
21 23  0.556312
21 24  0.577480
21 25  0.570693
21 26  0.549112
21 27  0.575779
21 28  0.556058
21 29  0.549788
21 30  0.572470
22 23  0.509298
22 24  0.548907
22 25  0.569938
22 26  0.576303
22 27  0.569736
22 28  0.555376
22 29  0.548956
22 30  0.577040
23 24  0.551383
23 25  0.571743
23 26  0.578155
23 27  0.572794
23 28  0.557180
23 29  0.550784
23 30  0.579107
24 25  0.592832
24 26  0.599237
24 27  0.583555
24 28  0.578327
24 29  0.571413
24 30  0.599081
25 26  0.592421
25 27  0.590420
25 28  0.547849
25 29  0.541689
25 30  0.592318
26 27  0.596679
26 28  0.577348
26 29  0.571559
26 30  0.585516
27 28  0.576151
27 29  0.561594
27 30  0.587926
28 29  0.519085
28 30  0.569299
29 30  0.571760
