  -1146.52246147
  -1146.88031391
0.00000591500202
2 2 2 2 2 2 2 2 2 2 2 2 2 2 2 0 0 0 0 0 0 0 0 0 0 0 0 0 0 0 
1  0.278042
2  0.277524
3  0.269296
4  0.269160
5  0.278181
6  0.275608
7  0.274971
8  0.277607
9  0.271447
10  0.299736
11  0.296990
12  0.281840
13  0.305908
14  0.304351
15  0.299307
16  0.281514
17  0.280993
18  0.275407
19  0.275156
20  0.280166
21  0.278562
22  0.277798
23  0.279400
24  0.301653
25  0.297506
26  0.301212
27  0.304144
28  0.283602
29  0.277305
30  0.306206
1 2  0.511257
1 3  0.547225
1 4  0.547175
1 5  0.556203
1 6  0.553630
1 7  0.552999
1 8  0.555633
1 9  0.544422
1 10  0.577766
1 11  0.554145
1 12  0.552995
1 13  0.583279
1 14  0.582023
1 15  0.577329
1 16  0.268360
1 17  0.508872
1 18  0.552830
1 19  0.553077
1 20  0.558118
1 21  0.556601
1 22  0.555824
1 23  0.557435
1 24  0.579551
1 25  0.544895
1 26  0.579081
1 27  0.582156
1 28  0.558922
1 29  0.554088
1 30  0.583550
2 3  0.546791
2 4  0.546580
2 5  0.555689
2 6  0.553118
2 7  0.552476
2 8  0.555111
2 9  0.542284
2 10  0.577240
2 11  0.553890
2 12  0.553913
2 13  0.583036
2 14  0.581234
2 15  0.576821
2 16  0.508744
2 17  0.267997
2 18  0.552804
2 19  0.552078
2 20  0.557682
2 21  0.556072
2 22  0.555319
2 23  0.556837
2 24  0.579002
2 25  0.544884
2 26  0.578594
2 27  0.581023
2 28  0.559846
2 29  0.552110
2 30  0.583699
3 4  0.538410
3 5  0.541154
3 6  0.540340
3 7  0.544235
3 8  0.546893
3 9  0.540458
3 10  0.568971
3 11  0.565819
3 12  0.549608
3 13  0.545103
3 14  0.572728
3 15  0.547363
3 16  0.550187
3 17  0.550102
3 18  0.267887
3 19  0.544316
3 20  0.546128
3 21  0.546684
3 22  0.547086
3 23  0.548691
3 24  0.570910
3 25  0.566165
3 26  0.542500
3 27  0.573172
3 28  0.550426
3 29  0.546560
3 30  0.539440
4 5  0.547332
4 6  0.544737
4 7  0.539596
4 8  0.540425
4 9  0.539289
4 10  0.547513
4 11  0.565693
4 12  0.550695
4 13  0.574143
4 14  0.543429
4 15  0.568407
4 16  0.550492
4 17  0.549549
4 18  0.544433
4 19  0.267246
4 20  0.549322
4 21  0.547715
4 22  0.545781
4 23  0.545202
4 24  0.542758
4 25  0.566061
4 26  0.570330
4 27  0.537044
4 28  0.552722
4 29  0.544004
4 30  0.575090
5 6  0.507870
5 7  0.553143
5 8  0.555786
5 9  0.549614
5 10  0.577900
5 11  0.575140
5 12  0.559830
5 13  0.580650
5 14  0.582433
5 15  0.550237
5 16  0.559553
5 17  0.559167
5 18  0.549680
5 19  0.553331
5 20  0.274994
5 21  0.504683
5 22  0.555950
5 23  0.557571
5 24  0.579796
5 25  0.575445
5 26  0.542961
5 27  0.582145
5 28  0.561146
5 29  0.555438
5 30  0.583476
6 7  0.550559
6 8  0.553206
6 9  0.547049
6 10  0.575292
6 11  0.572577
6 12  0.557327
6 13  0.576106
6 14  0.579583
6 15  0.547547
6 16  0.557098
6 17  0.556591
6 18  0.549760
6 19  0.550759
6 20  0.505181
6 21  0.275882
6 22  0.553224
6 23  0.554962
6 24  0.577017
6 25  0.572920
6 26  0.539778
6 27  0.578686
6 28  0.559052
6 29  0.552846
6 30  0.580012
7 8  0.506893
7 9  0.546311
7 10  0.547426
7 11  0.571941
7 12  0.556803
7 13  0.580501
7 14  0.573907
7 15  0.574228
7 16  0.556473
7 17  0.555941
7 18  0.550372
7 19  0.548888
7 20  0.555090
7 21  0.553347
7 22  0.275044
7 23  0.503839
7 24  0.539713
7 25  0.572272
7 26  0.575934
7 27  0.577254
7 28  0.558505
7 29  0.552109
7 30  0.580105
8 9  0.548886
8 10  0.550045
8 11  0.574567
8 12  0.559431
8 13  0.583416
8 14  0.578501
8 15  0.576897
8 16  0.559115
8 17  0.558461
8 18  0.553007
8 19  0.548898
8 20  0.557764
8 21  0.556139
8 22  0.503663
8 23  0.274481
8 24  0.542552
8 25  0.574870
8 26  0.578776
8 27  0.580829
8 28  0.561164
8 29  0.554260
8 30  0.583621
9 10  0.570822
9 11  0.544137
9 12  0.521885
9 13  0.576317
9 14  0.567425
9 15  0.570680
9 16  0.551630
9 17  0.549863
9 18  0.546787
9 19  0.544018
9 20  0.551595
9 21  0.549933
9 22  0.549150
9 23  0.550196
9 24  0.572603
9 25  0.538334
9 26  0.572610
9 27  0.567514
9 28  0.517238
9 29  0.323429
9 30  0.576100
10 11  0.596618
10 12  0.581489
10 13  0.604192
10 14  0.588174
10 15  0.598899
10 16  0.581077
10 17  0.580598
10 18  0.575115
10 19  0.546710
10 20  0.579839
10 21  0.578009
10 22  0.541445
10 23  0.541410
10 24  0.373061
10 25  0.597230
10 26  0.600516
10 27  0.579709
10 28  0.583288
10 29  0.576713
10 30  0.604408
11 12  0.553924
11 13  0.601627
11 14  0.600112
11 15  0.596191
11 16  0.547945
11 17  0.547652
11 18  0.571583
11 19  0.571362
11 20  0.576908
11 21  0.575442
11 22  0.574674
11 23  0.576146
11 24  0.598615
11 25  0.389027
11 26  0.598171
11 27  0.597960
11 28  0.549055
11 29  0.543381
11 30  0.599925
12 13  0.578345
12 14  0.585132
12 15  0.580749
12 16  0.560630
12 17  0.561452
12 18  0.554472
12 19  0.556926
12 20  0.561299
12 21  0.560300
12 22  0.559553
12 23  0.561218
12 24  0.583435
12 25  0.547887
12 26  0.582519
12 27  0.584332
12 28  0.329800
12 29  0.520472
12 30  0.579073
13 14  0.597613
13 15  0.589605
13 16  0.586716
13 17  0.586865
13 18  0.544837
13 19  0.580771
13 20  0.585174
13 21  0.582262
13 22  0.582535
13 23  0.585021
13 24  0.606037
13 25  0.599911
13 26  0.583393
13 27  0.596709
13 28  0.580450
13 29  0.581631
13 30  0.368158
14 15  0.602236
14 16  0.585831
14 17  0.584681
14 18  0.579466
14 19  0.542950
14 20  0.584222
14 21  0.581735
14 22  0.579948
14 23  0.582843
14 24  0.582029
14 25  0.598401
14 26  0.604049
14 27  0.365648
14 28  0.586467
14 29  0.572636
14 30  0.597269
15 16  0.580689
15 17  0.580128
15 18  0.546862
15 19  0.574437
15 20  0.541563
15 21  0.541846
15 22  0.576823
15 23  0.578644
15 24  0.600535
15 25  0.596799
15 26  0.372539
15 27  0.601956
15 28  0.582570
15 29  0.576569
15 30  0.581476
16 17  0.517065
16 18  0.556776
16 19  0.556625
16 20  0.561665
16 21  0.560061
16 22  0.559301
16 23  0.560903
16 24  0.583156
16 25  0.557677
16 26  0.582693
16 27  0.585185
16 28  0.557782
16 29  0.552408
16 30  0.586945
17 18  0.556353
17 19  0.556006
17 20  0.561147
17 21  0.559543
17 22  0.558776
17 23  0.560377
17 24  0.582613
17 25  0.557530
17 26  0.582194
17 27  0.584387
17 28  0.557713
17 29  0.551111
17 30  0.586684
18 19  0.550528
18 20  0.548766
18 21  0.548274
18 22  0.553165
18 23  0.554793
18 24  0.576970
18 25  0.572362
18 26  0.553589
18 27  0.578045
18 28  0.557108
18 29  0.552329
18 30  0.550873
19 20  0.555308
19 21  0.553679
19 22  0.547217
19 23  0.547764
19 24  0.553843
19 25  0.572128
19 26  0.576278
19 27  0.548536
19 28  0.558378
19 29  0.550645
19 30  0.579881
20 21  0.512351
20 22  0.557945
20 23  0.559559
20 24  0.581786
20 25  0.577640
20 26  0.554426
20 27  0.584120
20 28  0.563691
20 29  0.557440
20 30  0.581807
21 22  0.556326
21 23  0.557944
21 24  0.580145
21 25  0.576053
21 26  0.551771
21 27  0.582225
21 28  0.562079
21 29  0.555862
21 30  0.578933
22 23  0.511052
22 24  0.551581
22 25  0.575291
22 26  0.578944
22 27  0.576142
22 28  0.561393
22 29  0.555022
22 30  0.583537
23 24  0.553961
23 25  0.576874
23 26  0.580581
23 27  0.579024
23 28  0.562970
23 29  0.556630
23 30  0.585430
24 25  0.598986
24 26  0.602682
24 27  0.590847
24 28  0.585137
24 29  0.578287
24 30  0.606197
25 26  0.598556
25 27  0.600360
25 28  0.557065
25 29  0.550973
25 30  0.602300
26 27  0.603724
26 28  0.584150
26 29  0.578403
26 30  0.592845
27 28  0.586742
27 29  0.572219
27 30  0.597377
28 29  0.527680
28 30  0.579917
29 30  0.582456
