   -993.89043946
   -994.20610306
0.00019731566900
2 2 2 2 2 2 2 2 2 2 2 2 2 0 0 0 0 0 0 0 0 0 0 0 0 0 
1  0.288942
2  0.262510
3  0.290985
4  0.278294
5  0.277471
6  0.272135
7  0.287506
8  0.312979
9  0.293865
10  0.308834
11  0.305492
12  0.301787
13  0.303540
14  0.293762
15  0.270906
16  0.295755
17  0.282593
18  0.279180
19  0.275782
20  0.303739
21  0.296262
22  0.312771
23  0.290968
24  0.312624
25  0.307340
26  0.302730
1 2  0.549835
1 3  0.578642
1 4  0.566135
1 5  0.566301
1 6  0.560817
1 7  0.567309
1 8  0.590877
1 9  0.582240
1 10  0.565273
1 11  0.588135
1 12  0.589459
1 13  0.582855
1 14  0.323029
1 15  0.558393
1 16  0.584084
1 17  0.571414
1 18  0.568039
1 19  0.563923
1 20  0.578297
1 21  0.584839
1 22  0.598260
1 23  0.571693
1 24  0.566753
1 25  0.592702
1 26  0.589791
2 3  0.553450
2 4  0.540687
2 5  0.539313
2 6  0.534292
2 7  0.548326
2 8  0.574779
2 9  0.539204
2 10  0.549470
2 11  0.567769
2 12  0.561348
2 13  0.564498
2 14  0.555162
2 15  0.233522
2 16  0.558183
2 17  0.544663
2 18  0.540149
2 19  0.538122
2 20  0.560855
2 21  0.541416
2 22  0.574770
2 23  0.552141
2 24  0.553713
2 25  0.569641
2 26  0.559765
3 4  0.524287
3 5  0.568455
3 6  0.563119
3 7  0.578439
3 8  0.596567
3 9  0.584842
3 10  0.599074
3 11  0.573701
3 12  0.592768
3 13  0.592217
3 14  0.584036
3 15  0.561816
3 16  0.278654
3 17  0.527551
3 18  0.570149
3 19  0.566721
3 20  0.588757
3 21  0.587243
3 22  0.599905
3 23  0.581691
3 24  0.603303
3 25  0.572242
3 26  0.593673
4 5  0.555764
4 6  0.550428
4 7  0.565764
4 8  0.574670
4 9  0.572145
4 10  0.585721
4 11  0.577865
4 12  0.580075
4 13  0.576958
4 14  0.571934
4 15  0.548721
4 16  0.528049
4 17  0.268913
4 18  0.557452
4 19  0.554043
4 20  0.575645
4 21  0.574500
4 22  0.581864
4 23  0.569209
4 24  0.589851
4 25  0.575602
4 26  0.581022
5 6  0.504892
5 7  0.561431
5 8  0.590442
5 9  0.564538
5 10  0.586262
5 11  0.582958
5 12  0.555891
5 13  0.580994
5 14  0.571167
5 15  0.546610
5 16  0.573203
5 17  0.560037
5 18  0.266670
5 19  0.501773
5 20  0.581185
5 21  0.570726
5 22  0.590180
5 23  0.567238
5 24  0.589735
5 25  0.584784
5 26  0.548222
6 7  0.553627
6 8  0.585102
6 9  0.560564
6 10  0.580911
6 11  0.577617
6 12  0.554098
6 13  0.575638
6 14  0.565339
6 15  0.542776
6 16  0.567844
6 17  0.554695
6 18  0.501638
6 19  0.261660
6 20  0.575849
6 21  0.567510
6 22  0.584779
6 23  0.560282
6 24  0.584701
6 25  0.579376
6 26  0.544377
7 8  0.599881
7 9  0.548214
7 10  0.595759
7 11  0.592556
7 12  0.566050
7 13  0.590195
7 14  0.572208
7 15  0.556428
7 16  0.582955
7 17  0.570021
7 18  0.565359
7 19  0.560523
7 20  0.589648
7 21  0.544054
7 22  0.599685
7 23  0.326124
7 24  0.599542
7 25  0.593771
7 26  0.561370
8 9  0.606778
8 10  0.614223
8 11  0.583005
8 12  0.614668
8 13  0.591883
8 14  0.603147
8 15  0.583279
8 16  0.604082
8 17  0.586113
8 18  0.592103
8 19  0.588598
8 20  0.587612
8 21  0.609161
8 22  0.381453
8 23  0.603316
8 24  0.622492
8 25  0.582478
8 26  0.615609
9 10  0.601282
9 11  0.599333
9 12  0.571875
9 13  0.597299
9 14  0.587210
9 15  0.547814
9 16  0.589597
9 17  0.576361
9 18  0.570504
9 19  0.568597
9 20  0.596879
9 21  0.336748
9 22  0.606487
9 23  0.546674
9 24  0.603633
9 25  0.601199
9 26  0.565758
10 11  0.610794
10 12  0.610429
10 13  0.591333
10 14  0.568196
10 15  0.557350
10 16  0.604238
10 17  0.590292
10 18  0.587672
10 19  0.584585
10 20  0.587786
10 21  0.602039
10 22  0.618638
10 23  0.598960
10 24  0.355196
10 25  0.613107
10 26  0.610454
11 12  0.607215
11 13  0.586267
11 14  0.595669
11 15  0.576151
11 16  0.575064
11 17  0.577554
11 18  0.584659
11 19  0.581176
11 20  0.579474
11 21  0.601749
11 22  0.581257
11 23  0.595661
11 24  0.614877
11 25  0.388555
11 26  0.608016
12 13  0.605240
12 14  0.593501
12 15  0.567368
12 16  0.597514
12 17  0.584379
12 18  0.547745
12 19  0.548833
12 20  0.604645
12 21  0.569149
12 22  0.614507
12 23  0.562102
12 24  0.613220
12 25  0.608930
12 26  0.385143
13 14  0.582934
13 15  0.568949
13 16  0.592938
13 17  0.580302
13 18  0.582698
13 19  0.579264
13 20  0.407086
13 21  0.599242
13 22  0.587822
13 23  0.592803
13 24  0.590202
13 25  0.582130
13 26  0.605419
14 15  0.562756
14 16  0.587989
14 17  0.574944
14 18  0.572743
14 19  0.569196
14 20  0.587749
14 21  0.589340
14 22  0.593838
14 23  0.574003
14 24  0.571968
14 25  0.594444
14 26  0.594851
15 16  0.566581
15 17  0.553354
15 18  0.549276
15 19  0.546294
15 20  0.572652
15 21  0.547401
15 22  0.582914
15 23  0.559830
15 24  0.559230
15 25  0.577941
15 26  0.570367
16 17  0.531652
16 18  0.574933
16 19  0.571535
16 20  0.596602
16 21  0.592008
16 22  0.601159
16 23  0.586632
16 24  0.607338
16 25  0.578914
16 26  0.598477
17 18  0.561771
17 19  0.558373
17 20  0.581118
17 21  0.578842
17 22  0.576986
17 23  0.573489
17 24  0.593587
17 25  0.583711
17 26  0.585313
18 19  0.509037
18 20  0.582888
18 21  0.568408
18 22  0.591938
18 23  0.565053
18 24  0.591716
18 25  0.586512
18 26  0.559178
19 20  0.579471
19 21  0.565697
19 22  0.588533
19 23  0.560293
19 24  0.588331
19 25  0.583109
19 26  0.557494
20 21  0.599930
20 22  0.591616
20 23  0.593689
20 24  0.595991
20 25  0.589453
20 26  0.606351
21 22  0.608959
21 23  0.552589
21 24  0.607589
21 25  0.603573
21 26  0.575498
22 23  0.602837
22 24  0.617856
22 25  0.584191
22 26  0.615357
23 24  0.602925
23 25  0.597748
23 26  0.571211
24 25  0.615810
24 26  0.615190
25 26  0.609986
