   -993.89043946
   -994.21031054
0.00008146242360
2 2 2 2 2 2 2 2 2 2 2 2 2 0 0 0 0 0 0 0 0 0 0 0 0 0 
1  0.303090
2  0.273482
3  0.296373
4  0.285105
5  0.282497
6  0.277186
7  0.298431
8  0.325683
9  0.303620
10  0.321393
11  0.315900
12  0.310160
13  0.314708
14  0.307533
15  0.281847
16  0.301530
17  0.289936
18  0.284371
19  0.281091
20  0.314004
21  0.305983
22  0.325742
23  0.301996
24  0.325398
25  0.317987
26  0.310558
1 2  0.574753
1 3  0.597709
1 4  0.586603
1 5  0.585437
1 6  0.579881
1 7  0.591224
1 8  0.614892
1 9  0.606090
1 10  0.591552
1 11  0.611924
1 12  0.611697
1 13  0.607665
1 14  0.348661
1 15  0.583358
1 16  0.603809
1 17  0.592817
1 18  0.587242
1 19  0.583210
1 20  0.602671
1 21  0.608670
1 22  0.624436
1 23  0.596460
1 24  0.593397
1 25  0.616980
1 26  0.611780
2 3  0.569780
2 4  0.558414
2 5  0.555070
2 6  0.550267
2 7  0.570112
2 8  0.598333
2 9  0.557975
2 10  0.570697
2 11  0.589104
2 12  0.580292
2 13  0.586291
2 14  0.579775
2 15  0.252508
2 16  0.574890
2 17  0.562830
2 18  0.556075
2 19  0.554298
2 20  0.582280
2 21  0.561344
2 22  0.598612
2 23  0.574047
2 24  0.576205
2 25  0.591258
2 26  0.578604
3 4  0.537106
3 5  0.578870
3 6  0.573556
3 7  0.594702
3 8  0.614178
3 9  0.599983
3 10  0.616722
3 11  0.587602
3 12  0.606520
3 13  0.608491
3 14  0.603120
3 15  0.578148
3 16  0.290113
3 17  0.541048
3 18  0.580705
3 19  0.577385
3 20  0.604215
3 21  0.602344
3 22  0.618028
3 23  0.598005
3 24  0.621416
3 25  0.587956
3 26  0.606873
4 5  0.567601
4 6  0.562289
4 7  0.583469
4 8  0.591744
4 9  0.588709
4 10  0.604673
4 11  0.594745
4 12  0.595252
4 13  0.594702
4 14  0.592447
4 15  0.566428
4 16  0.541226
4 17  0.282046
4 18  0.569431
4 19  0.566145
4 20  0.592695
4 21  0.590995
4 22  0.600803
4 23  0.587028
4 24  0.609309
4 25  0.593076
4 26  0.595662
5 6  0.515222
5 7  0.576671
5 8  0.608174
5 9  0.578904
5 10  0.603805
5 11  0.598393
5 12  0.568770
5 13  0.597181
5 14  0.589942
5 15  0.562389
5 16  0.583995
5 17  0.572393
5 18  0.276559
5 19  0.512644
5 20  0.596464
5 21  0.585376
5 22  0.608162
5 23  0.583093
5 24  0.607515
5 25  0.600460
5 26  0.560818
6 7  0.568968
6 8  0.602845
6 9  0.574508
6 10  0.598496
6 11  0.593064
6 12  0.567315
6 13  0.591822
6 14  0.583874
6 15  0.558746
6 16  0.578632
6 17  0.567062
6 18  0.512461
6 19  0.271511
6 20  0.591141
6 21  0.582048
6 22  0.602713
6 23  0.576298
6 24  0.602534
6 25  0.595020
6 26  0.557251
7 8  0.623275
7 9  0.568724
7 10  0.619191
7 11  0.613702
7 12  0.583746
7 13  0.612159
7 14  0.596656
7 15  0.578240
7 16  0.599537
7 17  0.588254
7 18  0.581250
7 19  0.576464
7 20  0.610929
7 21  0.564293
7 22  0.623371
7 23  0.347112
7 24  0.623193
7 25  0.615278
7 26  0.578631
8 9  0.629217
8 10  0.638843
8 11  0.605544
8 12  0.635684
8 13  0.615528
8 14  0.628728
8 15  0.606951
8 16  0.622386
8 17  0.605135
8 18  0.609955
8 19  0.606580
8 20  0.610633
8 21  0.631541
8 22  0.404480
8 23  0.627047
8 24  0.647687
8 25  0.605553
8 26  0.636169
9 10  0.623331
9 11  0.619488
9 12  0.589244
9 13  0.618199
9 14  0.610687
9 15  0.567665
9 16  0.605107
9 17  0.593407
9 18  0.585342
9 19  0.583435
9 20  0.616898
9 21  0.354485
9 22  0.629143
9 23  0.567200
9 24  0.625901
9 25  0.621593
9 26  0.582868
10 11  0.633398
10 12  0.631290
10 13  0.613532
10 14  0.594489
10 15  0.580093
10 16  0.622497
10 17  0.610051
10 18  0.605361
10 19  0.602429
10 20  0.609436
10 21  0.624265
10 22  0.644076
10 23  0.622486
10 24  0.378005
10 25  0.636116
10 26  0.630802
11 12  0.625956
11 13  0.606439
11 14  0.619591
11 15  0.597455
11 16  0.590326
11 17  0.595401
11 18  0.600230
11 19  0.596829
11 20  0.598986
11 21  0.621876
11 22  0.604209
11 23  0.616804
11 24  0.637875
11 25  0.408737
11 26  0.626193
12 13  0.624769
12 14  0.615713
12 15  0.586606
12 16  0.611646
12 17  0.600095
12 18  0.561068
12 19  0.562379
12 20  0.623264
12 21  0.586689
12 22  0.635827
12 23  0.579686
12 24  0.634464
12 25  0.627908
12 26  0.401912
13 14  0.607339
13 15  0.591237
13 16  0.609819
13 17  0.598544
13 18  0.599061
13 19  0.595729
13 20  0.427982
13 21  0.620147
13 22  0.611668
13 23  0.615041
13 24  0.613734
13 25  0.601784
13 26  0.624355
14 15  0.587327
14 16  0.607115
14 17  0.595512
14 18  0.591672
14 19  0.588131
14 20  0.611366
14 21  0.612725
14 22  0.617778
14 23  0.597224
14 24  0.597996
14 25  0.618035
14 26  0.616285
15 16  0.583260
15 17  0.571559
15 18  0.565143
15 19  0.562407
15 20  0.593540
15 21  0.566033
15 22  0.606673
15 23  0.581689
15 24  0.580602
15 25  0.599449
15 26  0.588878
16 17  0.545243
16 18  0.585899
16 19  0.582616
16 20  0.612389
16 21  0.607498
16 22  0.619396
16 23  0.603388
16 24  0.625580
16 25  0.593757
16 26  0.612068
17 18  0.574305
17 19  0.571024
17 20  0.598189
17 21  0.595899
17 22  0.594862
17 23  0.591830
17 24  0.613158
17 25  0.601338
17 26  0.600476
18 19  0.519947
18 20  0.598332
18 21  0.582708
18 22  0.610100
18 23  0.580542
18 24  0.609661
18 25  0.602348
18 26  0.571680
19 20  0.595001
19 21  0.579965
19 22  0.606795
19 23  0.575947
19 24  0.606383
19 25  0.599045
19 26  0.570273
20 21  0.619894
20 22  0.614717
20 23  0.614917
20 24  0.617443
20 25  0.609352
20 26  0.624409
21 22  0.631614
21 23  0.572924
21 24  0.629864
21 25  0.623914
21 26  0.592472
22 23  0.626644
22 24  0.642764
22 25  0.606798
22 26  0.636088
23 24  0.626619
23 25  0.619229
23 26  0.588684
24 25  0.638839
24 26  0.635770
25 26  0.628393
