   -993.89043946
   -994.21219949
0.00002834818620
2 2 2 2 2 2 2 2 2 2 2 2 2 0 0 0 0 0 0 0 0 0 0 0 0 0 
1  0.311392
2  0.279762
3  0.299755
4  0.288580
5  0.285195
6  0.280093
7  0.304702
8  0.331869
9  0.308710
10  0.328054
11  0.320891
12  0.314418
13  0.320445
14  0.315997
15  0.288625
16  0.304927
17  0.293638
18  0.287134
19  0.284083
20  0.319387
21  0.310986
22  0.331653
23  0.308410
24  0.331933
25  0.322971
26  0.314741
1 2  0.589271
1 3  0.609078
1 4  0.598105
1 5  0.596407
1 6  0.591017
1 7  0.604503
1 8  0.627717
1 9  0.619470
1 10  0.606466
1 11  0.624530
1 12  0.624104
1 13  0.621425
1 14  0.363863
1 15  0.598357
1 16  0.615422
1 17  0.604792
1 18  0.598265
1 19  0.594467
1 20  0.616264
1 21  0.621951
1 22  0.638185
1 23  0.610871
1 24  0.608425
1 25  0.630133
1 26  0.624245
2 3  0.579409
2 4  0.568109
2 5  0.563920
2 6  0.559370
2 7  0.582630
2 8  0.610701
2 9  0.568185
2 10  0.581982
2 11  0.600302
2 12  0.590580
2 13  0.598087
2 14  0.594442
2 15  0.264212
2 16  0.584517
2 17  0.572694
2 18  0.565023
2 19  0.563540
2 20  0.593894
2 21  0.572413
2 22  0.610744
2 23  0.586691
2 24  0.588613
2 25  0.602497
2 26  0.589082
3 4  0.544237
3 5  0.584950
3 6  0.579843
3 7  0.604313
3 8  0.623483
3 9  0.608448
3 10  0.626544
3 11  0.595129
3 12  0.614149
3 13  0.617498
3 14  0.614846
3 15  0.588260
3 16  0.296569
3 17  0.548502
3 18  0.586817
3 19  0.583700
3 20  0.612865
3 21  0.610721
3 22  0.627359
3 23  0.607730
3 24  0.631256
3 25  0.596231
3 26  0.614430
4 5  0.573775
4 6  0.568670
4 7  0.593188
4 8  0.600305
4 9  0.597267
4 10  0.614534
4 11  0.603177
4 12  0.602976
4 13  0.603619
4 14  0.604345
4 15  0.576561
4 16  0.548495
4 17  0.288700
4 18  0.575644
4 19  0.572580
4 20  0.601476
4 21  0.599445
4 22  0.609860
4 23  0.596907
4 24  0.619239
4 25  0.601631
4 26  0.603320
5 6  0.521103
5 7  0.585300
5 8  0.617056
5 9  0.586261
5 10  0.613140
5 11  0.606081
5 12  0.575545
5 13  0.605605
5 14  0.601069
5 15  0.571777
5 16  0.590052
5 17  0.578754
5 18  0.281803
5 19  0.518759
5 20  0.604545
5 21  0.592989
5 22  0.616710
5 23  0.592100
5 24  0.616743
5 25  0.608115
5 26  0.567722
6 7  0.577616
6 8  0.611923
6 9  0.582061
6 10  0.608032
6 11  0.600947
6 12  0.574326
6 13  0.600433
6 14  0.595204
6 15  0.568393
6 16  0.584873
6 17  0.573632
6 18  0.518521
6 19  0.277096
6 20  0.599426
6 21  0.589847
6 22  0.611439
6 23  0.585493
6 24  0.611974
6 25  0.602854
6 26  0.564340
7 8  0.635517
7 9  0.580219
7 10  0.632081
7 11  0.624844
7 12  0.593536
7 13  0.624084
7 14  0.611108
7 15  0.591267
7 16  0.609112
7 17  0.598190
7 18  0.590164
7 19  0.585575
7 20  0.622648
7 21  0.575601
7 22  0.635474
7 23  0.359053
7 24  0.635992
7 25  0.626540
7 26  0.588744
8 9  0.640463
8 10  0.651222
8 11  0.616781
8 12  0.646068
8 13  0.627482
8 14  0.642890
8 15  0.619832
8 16  0.631967
8 17  0.614582
8 18  0.618855
8 19  0.615664
8 20  0.622239
8 21  0.642703
8 22  0.415652
8 23  0.639537
8 24  0.660286
8 25  0.616837
8 26  0.646529
9 10  0.634864
9 11  0.629544
9 12  0.598315
9 13  0.628998
9 14  0.624217
9 15  0.579179
9 16  0.613582
9 17  0.602162
9 18  0.593082
9 19  0.591384
9 20  0.627341
9 21  0.363925
9 22  0.640132
9 23  0.578856
9 24  0.637313
9 25  0.631664
9 26  0.592042
10 11  0.644756
10 12  0.642187
10 13  0.625238
10 14  0.609853
10 15  0.593018
10 16  0.632491
10 17  0.620357
10 18  0.614779
10 19  0.612077
10 20  0.621241
10 21  0.635787
10 22  0.656556
10 23  0.635561
10 24  0.390690
10 25  0.647637
10 26  0.641657
11 12  0.635159
11 13  0.616574
11 14  0.632862
11 15  0.609200
11 16  0.598486
11 17  0.604186
11 18  0.607958
11 19  0.604751
11 20  0.609045
11 21  0.631865
11 22  0.615180
11 23  0.628199
11 24  0.649239
11 25  0.418256
11 26  0.635364
12 13  0.634742
12 14  0.628359
12 15  0.597585
12 16  0.619295
12 17  0.608056
12 18  0.568096
12 19  0.569615
12 20  0.632886
12 21  0.595757
12 22  0.645997
12 23  0.589932
12 24  0.645304
12 25  0.637157
12 26  0.410204
13 14  0.621417
13 15  0.603623
13 16  0.618840
13 17  0.607955
13 18  0.607564
13 19  0.604455
13 20  0.438642
13 21  0.630815
13 22  0.623279
13 23  0.627294
13 24  0.625737
13 25  0.612100
13 26  0.634300
14 15  0.602476
14 16  0.618575
14 17  0.607366
14 18  0.602838
14 19  0.599484
14 20  0.624980
14 21  0.626171
14 22  0.630619
14 23  0.610718
14 24  0.612952
14 25  0.630742
14 26  0.628719
15 16  0.593409
15 17  0.581959
15 18  0.574585
15 19  0.572108
15 20  0.605434
15 21  0.576537
15 22  0.619278
15 23  0.594825
15 24  0.592263
15 25  0.611146
15 26  0.599573
16 17  0.552620
16 18  0.592059
16 19  0.589001
16 20  0.621006
16 21  0.615882
16 22  0.628521
16 23  0.613131
16 24  0.635364
16 25  0.601432
16 26  0.619627
17 18  0.580772
17 19  0.577719
17 20  0.606996
17 21  0.604587
17 22  0.603279
17 23  0.601907
17 24  0.623130
17 25  0.610001
17 26  0.608344
18 19  0.526014
18 20  0.606467
18 21  0.590095
18 22  0.618774
18 23  0.589279
18 24  0.618936
18 25  0.610095
18 26  0.578431
19 20  0.603343
19 21  0.587594
19 22  0.615685
19 23  0.584841
19 24  0.615872
19 25  0.607006
19 26  0.577230
20 21  0.630245
20 22  0.626172
20 23  0.626603
20 24  0.628744
20 25  0.619209
20 26  0.633960
21 22  0.642479
21 23  0.584468
21 24  0.641167
21 25  0.633867
21 26  0.601481
22 23  0.638744
22 24  0.654807
22 25  0.617597
22 26  0.646105
23 24  0.639528
23 25  0.630486
23 26  0.598730
24 25  0.649997
24 26  0.646449
25 26  0.637509
