   -993.89043946
   -994.21286419
0.00000012254847
2 2 2 2 2 2 2 2 2 2 2 2 2 0 0 0 0 0 0 0 0 0 0 0 0 0 
1  0.314707
2  0.282517
3  0.301243
4  0.289987
5  0.286360
6  0.281348
7  0.307259
8  0.334043
9  0.310660
10  0.330770
11  0.322898
12  0.316094
13  0.322685
14  0.319302
15  0.291526
16  0.306465
17  0.295144
18  0.288327
19  0.285362
20  0.321556
21  0.312851
22  0.333787
23  0.310977
24  0.334570
25  0.324942
26  0.316431
1 2  0.595309
1 3  0.613753
1 4  0.602707
1 5  0.600854
1 6  0.595538
1 7  0.609900
1 8  0.632492
1 9  0.624725
1 10  0.612536
1 11  0.629637
1 12  0.629010
1 13  0.626876
1 14  0.370077
1 15  0.604531
1 16  0.620226
1 17  0.609596
1 18  0.602768
1 19  0.599003
1 20  0.621722
1 21  0.627110
1 22  0.643411
1 23  0.616612
1 24  0.614451
1 25  0.635405
1 26  0.629255
2 3  0.583630
2 4  0.572215
2 5  0.567768
2 6  0.563348
2 7  0.587927
2 8  0.615616
2 9  0.572420
2 10  0.586693
2 11  0.605037
2 12  0.594900
2 13  0.602962
2 14  0.600464
2 15  0.269366
2 16  0.588807
2 17  0.576851
2 18  0.568886
2 19  0.567574
2 20  0.598806
2 21  0.576956
2 22  0.615613
2 23  0.591981
2 24  0.593843
2 25  0.607203
2 26  0.593527
3 4  0.547239
3 5  0.587600
3 6  0.582581
3 7  0.608316
3 8  0.627086
3 9  0.611870
3 10  0.630649
3 11  0.598373
3 12  0.617300
3 13  0.621178
3 14  0.619583
3 15  0.592642
3 16  0.299584
3 17  0.551672
3 18  0.589463
3 19  0.586391
3 20  0.616513
3 21  0.614052
3 22  0.630981
3 23  0.611695
3 24  0.635348
3 25  0.599705
3 26  0.617597
4 5  0.576347
4 6  0.571333
4 7  0.597134
4 8  0.603566
4 9  0.600605
4 10  0.618515
4 11  0.606576
4 12  0.606048
4 13  0.607178
4 14  0.609044
4 15  0.580775
4 16  0.551616
4 17  0.291589
4 18  0.578190
4 19  0.575225
4 20  0.605074
4 21  0.602688
4 22  0.613303
4 23  0.600875
4 24  0.623239
4 25  0.605047
4 26  0.606416
5 6  0.523645
5 7  0.588884
5 8  0.620391
5 9  0.589309
5 10  0.617010
5 11  0.609250
5 12  0.578350
5 13  0.609005
5 14  0.605521
5 15  0.575766
5 16  0.592723
5 17  0.581371
5 18  0.284226
5 19  0.521395
5 20  0.607867
5 21  0.596014
5 22  0.619960
5 23  0.595787
5 24  0.620552
5 25  0.611244
5 26  0.570591
6 7  0.581287
6 8  0.615331
6 9  0.585150
6 10  0.611974
6 11  0.604198
6 12  0.577240
6 13  0.603904
6 14  0.599703
6 15  0.572541
6 16  0.587591
6 17  0.576346
6 18  0.521156
6 19  0.279654
6 20  0.602844
6 21  0.592931
6 22  0.614806
6 23  0.589310
6 24  0.615851
6 25  0.606027
6 26  0.567313
7 8  0.640122
7 9  0.584809
7 10  0.637339
7 11  0.629331
7 12  0.597526
7 13  0.628828
7 14  0.616826
7 15  0.596698
7 16  0.613131
7 17  0.602238
7 18  0.593867
7 19  0.589397
7 20  0.627418
7 21  0.580094
7 22  0.640147
7 23  0.364008
7 24  0.641171
7 25  0.631035
7 26  0.592857
8 9  0.644568
8 10  0.656046
8 11  0.621023
8 12  0.649885
8 13  0.631979
8 14  0.648099
8 15  0.624875
8 16  0.635676
8 17  0.618160
8 18  0.622172
8 19  0.619086
8 20  0.626640
8 21  0.646763
8 22  0.419798
8 23  0.644262
8 24  0.665089
8 25  0.621089
8 26  0.650408
9 10  0.639440
9 11  0.633481
9 12  0.601888
9 13  0.633164
9 14  0.629449
9 15  0.583888
9 16  0.617039
9 17  0.605567
9 18  0.596211
9 19  0.594574
9 20  0.631430
9 21  0.367623
9 22  0.644238
9 23  0.583472
9 24  0.641827
9 25  0.635579
9 26  0.595635
10 11  0.649345
10 12  0.646561
10 13  0.629917
10 14  0.615975
10 15  0.598417
10 16  0.636701
10 17  0.624556
10 18  0.618688
10 19  0.616063
10 20  0.625922
10 21  0.640321
10 22  0.661407
10 23  0.640832
10 24  0.395927
10 25  0.652252
10 26  0.646062
11 12  0.638812
11 13  0.620537
11 14  0.638174
11 15  0.614093
11 16  0.601986
11 17  0.607721
11 18  0.611152
11 19  0.607986
11 20  0.613060
11 21  0.635734
11 22  0.619435
11 23  0.632732
11 24  0.653799
11 25  0.422301
11 26  0.639049
12 13  0.638646
12 14  0.633347
12 15  0.602170
12 16  0.622496
12 17  0.611235
12 18  0.570983
12 19  0.572584
12 20  0.636700
12 21  0.599269
12 22  0.649818
12 23  0.594054
12 24  0.649616
12 25  0.640774
12 26  0.413809
13 14  0.626952
13 15  0.608745
13 16  0.622598
13 17  0.611710
13 18  0.610990
13 19  0.607967
13 20  0.443155
13 21  0.634872
13 22  0.627682
13 23  0.632148
13 24  0.630516
13 25  0.616088
13 26  0.638193
14 15  0.608651
14 16  0.623295
14 17  0.612058
14 18  0.607301
14 19  0.604008
14 20  0.630350
14 21  0.631310
14 22  0.635375
14 23  0.616044
14 24  0.618946
14 25  0.635809
14 26  0.633626
15 16  0.597814
15 17  0.586319
15 18  0.578600
15 19  0.576262
15 20  0.610369
15 21  0.580775
15 22  0.624290
15 23  0.600269
15 24  0.597078
15 25  0.615999
15 26  0.604066
16 17  0.555762
16 18  0.594787
16 19  0.591813
16 20  0.624654
16 21  0.619266
16 22  0.632151
16 23  0.617196
16 24  0.639465
16 25  0.604727
16 26  0.622842
17 18  0.583471
17 19  0.580503
17 20  0.610583
17 21  0.607939
17 22  0.606557
17 23  0.605952
17 24  0.627140
17 25  0.613477
17 26  0.611528
18 19  0.528625
18 20  0.609824
18 21  0.593083
18 22  0.622098
18 23  0.592878
18 24  0.622760
18 25  0.613256
18 26  0.581275
19 20  0.606760
19 21  0.590645
19 22  0.619080
19 23  0.588559
19 24  0.619747
19 25  0.610243
19 26  0.580152
20 21  0.634262
20 22  0.630577
20 23  0.631292
20 24  0.633299
20 25  0.623110
20 26  0.637806
21 22  0.646467
21 23  0.589000
21 24  0.645592
21 25  0.637670
21 26  0.605000
22 23  0.643323
22 24  0.659486
22 25  0.621752
22 26  0.649893
23 24  0.644705
23 25  0.634930
23 26  0.602783
24 25  0.654464
24 26  0.650758
25 26  0.641133
