   -841.26688990
   -841.52963712
0.00012565945700
2 2 2 2 2 2 2 2 2 2 2 0 0 0 0 0 0 0 0 0 0 0 
1  0.295128
2  0.295264
3  0.296073
4  0.278075
5  0.296206
6  0.274208
7  0.274380
8  0.278027
9  0.261954
10  0.261958
11  0.268188
12  0.272058
13  0.266478
14  0.266477
15  0.280199
16  0.277256
17  0.277244
18  0.280183
19  0.297712
20  0.297003
21  0.296901
22  0.297436
1 2  0.575250
1 3  0.581186
1 4  0.571350
1 5  0.589537
1 6  0.565901
1 7  0.569242
1 8  0.573111
1 9  0.534894
1 10  0.555529
1 11  0.537155
1 12  0.534156
1 13  0.561070
1 14  0.531553
1 15  0.575059
1 16  0.571548
1 17  0.570830
1 18  0.574788
1 19  0.592052
1 20  0.355945
1 21  0.569002
1 22  0.574659
2 3  0.589450
2 4  0.573296
2 5  0.581388
2 6  0.569191
2 7  0.566232
2 8  0.571434
2 9  0.555620
2 10  0.534962
2 11  0.537154
2 12  0.534483
2 13  0.531764
2 14  0.561176
2 15  0.574958
2 16  0.571038
2 17  0.571811
2 18  0.575090
2 19  0.575029
2 20  0.569070
2 21  0.355793
2 22  0.591892
3 4  0.543138
3 5  0.592169
3 6  0.540526
3 7  0.570425
3 8  0.574090
3 9  0.538870
3 10  0.558013
3 11  0.563064
3 12  0.567597
3 13  0.562377
3 14  0.536034
3 15  0.576257
3 16  0.573169
3 17  0.534340
3 18  0.535271
3 19  0.593252
3 20  0.574607
3 21  0.592159
3 22  0.360199
4 5  0.574273
4 6  0.504474
4 7  0.552454
4 8  0.556102
4 9  0.534474
4 10  0.540020
4 11  0.546103
4 12  0.549474
4 13  0.544524
4 14  0.540581
4 15  0.558265
4 16  0.555300
4 17  0.501433
4 18  0.273275
4 19  0.575755
4 20  0.574489
4 21  0.574630
4 22  0.535692
5 6  0.570386
5 7  0.540840
5 8  0.543251
5 9  0.558143
5 10  0.538958
5 11  0.563155
5 12  0.567713
5 13  0.536093
5 14  0.562500
5 15  0.535390
5 16  0.534513
5 17  0.573334
5 18  0.576371
5 19  0.360538
5 20  0.592405
5 21  0.574598
5 22  0.593116
6 7  0.548583
6 8  0.552234
6 9  0.532806
6 10  0.536149
6 11  0.542328
6 12  0.545907
6 13  0.540684
6 14  0.539732
6 15  0.554388
6 16  0.551382
6 17  0.270493
6 18  0.501103
6 19  0.571762
6 20  0.569848
6 21  0.570389
6 22  0.532550
7 8  0.504569
7 9  0.536317
7 10  0.532996
7 11  0.542499
7 12  0.546119
7 13  0.539910
7 14  0.540852
7 15  0.501270
7 16  0.270504
7 17  0.551560
7 18  0.554539
7 19  0.532922
7 20  0.570610
7 21  0.569903
7 22  0.571674
8 9  0.539965
8 10  0.534438
8 11  0.546062
8 12  0.549471
8 13  0.540556
8 14  0.544461
8 15  0.273303
8 16  0.501493
8 17  0.555248
8 18  0.558199
8 19  0.535892
8 20  0.574635
8 21  0.574337
8 22  0.575440
9 10  0.523787
9 11  0.525348
9 12  0.529375
9 13  0.527622
9 14  0.245680
9 15  0.542143
9 16  0.539204
9 17  0.538357
9 18  0.538555
9 19  0.559472
9 20  0.529090
9 21  0.558328
9 22  0.532533
10 11  0.525274
10 12  0.529379
10 13  0.245822
10 14  0.527726
10 15  0.538532
10 16  0.538362
10 17  0.539200
10 18  0.542131
10 19  0.532721
10 20  0.558458
10 21  0.529051
10 22  0.559217
11 12  0.262313
11 13  0.530281
11 14  0.530241
11 15  0.547714
11 16  0.545171
11 17  0.545059
11 18  0.547676
11 19  0.565518
11 20  0.532504
11 21  0.532403
11 22  0.565182
12 13  0.533402
12 14  0.533531
12 15  0.552144
12 16  0.549201
12 17  0.549191
12 18  0.552118
12 19  0.568026
12 20  0.542207
12 21  0.542204
12 22  0.567675
13 14  0.532884
13 15  0.540689
13 16  0.539075
13 17  0.543701
13 18  0.546641
13 19  0.543251
13 20  0.561393
13 21  0.540482
13 22  0.563869
14 15  0.546657
14 16  0.543710
14 17  0.539052
14 18  0.540681
14 19  0.564161
14 20  0.540644
14 21  0.561128
14 22  0.542998
15 16  0.508655
15 17  0.557438
15 18  0.560380
15 19  0.547379
15 20  0.577111
15 21  0.574480
15 22  0.577617
16 17  0.554494
16 18  0.557436
16 19  0.545174
16 20  0.573904
16 21  0.570407
16 22  0.574659
17 18  0.508619
17 19  0.574925
17 20  0.570389
17 21  0.573805
17 22  0.544852
18 19  0.577879
18 20  0.574618
18 21  0.576993
18 22  0.547105
19 20  0.592481
19 21  0.584419
19 22  0.595002
20 21  0.579258
20 22  0.584350
21 22  0.592242
