   -841.26688990
   -841.53178746
0.00003428998080
2 2 2 2 2 2 2 2 2 2 2 0 0 0 0 0 0 0 0 0 0 0 
1  0.303065
2  0.303033
3  0.301389
4  0.281181
5  0.301438
6  0.277380
7  0.277558
8  0.281095
9  0.267855
10  0.267925
11  0.274586
12  0.278599
13  0.272688
14  0.272662
15  0.283453
16  0.280576
17  0.280549
18  0.283395
19  0.302845
20  0.304748
21  0.304606
22  0.302673
1 2  0.590100
1 3  0.593674
1 4  0.582049
1 5  0.602522
1 6  0.576744
1 7  0.580331
1 8  0.584090
1 9  0.548270
1 10  0.569042
1 11  0.550945
1 12  0.548433
1 13  0.575113
1 14  0.545524
1 15  0.586164
1 16  0.582731
1 17  0.582048
1 18  0.585870
1 19  0.605136
1 20  0.371966
1 21  0.583841
1 22  0.587290
2 3  0.602436
2 4  0.584142
2 5  0.593708
2 6  0.580121
2 7  0.576894
2 8  0.581931
2 9  0.568936
2 10  0.548313
2 11  0.550854
2 12  0.548454
2 13  0.545627
2 14  0.575047
2 15  0.585895
2 16  0.582074
2 17  0.582667
2 18  0.586071
2 19  0.587430
2 20  0.583938
2 21  0.371765
2 22  0.604931
3 4  0.551247
3 5  0.602713
3 6  0.548733
3 7  0.578914
3 8  0.582471
3 9  0.549495
3 10  0.569292
3 11  0.574405
3 12  0.579438
3 13  0.573864
3 14  0.547242
3 15  0.584820
3 16  0.581777
3 17  0.542776
3 18  0.543572
3 19  0.603634
3 20  0.587093
3 21  0.605227
3 22  0.371418
4 5  0.582607
4 6  0.510896
4 7  0.558737
4 8  0.562275
4 9  0.543086
4 10  0.549090
4 11  0.555574
4 12  0.558991
4 13  0.553837
4 14  0.549772
4 15  0.564626
4 16  0.561735
4 17  0.508161
4 18  0.279728
4 19  0.584012
4 20  0.585291
4 21  0.585436
4 22  0.543822
5 6  0.578785
5 7  0.548922
5 8  0.551228
5 9  0.569270
5 10  0.549629
5 11  0.574440
5 12  0.579491
5 13  0.547255
5 14  0.573884
5 15  0.543644
5 16  0.542852
5 17  0.581804
5 18  0.584812
5 19  0.371554
5 20  0.605410
5 21  0.587024
5 22  0.603522
6 7  0.554932
6 8  0.558472
6 9  0.541367
6 10  0.545285
6 11  0.551856
6 12  0.555643
6 13  0.550066
6 14  0.548950
6 15  0.560803
6 16  0.557855
6 17  0.277118
6 18  0.507779
6 19  0.580038
6 20  0.580767
6 21  0.581058
6 22  0.540741
7 8  0.510959
7 9  0.545394
7 10  0.541623
7 11  0.552035
7 12  0.555830
7 13  0.549163
7 14  0.550218
7 15  0.508011
7 16  0.277113
7 17  0.558010
7 18  0.560925
7 19  0.541002
7 20  0.581376
7 21  0.580799
7 22  0.580054
8 9  0.548934
8 10  0.543078
8 11  0.555486
8 12  0.558921
8 13  0.549729
8 14  0.553727
8 15  0.279772
8 16  0.508192
8 17  0.561623
8 18  0.564482
8 19  0.543852
8 20  0.585494
8 21  0.585066
8 22  0.583756
9 10  0.535599
9 11  0.537379
9 12  0.541753
9 13  0.539594
9 14  0.256491
9 15  0.551286
9 16  0.548430
9 17  0.547441
9 18  0.547565
9 19  0.570456
9 20  0.542582
9 21  0.571855
9 22  0.543369
10 11  0.537436
10 12  0.541865
10 13  0.256389
10 14  0.539641
10 15  0.547656
10 16  0.547531
10 17  0.548473
10 18  0.551300
10 19  0.543558
10 20  0.572069
10 21  0.542575
10 22  0.570351
11 12  0.273548
11 13  0.542804
11 14  0.542786
11 15  0.557283
11 16  0.554819
11 17  0.554798
11 18  0.557240
11 19  0.576950
11 20  0.546361
11 21  0.546293
11 22  0.576777
12 13  0.545829
12 14  0.545799
12 15  0.561933
12 16  0.559032
12 17  0.559005
12 18  0.561873
12 19  0.579323
12 20  0.556017
12 21  0.555948
12 22  0.579136
13 14  0.545240
13 15  0.549659
13 16  0.548131
13 17  0.553209
13 18  0.556061
13 19  0.554167
13 20  0.574823
13 21  0.553966
13 22  0.575319
14 15  0.556093
14 16  0.553210
14 17  0.548081
14 18  0.549557
14 19  0.575466
14 20  0.554085
14 21  0.574642
14 22  0.553963
15 16  0.515526
15 17  0.563998
15 18  0.566846
15 19  0.555401
15 20  0.588090
15 21  0.585026
15 22  0.586108
16 17  0.561114
16 18  0.563966
16 19  0.553170
16 20  0.584946
16 21  0.580960
16 22  0.583201
17 18  0.515452
17 19  0.583345
17 20  0.581069
17 21  0.584777
17 22  0.552976
18 19  0.586220
18 20  0.585113
18 21  0.587891
18 22  0.555202
19 20  0.605198
19 21  0.596691
19 22  0.605337
20 21  0.593856
20 22  0.596653
21 22  0.604884
