   -841.26688990
   -841.53262034
0.00001146458270
2 2 2 2 2 2 2 2 2 2 2 0 0 0 0 0 0 0 0 0 0 0 
1  0.307138
2  0.307057
3  0.304110
4  0.282808
5  0.304174
6  0.279153
7  0.279352
8  0.282744
9  0.270659
10  0.270727
11  0.277760
12  0.281941
13  0.275503
14  0.275527
15  0.285181
16  0.282445
17  0.282403
18  0.285114
19  0.305431
20  0.308666
21  0.308530
22  0.305244
1 2  0.597801
1 3  0.600020
1 4  0.587554
1 5  0.609074
1 6  0.582308
1 7  0.586149
1 8  0.589798
1 9  0.554938
1 10  0.575750
1 11  0.558083
1 12  0.555827
1 13  0.581935
1 14  0.552385
1 15  0.591927
1 16  0.588612
1 17  0.587922
1 18  0.591607
1 19  0.611782
1 20  0.379477
1 21  0.591559
1 22  0.593717
2 3  0.608927
2 4  0.589781
2 5  0.600012
2 6  0.585869
2 7  0.582428
2 8  0.587408
2 9  0.575603
2 10  0.554924
2 11  0.557984
2 12  0.555810
2 13  0.552399
2 14  0.581877
2 15  0.591592
2 16  0.587903
2 17  0.588491
2 18  0.591777
2 19  0.593820
2 20  0.591605
2 21  0.379251
2 22  0.611517
3 4  0.555582
3 5  0.608144
3 6  0.553115
3 7  0.583405
3 8  0.586830
3 9  0.554753
3 10  0.574808
3 11  0.580148
3 12  0.585446
3 13  0.579356
3 14  0.552762
3 15  0.589270
3 16  0.586343
3 17  0.547305
3 18  0.547988
3 19  0.608910
3 20  0.593519
3 21  0.611854
3 22  0.376463
4 5  0.586959
4 6  0.514508
4 7  0.562153
4 8  0.565551
4 9  0.547252
4 10  0.553514
4 11  0.560351
4 12  0.563862
4 13  0.558282
4 14  0.554197
4 15  0.567972
4 16  0.565221
4 17  0.511856
4 18  0.282930
4 19  0.588228
4 20  0.590788
4 21  0.590946
4 22  0.548007
5 6  0.583271
5 7  0.553344
5 8  0.555604
5 9  0.574804
5 10  0.554887
5 11  0.580208
5 12  0.585512
5 13  0.552740
5 14  0.579440
5 15  0.548082
5 16  0.547410
5 17  0.586366
5 18  0.589267
5 19  0.376628
5 20  0.612049
5 21  0.593466
5 22  0.608785
6 7  0.558488
6 8  0.561890
6 9  0.545759
6 10  0.549850
6 11  0.556779
6 12  0.560727
6 13  0.554654
6 14  0.553521
6 15  0.564293
6 16  0.561463
6 17  0.280565
6 18  0.511490
6 19  0.584390
6 20  0.586419
6 21  0.586709
6 22  0.545031
7 8  0.514616
7 9  0.549982
7 10  0.546031
7 11  0.556978
7 12  0.560931
7 13  0.553703
7 14  0.554876
7 15  0.511751
7 16  0.280586
7 17  0.561615
7 18  0.564426
7 19  0.545327
7 20  0.587046
7 21  0.586478
7 22  0.584404
8 9  0.553383
8 10  0.547255
8 11  0.560287
8 12  0.563809
8 13  0.554127
8 14  0.558241
8 15  0.282993
8 16  0.511925
8 17  0.565114
8 18  0.567842
8 19  0.548073
8 20  0.591019
8 21  0.590590
8 22  0.587978
9 10  0.541192
9 11  0.543054
9 12  0.547800
9 13  0.545101
9 14  0.261534
9 15  0.555818
9 16  0.553101
9 17  0.552026
9 18  0.551967
9 19  0.575811
9 20  0.549306
9 21  0.578521
9 22  0.548744
10 11  0.543123
10 12  0.547903
10 13  0.261426
10 14  0.545180
10 15  0.552067
10 16  0.552125
10 17  0.553127
10 18  0.555820
10 19  0.548952
10 20  0.578727
10 21  0.549313
10 22  0.575687
11 12  0.279443
11 13  0.548696
11 14  0.548686
11 15  0.562097
11 16  0.559817
11 17  0.559783
11 18  0.562033
11 19  0.582670
11 20  0.553450
11 21  0.553370
11 22  0.582481
12 13  0.551688
12 14  0.551723
12 15  0.566987
12 16  0.564217
12 17  0.564174
12 18  0.566921
12 19  0.585067
12 20  0.563155
12 21  0.563041
12 22  0.584876
13 14  0.550914
13 15  0.553964
13 16  0.552611
13 17  0.557868
13 18  0.560595
13 19  0.559395
13 20  0.581337
13 21  0.560520
13 22  0.580700
14 15  0.560685
14 16  0.557933
14 17  0.552591
14 18  0.553911
14 19  0.580911
14 20  0.560681
14 21  0.581226
14 22  0.559231
15 16  0.519335
15 17  0.567572
15 18  0.570290
15 19  0.559653
15 20  0.593717
15 21  0.590482
15 22  0.590393
16 17  0.564825
16 18  0.567547
16 19  0.557459
16 20  0.590680
16 21  0.586494
16 22  0.587617
17 18  0.519236
17 19  0.587762
17 20  0.586586
17 21  0.590503
17 22  0.557235
18 19  0.590513
18 20  0.590551
18 21  0.593515
18 22  0.559428
19 20  0.611448
19 21  0.602870
19 22  0.610477
20 21  0.601292
20 22  0.602819
21 22  0.611128
