   -841.26688990
   -841.53284205
0.00000002306691
2 2 2 2 2 2 2 2 2 2 2 0 0 0 0 0 0 0 0 0 0 0 
1  0.308320
2  0.308242
3  0.304873
4  0.283258
5  0.304938
6  0.279694
7  0.279894
8  0.283191
9  0.271460
10  0.271525
11  0.278757
12  0.282990
13  0.276355
14  0.276366
15  0.285641
16  0.282994
17  0.282952
18  0.285574
19  0.306180
20  0.309805
21  0.309661
22  0.305989
1 2  0.600030
1 3  0.601850
1 4  0.589126
1 5  0.610952
1 6  0.583977
1 7  0.587858
1 8  0.591419
1 9  0.556860
1 10  0.577651
1 11  0.560215
1 12  0.558033
1 13  0.583936
1 14  0.554364
1 15  0.593565
1 16  0.590317
1 17  0.589645
1 18  0.593228
1 19  0.613716
1 20  0.381865
1 21  0.593781
1 22  0.595578
2 3  0.610811
2 4  0.591408
2 5  0.601845
2 6  0.587580
2 7  0.584102
2 8  0.588979
2 9  0.577511
2 10  0.556843
2 11  0.560124
2 12  0.558003
2 13  0.554393
2 14  0.583870
2 15  0.593217
2 16  0.589632
2 17  0.590199
2 18  0.593422
2 19  0.595689
2 20  0.593834
2 21  0.381639
2 22  0.613450
3 4  0.556821
3 5  0.609670
3 6  0.554403
3 7  0.584701
3 8  0.588034
3 9  0.556271
3 10  0.576367
3 11  0.581834
3 12  0.587234
3 13  0.580959
3 14  0.554352
3 15  0.590496
3 16  0.587646
3 17  0.548618
3 18  0.549225
3 19  0.610394
3 20  0.595364
3 21  0.613751
3 22  0.378075
4 5  0.588165
4 6  0.515562
4 7  0.563141
4 8  0.566446
4 9  0.548477
4 10  0.554763
4 11  0.561787
4 12  0.565291
4 13  0.559585
4 14  0.555486
4 15  0.568875
4 16  0.566214
4 17  0.512927
4 18  0.283895
4 19  0.589428
4 20  0.592356
4 21  0.592519
4 22  0.549214
5 6  0.584566
5 7  0.554634
5 8  0.556841
5 9  0.576366
5 10  0.556404
5 11  0.581901
5 12  0.587301
5 13  0.554345
5 14  0.581032
5 15  0.549318
5 16  0.548725
5 17  0.587665
5 18  0.590494
5 19  0.378245
5 20  0.613955
5 21  0.595305
5 22  0.610264
6 7  0.559564
6 8  0.562873
6 9  0.547048
6 10  0.551182
6 11  0.558311
6 12  0.562316
6 13  0.556046
6 14  0.554876
6 15  0.565289
6 16  0.562511
6 17  0.281677
6 18  0.512563
6 19  0.585677
6 20  0.588096
6 21  0.588355
6 22  0.546319
7 8  0.515669
7 9  0.551317
7 10  0.547320
7 11  0.558511
7 12  0.562522
7 13  0.555073
7 14  0.556256
7 15  0.512825
7 16  0.281701
7 17  0.562669
7 18  0.565423
7 19  0.546621
7 20  0.588702
7 21  0.588149
7 22  0.585686
8 9  0.554631
8 10  0.548475
8 11  0.561720
8 12  0.565236
8 13  0.555426
8 14  0.559529
8 15  0.283956
8 16  0.512995
8 17  0.566105
8 18  0.568742
8 19  0.549283
8 20  0.592600
8 21  0.592147
8 22  0.589170
9 10  0.542778
9 11  0.544792
9 12  0.549654
9 13  0.546640
9 14  0.263107
9 15  0.557080
9 16  0.554450
9 17  0.553357
9 18  0.553232
9 19  0.577351
9 20  0.551238
9 21  0.580425
9 22  0.550274
10 11  0.544858
10 12  0.549753
10 13  0.263007
10 14  0.546712
10 15  0.553331
10 16  0.553454
10 17  0.554473
10 18  0.557079
10 19  0.550483
10 20  0.580639
10 21  0.551231
10 22  0.577222
11 12  0.281410
11 13  0.550548
11 14  0.550527
11 15  0.563482
11 16  0.561364
11 17  0.561327
11 18  0.563418
11 19  0.584390
11 20  0.555542
11 21  0.555471
11 22  0.584195
12 13  0.553527
12 14  0.553551
12 15  0.568492
12 16  0.565807
12 17  0.565764
12 18  0.568425
12 19  0.586783
12 20  0.565287
12 21  0.565161
12 22  0.586592
13 14  0.552596
13 15  0.555254
13 16  0.553968
13 17  0.559259
13 18  0.561908
13 19  0.560960
13 20  0.583228
13 21  0.562450
13 22  0.582293
14 15  0.561985
14 16  0.559312
14 17  0.553935
14 18  0.555187
14 19  0.582495
14 20  0.562605
14 21  0.583093
14 22  0.560780
15 16  0.520417
15 17  0.568576
15 18  0.571211
15 19  0.560876
15 20  0.595308
15 21  0.592003
15 22  0.591591
16 17  0.565914
16 18  0.568551
16 19  0.558731
16 20  0.592354
16 21  0.588117
16 22  0.588901
17 18  0.520318
17 19  0.589049
17 20  0.588215
17 21  0.592167
17 22  0.558500
18 19  0.591715
18 20  0.592080
18 21  0.595097
18 22  0.560648
19 20  0.613267
19 21  0.604657
19 22  0.611970
20 21  0.603431
20 22  0.604609
21 22  0.612933
