   -841.25824903
   -841.52286044
0.00019181222200
2 2 2 2 2 2 2 2 2 2 2 0 0 0 0 0 0 0 0 0 0 0 
1  0.303156
2  0.302916
3  0.293967
4  0.294377
5  0.290474
6  0.290774
7  0.273189
8  0.275438
9  0.275431
10  0.273184
11  0.257069
12  0.264793
13  0.277147
14  0.277910
15  0.277869
16  0.276962
17  0.296675
18  0.303905
19  0.293786
20  0.296872
21  0.294170
22  0.303881
1 2  0.605980
1 3  0.596944
1 4  0.573209
1 5  0.592460
1 6  0.570335
1 7  0.556019
1 8  0.556814
1 9  0.578559
1 10  0.576293
1 11  0.557462
1 12  0.562459
1 13  0.580227
1 14  0.581037
1 15  0.549504
1 16  0.550118
1 17  0.598918
1 18  0.386598
1 19  0.594475
1 20  0.569798
1 21  0.566645
1 22  0.605834
2 3  0.572668
2 4  0.597130
2 5  0.569924
2 6  0.592538
2 7  0.576061
2 8  0.578329
2 9  0.556503
2 10  0.555797
2 11  0.557227
2 12  0.562218
2 13  0.550031
2 14  0.549162
2 15  0.580760
2 16  0.579794
2 17  0.569578
2 18  0.605615
2 19  0.566100
2 20  0.598919
2 21  0.594607
2 22  0.386592
3 4  0.587086
3 5  0.549681
3 6  0.584089
3 7  0.567108
3 8  0.569366
3 9  0.562782
3 10  0.562169
3 11  0.533684
3 12  0.541561
3 13  0.569988
3 14  0.569434
3 15  0.571567
3 16  0.570909
3 17  0.339200
3 18  0.597067
3 19  0.547984
3 20  0.588714
3 21  0.587492
3 22  0.566483
4 5  0.584187
4 6  0.550251
4 7  0.562634
4 8  0.563116
4 9  0.569763
4 10  0.567507
4 11  0.534003
4 12  0.541699
4 13  0.571502
4 14  0.572010
4 15  0.569813
4 16  0.570247
4 17  0.588831
4 18  0.567014
4 19  0.587527
4 20  0.339544
4 21  0.548637
4 22  0.597434
5 6  0.572160
5 7  0.563384
5 8  0.565778
5 9  0.561914
5 10  0.557576
5 11  0.545931
5 12  0.553135
5 13  0.564976
5 14  0.567244
5 15  0.568298
5 16  0.566646
5 17  0.546175
5 18  0.591861
5 19  0.330822
5 20  0.586845
5 21  0.575575
5 22  0.564706
6 7  0.557793
6 8  0.562225
6 9  0.566071
6 10  0.563682
6 11  0.546279
6 12  0.553407
6 13  0.567142
6 14  0.568640
6 15  0.567518
6 16  0.565102
6 17  0.586899
6 18  0.564869
6 19  0.575690
6 20  0.546607
6 21  0.331182
6 22  0.592237
7 8  0.504035
7 9  0.548618
7 10  0.546369
7 11  0.529894
7 12  0.537835
7 13  0.550251
7 14  0.551070
7 15  0.501129
7 16  0.260834
7 17  0.569832
7 18  0.546236
7 19  0.566450
7 20  0.569122
7 21  0.564598
7 22  0.576987
8 9  0.550868
8 10  0.548620
8 11  0.531852
8 12  0.538725
8 13  0.552542
8 14  0.553305
8 15  0.262865
8 16  0.501344
8 17  0.571844
8 18  0.548531
8 19  0.569187
8 20  0.569523
8 21  0.568591
8 22  0.579311
9 10  0.504046
9 11  0.531818
9 12  0.538728
9 13  0.501318
9 14  0.263194
9 15  0.553248
9 16  0.552344
9 17  0.569368
9 18  0.579326
9 19  0.568202
9 20  0.572029
9 21  0.569569
9 22  0.548599
10 11  0.529894
10 12  0.537805
10 13  0.261185
10 14  0.501077
10 15  0.551017
10 16  0.550050
10 17  0.568924
10 18  0.577003
10 19  0.564298
10 20  0.570023
10 21  0.566822
10 22  0.546080
11 12  0.225877
11 13  0.534091
11 14  0.533626
11 15  0.533593
11 16  0.533917
11 17  0.536375
11 18  0.555373
11 19  0.549257
11 20  0.536523
11 21  0.549680
11 22  0.555365
12 13  0.541523
12 14  0.541812
12 15  0.541810
12 16  0.541320
12 17  0.541749
12 18  0.565582
12 19  0.556573
12 20  0.542034
12 21  0.557028
12 22  0.565535
13 14  0.509293
13 15  0.555010
13 16  0.554101
13 17  0.567766
13 18  0.580983
13 19  0.564347
13 20  0.573965
13 21  0.570908
13 22  0.559803
14 15  0.555777
14 16  0.554867
14 17  0.567631
14 18  0.581754
14 19  0.566125
14 20  0.574714
14 21  0.571818
14 22  0.560248
15 16  0.509018
15 17  0.574468
15 18  0.560251
15 19  0.571399
15 20  0.567743
15 21  0.566487
15 22  0.581685
16 17  0.573576
16 18  0.559728
16 19  0.570352
16 20  0.567807
16 21  0.564547
16 22  0.580770
17 18  0.600433
17 19  0.554275
17 20  0.592466
17 21  0.590070
17 22  0.576761
18 19  0.596179
18 20  0.576932
18 21  0.575059
18 22  0.607649
19 20  0.589905
19 21  0.577450
19 22  0.574742
20 21  0.554746
20 22  0.600602
21 22  0.596529
