   -841.25824903
   -841.52584139
0.00007160975510
2 2 2 2 2 2 2 2 2 2 2 0 0 0 0 0 0 0 0 0 0 0 
1  0.311083
2  0.311065
3  0.303446
4  0.303591
5  0.300630
6  0.300856
7  0.277868
8  0.280129
9  0.280202
10  0.277910
11  0.266872
12  0.275027
13  0.281984
14  0.282804
15  0.282771
16  0.281846
17  0.306311
18  0.311388
19  0.304120
20  0.306303
21  0.304178
22  0.311332
1 2  0.622043
1 3  0.614293
1 4  0.589503
1 5  0.610302
1 6  0.586835
1 7  0.568352
1 8  0.569054
1 9  0.591235
1 10  0.588908
1 11  0.574841
1 12  0.580535
1 13  0.592938
1 14  0.593876
1 15  0.562133
1 16  0.562796
1 17  0.616626
1 18  0.402757
1 19  0.612791
1 20  0.586545
1 21  0.582790
1 22  0.621129
2 3  0.589335
2 4  0.614430
2 5  0.586590
2 6  0.610513
2 7  0.588848
2 8  0.591144
2 9  0.569035
2 10  0.568429
2 11  0.574816
2 12  0.580507
2 13  0.562940
2 14  0.562062
2 15  0.593829
2 16  0.592768
2 17  0.586611
2 18  0.621132
2 19  0.582650
2 20  0.616549
2 21  0.612901
2 22  0.402955
3 4  0.605629
3 5  0.569084
3 6  0.603604
3 7  0.581253
3 8  0.583498
3 9  0.576530
3 10  0.575594
3 11  0.551138
3 12  0.560242
3 13  0.584105
3 14  0.583682
3 15  0.585842
3 16  0.585224
3 17  0.356763
3 18  0.614033
3 19  0.567467
3 20  0.607391
3 21  0.606914
3 22  0.582817
4 5  0.603526
4 6  0.569418
4 7  0.575733
4 8  0.576607
4 9  0.583721
4 10  0.581438
4 11  0.551164
4 12  0.560347
4 13  0.585517
4 14  0.586036
4 15  0.583778
4 16  0.584118
4 17  0.607495
4 18  0.583103
4 19  0.607006
4 20  0.356662
4 21  0.567579
4 22  0.614113
5 6  0.591344
5 7  0.578087
5 8  0.580579
5 9  0.576013
5 10  0.571714
5 11  0.565772
5 12  0.573419
5 13  0.579696
5 14  0.582041
5 15  0.583286
5 16  0.581589
5 17  0.565347
5 18  0.609622
5 19  0.350720
5 20  0.606371
5 21  0.595438
5 22  0.580904
6 7  0.571893
6 8  0.576141
6 9  0.580880
6 10  0.578356
6 11  0.565997
6 12  0.573638
6 13  0.581935
6 14  0.583532
6 15  0.582238
6 16  0.579812
6 17  0.606591
6 18  0.581034
6 19  0.595694
6 20  0.565602
6 21  0.350736
6 22  0.609796
7 8  0.513633
7 9  0.558070
7 10  0.555770
7 11  0.544351
7 12  0.552729
7 13  0.559704
7 14  0.560602
7 15  0.511257
7 16  0.270067
7 17  0.584151
7 18  0.558336
7 19  0.581192
7 20  0.583016
7 21  0.579239
7 22  0.589071
8 9  0.560331
8 10  0.558038
8 11  0.546090
8 12  0.553575
8 13  0.562055
8 14  0.562847
8 15  0.272187
8 16  0.511427
8 17  0.586185
8 18  0.560643
8 19  0.584207
8 20  0.583542
8 21  0.583068
8 22  0.591441
9 10  0.513755
9 11  0.546165
9 12  0.553628
9 13  0.511435
9 14  0.272571
9 15  0.562912
9 16  0.562003
9 17  0.583600
9 18  0.591570
9 19  0.583075
9 20  0.586215
9 21  0.584333
9 22  0.560706
10 11  0.544384
10 12  0.552766
10 13  0.270410
10 14  0.511247
10 15  0.560612
10 16  0.559606
10 17  0.583065
10 18  0.589171
10 19  0.579242
10 20  0.584183
10 21  0.581296
10 22  0.558193
11 12  0.243183
11 13  0.548661
11 14  0.548132
11 15  0.548100
11 16  0.548527
11 17  0.554959
11 18  0.572677
11 19  0.569302
11 20  0.554991
11 21  0.569351
11 22  0.572637
12 13  0.556449
12 14  0.556762
12 15  0.556740
12 16  0.556313
12 17  0.559526
12 18  0.583042
12 19  0.577045
12 20  0.559642
12 21  0.577094
12 22  0.582981
13 14  0.519353
13 15  0.564752
13 16  0.563815
13 17  0.581574
13 18  0.593248
13 19  0.578821
13 20  0.588203
13 21  0.585633
13 22  0.571705
14 15  0.565575
14 16  0.564646
14 17  0.581500
14 18  0.594111
14 19  0.580481
14 20  0.589019
14 21  0.586679
14 22  0.572233
15 16  0.519181
15 17  0.588987
15 18  0.572228
15 19  0.586602
15 20  0.581472
15 21  0.580542
15 22  0.594032
16 17  0.588064
16 18  0.571655
16 19  0.585452
16 20  0.581414
16 21  0.578745
16 22  0.593061
17 18  0.617529
17 19  0.573793
17 20  0.611279
17 21  0.609643
17 22  0.593126
18 19  0.613852
18 20  0.593175
18 21  0.591209
18 22  0.622529
19 20  0.609586
19 21  0.596345
19 22  0.591099
20 21  0.573835
20 22  0.617465
21 22  0.613831
