   -841.25824903
   -841.52712373
0.00002236522350
2 2 2 2 2 2 2 2 2 2 2 0 0 0 0 0 0 0 0 0 0 0 
1  0.315257
2  0.315282
3  0.308115
4  0.308193
5  0.306458
6  0.306589
7  0.280571
8  0.282727
9  0.282819
10  0.280633
11  0.272071
12  0.280881
13  0.284752
14  0.285405
15  0.285412
16  0.284602
17  0.310719
18  0.315305
19  0.309990
20  0.310819
21  0.310107
22  0.315242
1 2  0.630406
1 3  0.623122
1 4  0.597982
1 5  0.620146
1 6  0.595925
1 7  0.575011
1 8  0.575651
1 9  0.597998
1 10  0.595760
1 11  0.583995
1 12  0.590484
1 13  0.599879
1 14  0.600651
1 15  0.568959
1 16  0.569704
1 17  0.625227
1 18  0.410579
1 19  0.622774
1 20  0.595025
1 21  0.592436
1 22  0.629212
2 3  0.597927
2 4  0.623226
2 5  0.595820
2 6  0.620305
2 7  0.595724
2 8  0.597930
2 9  0.575692
2 10  0.575153
2 11  0.583999
2 12  0.590503
2 13  0.569896
2 14  0.568881
2 15  0.600681
2 16  0.599757
2 17  0.595048
2 18  0.629292
2 19  0.592272
2 20  0.625355
2 21  0.622907
2 22  0.410820
3 4  0.614709
3 5  0.579694
3 6  0.613970
3 7  0.588597
3 8  0.590745
3 9  0.583377
3 10  0.582613
3 11  0.559791
3 12  0.570290
3 13  0.591429
3 14  0.590853
3 15  0.593175
3 16  0.592654
3 17  0.365153
3 18  0.622616
3 19  0.578091
3 20  0.616378
3 21  0.617512
3 22  0.591270
4 5  0.613912
4 6  0.579878
4 7  0.582674
4 8  0.583377
4 9  0.590915
4 10  0.588736
4 11  0.559827
4 12  0.570299
4 13  0.592883
4 14  0.593250
4 15  0.590919
4 16  0.591363
4 17  0.616355
4 18  0.591479
4 19  0.617465
4 20  0.365092
4 21  0.578213
4 22  0.622627
5 6  0.601779
5 7  0.586541
5 8  0.588963
5 9  0.584036
5 10  0.579710
5 11  0.576759
5 12  0.585042
5 13  0.588128
5 14  0.590351
5 15  0.591715
5 16  0.590119
5 17  0.575660
5 18  0.619361
5 19  0.361387
5 20  0.616690
5 21  0.606941
5 22  0.590241
6 7  0.579776
6 8  0.584048
6 9  0.589188
6 10  0.586735
6 11  0.576893
6 12  0.585182
6 13  0.590397
6 14  0.591835
6 15  0.590497
6 16  0.588137
6 17  0.616721
6 18  0.590296
6 19  0.607023
6 20  0.575910
6 21  0.361357
6 22  0.619445
7 8  0.519212
7 9  0.563388
7 10  0.561187
7 11  0.552160
7 12  0.561237
7 13  0.565072
7 14  0.565847
7 15  0.516992
7 16  0.275213
7 17  0.591257
7 18  0.564961
7 19  0.589742
7 20  0.590128
7 21  0.587728
7 22  0.595676
8 9  0.565544
8 10  0.563357
8 11  0.553777
8 12  0.561885
8 13  0.567364
8 14  0.567998
8 15  0.277191
8 16  0.517201
8 17  0.593153
8 18  0.567180
8 19  0.592644
8 20  0.590570
8 21  0.591470
8 22  0.597950
9 10  0.519371
9 11  0.553870
9 12  0.561965
9 13  0.517240
9 14  0.277541
9 15  0.568095
9 16  0.567307
9 17  0.590540
9 18  0.598104
9 19  0.591440
9 20  0.593345
9 21  0.592853
9 22  0.567251
10 11  0.552223
10 12  0.561294
10 13  0.275588
10 14  0.516955
10 15  0.565916
10 16  0.564987
10 17  0.590091
10 18  0.595802
10 19  0.587686
10 20  0.591417
10 21  0.589918
10 22  0.564831
11 12  0.252829
11 13  0.556597
11 14  0.555848
11 15  0.555847
11 16  0.556447
11 17  0.564247
11 18  0.581796
11 19  0.580318
11 20  0.564365
11 21  0.580422
11 22  0.581751
12 13  0.565011
12 14  0.565098
12 15  0.565108
12 16  0.564863
12 17  0.568608
12 18  0.592556
12 19  0.588698
12 20  0.568760
12 21  0.588811
12 22  0.592504
13 14  0.525031
13 15  0.570158
13 16  0.569327
13 17  0.588411
13 18  0.599889
13 19  0.586928
13 20  0.595441
13 21  0.594240
13 22  0.578127
14 15  0.570816
14 16  0.570002
14 17  0.588148
14 18  0.600599
14 19  0.588467
14 20  0.596098
14 21  0.595157
14 22  0.578566
15 16  0.524892
15 17  0.596005
15 18  0.578606
15 19  0.595049
15 20  0.588259
15 21  0.588615
15 22  0.600543
16 17  0.595192
16 18  0.578079
16 19  0.593976
16 20  0.588346
16 21  0.586905
16 22  0.599675
17 18  0.625823
17 19  0.584156
17 20  0.620044
17 21  0.619940
17 22  0.601301
18 19  0.623423
18 20  0.601447
18 21  0.600500
18 22  0.630330
19 20  0.619927
19 21  0.606916
19 22  0.600330
20 21  0.584346
20 22  0.625860
21 22  0.623469
