   -841.25824903
   -841.52754724
0.00000006506343
2 2 2 2 2 2 2 2 2 2 2 0 0 0 0 0 0 0 0 0 0 0 
1  0.316752
2  0.316784
3  0.309732
4  0.309794
5  0.308502
6  0.308630
7  0.281648
8  0.283733
9  0.283825
10  0.281704
11  0.274159
12  0.283087
13  0.285838
14  0.286446
15  0.286451
16  0.285690
17  0.312273
18  0.316795
19  0.312023
20  0.312378
21  0.312136
22  0.316742
1 2  0.633387
1 3  0.626219
1 4  0.600997
1 5  0.623617
1 6  0.599213
1 7  0.577535
1 8  0.578113
1 9  0.600484
1 10  0.598297
1 11  0.587481
1 12  0.594175
1 13  0.602437
1 14  0.603179
1 15  0.571499
1 16  0.572288
1 17  0.628264
1 18  0.413746
1 19  0.626313
1 20  0.598022
1 21  0.595810
1 22  0.632174
2 3  0.600965
2 4  0.626314
2 5  0.599119
2 6  0.623781
2 7  0.598273
2 8  0.600424
2 9  0.578158
2 10  0.577679
2 11  0.587488
2 12  0.594197
2 13  0.572485
2 14  0.571429
2 15  0.603214
2 16  0.602324
2 17  0.598048
2 18  0.632254
2 19  0.595658
2 20  0.628401
2 21  0.626447
2 22  0.414002
3 4  0.617876
3 5  0.583402
3 6  0.617617
3 7  0.591261
3 8  0.593356
3 9  0.585941
3 10  0.585204
3 11  0.563019
3 12  0.573943
3 13  0.594097
3 14  0.593496
3 15  0.595830
3 16  0.595346
3 17  0.368183
3 18  0.625715
3 19  0.581791
3 20  0.619487
3 21  0.621137
3 22  0.594304
4 5  0.617549
4 6  0.583562
4 7  0.585254
4 8  0.585924
4 9  0.593510
4 10  0.591379
4 11  0.563070
4 12  0.573935
4 13  0.595558
4 14  0.595892
4 15  0.593544
4 16  0.594019
4 17  0.619435
4 18  0.594492
4 19  0.621081
4 20  0.368116
4 21  0.581891
4 22  0.625720
5 6  0.605489
5 7  0.589614
5 8  0.591977
5 9  0.586941
5 10  0.582694
5 11  0.580869
5 12  0.589260
5 13  0.591241
5 14  0.593386
5 15  0.594788
5 16  0.593183
5 17  0.579273
5 18  0.622904
5 19  0.365243
5 20  0.620275
5 21  0.610887
5 22  0.593642
6 7  0.582763
6 8  0.586949
6 9  0.592198
6 10  0.589800
6 11  0.581004
6 12  0.589399
6 13  0.593455
6 14  0.594907
6 15  0.593527
6 16  0.591249
6 17  0.620297
6 18  0.593681
6 19  0.610963
6 20  0.579523
6 21  0.365212
6 22  0.622995
7 8  0.521399
7 9  0.565467
7 10  0.563325
7 11  0.555297
7 12  0.564507
7 13  0.567151
7 14  0.567928
7 15  0.519261
7 16  0.277392
7 17  0.593875
7 18  0.567535
7 19  0.592783
7 20  0.592728
7 21  0.590823
7 22  0.598238
8 9  0.567555
8 10  0.565432
8 11  0.556808
8 12  0.565020
8 13  0.569426
8 14  0.569971
8 15  0.279277
8 16  0.519455
8 17  0.595734
8 18  0.569682
8 19  0.595671
8 20  0.593129
8 21  0.594458
8 22  0.600447
9 10  0.521554
9 11  0.556897
9 12  0.565105
9 13  0.519492
9 14  0.279626
9 15  0.570068
9 16  0.569370
9 17  0.593094
9 18  0.600591
9 19  0.594433
9 20  0.595929
9 21  0.595876
9 22  0.569762
10 11  0.555353
10 12  0.564559
10 13  0.277761
10 14  0.519220
10 15  0.567991
10 16  0.567061
10 17  0.592681
10 18  0.598349
10 19  0.590780
10 20  0.594035
10 21  0.592952
10 22  0.567411
11 12  0.256683
11 13  0.559762
11 14  0.558897
11 15  0.558893
11 16  0.559616
11 17  0.567770
11 18  0.585350
11 19  0.584409
11 20  0.567909
11 21  0.584508
11 22  0.585313
12 13  0.568282
12 14  0.568277
12 15  0.568281
12 16  0.568134
12 17  0.571902
12 18  0.596159
12 19  0.592916
12 20  0.572030
12 21  0.593022
12 22  0.596117
13 14  0.527280
13 15  0.572280
13 16  0.571493
13 17  0.590967
13 18  0.602431
13 19  0.589932
13 20  0.598045
13 21  0.597298
13 22  0.580647
14 15  0.572894
14 16  0.572128
14 17  0.590676
14 18  0.603113
14 19  0.591373
14 20  0.598693
14 21  0.598186
14 22  0.581057
15 16  0.527140
15 17  0.598593
15 18  0.581086
15 19  0.598080
15 20  0.590789
15 21  0.591518
15 22  0.603065
16 17  0.597792
16 18  0.580592
16 19  0.597038
16 20  0.590909
16 21  0.589905
16 22  0.602229
17 18  0.628854
17 19  0.587795
17 20  0.623109
17 21  0.623499
17 22  0.604298
18 19  0.626875
18 20  0.604441
18 21  0.603812
18 22  0.633306
19 20  0.623492
19 21  0.610563
19 22  0.603657
20 21  0.587988
20 22  0.628906
21 22  0.626928
