  -1146.54820401
  -1146.91221243
0.00005396029750
2 2 2 2 2 2 2 2 2 2 2 2 2 2 2 0 0 0 0 0 0 0 0 0 0 0 0 0 0 0 
1  0.278823
2  0.278171
3  0.273275
4  0.276102
5  0.282169
6  0.272920
7  0.281759
8  0.276197
9  0.306104
10  0.306226
11  0.299940
12  0.299951
13  0.306005
14  0.305456
15  0.305001
16  0.273127
17  0.272870
18  0.274653
19  0.282337
20  0.282418
21  0.274329
22  0.282213
23  0.282357
24  0.307059
25  0.305773
26  0.305638
27  0.318270
28  0.318434
29  0.305795
30  0.305097
1 2  0.556431
1 3  0.547551
1 4  0.554844
1 5  0.560810
1 6  0.551716
1 7  0.560576
1 8  0.555002
1 9  0.584224
1 10  0.562218
1 11  0.578715
1 12  0.577130
1 13  0.579642
1 14  0.562952
1 15  0.581317
1 16  0.272064
1 17  0.551438
1 18  0.549109
1 19  0.560817
1 20  0.560409
1 21  0.553048
1 22  0.560984
1 23  0.560950
1 24  0.579240
1 25  0.584056
1 26  0.577669
1 27  0.564234
1 28  0.595835
1 29  0.584316
1 30  0.573601
2 3  0.551417
2 4  0.554255
2 5  0.560334
2 6  0.546555
2 7  0.559746
2 8  0.554286
2 9  0.561487
2 10  0.583725
2 11  0.576486
2 12  0.578076
2 13  0.578986
2 14  0.581127
2 15  0.561910
2 16  0.551053
2 17  0.270838
2 18  0.552725
2 19  0.560284
2 20  0.560535
2 21  0.548202
2 22  0.559585
2 23  0.560200
2 24  0.578724
2 25  0.583642
2 26  0.573466
2 27  0.595091
2 28  0.563911
2 29  0.583460
2 30  0.576669
3 4  0.544860
3 5  0.549188
3 6  0.546183
3 7  0.555033
3 8  0.549470
3 9  0.579365
3 10  0.551410
3 11  0.573210
3 12  0.552995
3 13  0.578875
3 14  0.578339
3 15  0.578109
3 16  0.540407
3 17  0.546076
3 18  0.267798
3 19  0.554648
3 20  0.552679
3 21  0.547594
3 22  0.555476
3 23  0.555601
3 24  0.579872
3 25  0.578971
3 26  0.578288
3 27  0.560845
3 28  0.591440
3 29  0.549239
3 30  0.577966
4 5  0.511166
4 6  0.549021
4 7  0.557861
4 8  0.552299
4 9  0.582202
4 10  0.577877
4 11  0.576042
4 12  0.548687
4 13  0.581894
4 14  0.581373
4 15  0.580949
4 16  0.549051
4 17  0.548930
4 18  0.549448
4 19  0.278615
4 20  0.508259
4 21  0.550427
4 22  0.558315
4 23  0.558459
4 24  0.583142
4 25  0.581873
4 26  0.581681
4 27  0.593040
4 28  0.594535
4 29  0.542507
4 30  0.580425
5 6  0.555089
5 7  0.563928
5 8  0.558366
5 9  0.588271
5 10  0.585987
5 11  0.582110
5 12  0.551744
5 13  0.588117
5 14  0.587598
5 15  0.587137
5 16  0.554420
5 17  0.555038
5 18  0.552357
5 19  0.509457
5 20  0.281077
5 21  0.556497
5 22  0.564382
5 23  0.564525
5 24  0.589211
5 25  0.587938
5 26  0.587716
5 27  0.599608
5 28  0.600588
5 29  0.550711
5 30  0.587023
6 7  0.548432
6 8  0.544631
6 9  0.550963
6 10  0.579131
6 11  0.552664
6 12  0.572865
6 13  0.578530
6 14  0.578213
6 15  0.577530
6 16  0.545964
6 17  0.539881
6 18  0.547566
6 19  0.555226
6 20  0.555326
6 21  0.266811
6 22  0.552217
6 23  0.554311
6 24  0.579541
6 25  0.549090
6 26  0.578148
6 27  0.590917
6 28  0.560709
6 29  0.578644
6 30  0.577428
7 8  0.510909
7 9  0.585439
7 10  0.587982
7 11  0.551348
7 12  0.581709
7 13  0.587705
7 14  0.587181
7 15  0.586731
7 16  0.554884
7 17  0.553798
7 18  0.556411
7 19  0.564095
7 20  0.564176
7 21  0.551710
7 22  0.280175
7 23  0.509257
7 24  0.588804
7 25  0.550404
7 26  0.587149
7 27  0.600016
7 28  0.599386
7 29  0.587550
7 30  0.586771
8 9  0.577852
8 10  0.582418
8 11  0.548623
8 12  0.576147
8 13  0.581987
8 14  0.581498
8 15  0.581012
8 16  0.549282
8 17  0.548894
8 18  0.550846
8 19  0.558534
8 20  0.558614
8 21  0.549248
8 22  0.507981
8 23  0.278603
8 24  0.583233
8 25  0.542508
8 26  0.581041
8 27  0.594466
8 28  0.593209
8 29  0.581990
8 30  0.581242
9 10  0.611939
9 11  0.593604
9 12  0.606047
9 13  0.603875
9 14  0.608130
9 15  0.607039
9 16  0.579005
9 17  0.556394
9 18  0.580658
9 19  0.588388
9 20  0.588514
9 21  0.545009
9 22  0.587541
9 23  0.586359
9 24  0.612743
9 25  0.592732
9 26  0.595419
9 27  0.624247
9 28  0.391655
9 29  0.611727
9 30  0.609045
10 11  0.606157
10 12  0.593704
10 13  0.603916
10 14  0.607653
10 15  0.607812
10 16  0.556754
10 17  0.578898
10 18  0.545326
10 19  0.586465
10 20  0.587857
10 21  0.580453
10 22  0.588431
10 23  0.588527
10 24  0.612841
10 25  0.611821
10 26  0.609647
10 27  0.391753
10 28  0.624515
10 29  0.592972
10 30  0.595173
11 12  0.599888
11 13  0.605493
11 14  0.605001
11 15  0.604103
11 16  0.572790
11 17  0.571748
11 18  0.574591
11 19  0.582271
11 20  0.582354
11 21  0.549175
11 22  0.542024
11 23  0.546240
11 24  0.606576
11 25  0.378753
11 26  0.604947
11 27  0.618073
11 28  0.595620
11 29  0.605728
11 30  0.605016
12 13  0.605491
12 14  0.604560
12 15  0.604564
12 16  0.571995
12 17  0.572527
12 18  0.549422
12 19  0.546509
12 20  0.542126
12 21  0.574276
12 22  0.582160
12 23  0.582301
12 24  0.606597
12 25  0.605715
12 26  0.605567
12 27  0.595505
12 28  0.618237
12 29  0.379155
12 30  0.604446
13 14  0.579299
13 15  0.579045
13 16  0.578145
13 17  0.577877
13 18  0.580084
13 19  0.587943
13 20  0.588363
13 21  0.579766
13 22  0.588153
13 23  0.587935
13 24  0.570175
13 25  0.610849
13 26  0.524899
13 27  0.621328
13 28  0.621511
13 29  0.610894
13 30  0.522682
14 15  0.581203
14 16  0.553295
14 17  0.575593
14 18  0.579840
14 19  0.587395
14 20  0.587690
14 21  0.579688
14 22  0.587579
14 23  0.587380
14 24  0.526109
14 25  0.610540
14 26  0.577078
14 27  0.614881
14 28  0.620303
14 29  0.610974
14 30  0.547345
15 16  0.575417
15 17  0.552757
15 18  0.579558
15 19  0.586902
15 20  0.587321
15 21  0.579069
15 22  0.587031
15 23  0.586951
15 24  0.526282
15 25  0.610484
15 26  0.546737
15 27  0.619755
15 28  0.614503
15 29  0.610129
15 30  0.576512
16 17  0.545105
16 18  0.543230
16 19  0.555241
16 20  0.555363
16 21  0.547444
16 22  0.555328
16 23  0.555461
16 24  0.565745
16 25  0.578821
16 26  0.572498
16 27  0.566190
16 28  0.590541
16 29  0.577363
16 30  0.570416
17 18  0.547512
17 19  0.555187
17 20  0.555277
17 21  0.542657
17 22  0.554903
17 23  0.555007
17 24  0.565455
17 25  0.577075
17 26  0.570622
17 27  0.590150
17 28  0.566131
17 29  0.578593
17 30  0.571719
18 19  0.552005
18 20  0.550443
18 21  0.548977
18 22  0.556866
18 23  0.557009
18 24  0.581643
18 25  0.580423
18 26  0.580063
18 27  0.567287
18 28  0.593073
18 29  0.558017
18 30  0.577615
19 20  0.516636
19 21  0.556665
19 22  0.564550
19 23  0.564694
19 24  0.589335
19 25  0.588110
19 26  0.587965
19 27  0.595414
19 28  0.600766
19 29  0.558403
19 30  0.587190
20 21  0.556746
20 22  0.564630
20 23  0.564774
20 24  0.589445
20 25  0.588190
20 26  0.588049
20 27  0.596412
20 28  0.600847
20 29  0.559727
20 30  0.587446
21 22  0.549943
21 23  0.551702
21 24  0.581322
21 25  0.557657
21 26  0.577820
21 27  0.592584
21 28  0.567170
21 29  0.580121
21 30  0.579203
22 23  0.516439
22 24  0.589240
22 25  0.559621
22 26  0.587779
22 27  0.600479
22 28  0.596383
22 29  0.588008
22 30  0.587304
23 24  0.589357
23 25  0.558389
23 26  0.587759
23 27  0.600623
23 28  0.595604
23 29  0.588152
23 30  0.587444
24 25  0.612706
24 26  0.579923
24 27  0.621038
24 28  0.621178
24 29  0.612728
24 30  0.579414
25 26  0.609671
25 27  0.624035
25 28  0.610573
25 29  0.611567
25 30  0.610789
26 27  0.622167
26 28  0.612406
26 29  0.611352
26 30  0.582841
27 28  0.636372
27 29  0.610536
27 30  0.611728
28 29  0.624220
28 30  0.621772
29 30  0.609163
