  -1146.54820401
  -1146.91377409
0.00001672243590
2 2 2 2 2 2 2 2 2 2 2 2 2 2 2 0 0 0 0 0 0 0 0 0 0 0 0 0 0 0 
1  0.282735
2  0.282177
3  0.276189
4  0.277980
5  0.283938
6  0.275917
7  0.283500
8  0.278022
9  0.310780
10  0.310780
11  0.302798
12  0.302741
13  0.310826
14  0.310075
15  0.309646
16  0.277039
17  0.276767
18  0.277618
19  0.284353
20  0.284149
21  0.277320
22  0.284004
23  0.284421
24  0.311192
25  0.308710
26  0.310368
27  0.322917
28  0.323137
29  0.308717
30  0.309949
1 2  0.564310
1 3  0.554096
1 4  0.560617
1 5  0.566471
1 6  0.558619
1 7  0.566223
1 8  0.560727
1 9  0.592713
1 10  0.570468
1 11  0.585470
1 12  0.583657
1 13  0.588242
1 14  0.570806
1 15  0.589759
1 16  0.279360
1 17  0.559264
1 18  0.555890
1 19  0.566703
1 20  0.565942
1 21  0.559927
1 22  0.566680
1 23  0.566869
1 24  0.587076
1 25  0.590822
1 26  0.586252
1 27  0.572873
1 28  0.604386
1 29  0.591103
1 30  0.582381
2 3  0.558335
2 4  0.560128
2 5  0.566104
2 6  0.553281
2 7  0.565475
2 8  0.560100
2 9  0.569934
2 10  0.592160
2 11  0.583166
2 12  0.584857
2 13  0.587672
2 14  0.589634
2 15  0.569892
2 16  0.558989
2 17  0.278185
2 18  0.559670
2 19  0.566256
2 20  0.566270
2 21  0.555114
2 22  0.565278
2 23  0.566221
2 24  0.586681
2 25  0.590540
2 26  0.582212
2 27  0.603657
2 28  0.572688
2 29  0.590303
2 30  0.585427
3 4  0.549414
3 5  0.553560
3 6  0.552092
3 7  0.559689
3 8  0.554209
3 9  0.586953
3 10  0.558795
3 11  0.578981
3 12  0.558521
3 13  0.586576
3 14  0.585837
3 15  0.585654
3 16  0.547168
3 17  0.552836
3 18  0.273163
3 19  0.559503
3 20  0.557259
3 21  0.553506
3 22  0.560180
3 23  0.560571
3 24  0.586902
3 25  0.584817
3 26  0.585900
3 27  0.568384
3 28  0.598988
3 29  0.555064
3 30  0.585694
4 5  0.515054
4 6  0.553896
4 7  0.561480
4 8  0.556002
4 9  0.588752
4 10  0.584002
4 11  0.580778
4 12  0.553203
4 13  0.588553
4 14  0.587842
4 15  0.587423
4 16  0.554809
4 17  0.554669
4 18  0.554216
4 19  0.282378
4 20  0.512101
4 21  0.555289
4 22  0.561985
4 23  0.562401
4 24  0.589144
4 25  0.586685
4 26  0.588280
4 27  0.599505
4 28  0.601115
4 29  0.547268
4 30  0.587082
5 6  0.559854
5 7  0.567439
5 8  0.561959
5 9  0.594714
5 10  0.592125
5 11  0.586735
5 12  0.556198
5 13  0.594697
5 14  0.593978
5 15  0.593532
5 16  0.560008
5 17  0.560704
5 18  0.556966
5 19  0.513498
5 20  0.284468
5 21  0.561254
5 22  0.567942
5 23  0.568356
5 24  0.595098
5 25  0.592639
5 26  0.594208
5 27  0.605969
5 28  0.607057
5 29  0.555400
5 30  0.593605
6 7  0.552868
6 8  0.549227
6 9  0.558549
6 10  0.586680
6 11  0.558263
6 12  0.578652
6 13  0.586309
6 14  0.585809
6 15  0.585132
6 16  0.552833
6 17  0.546704
6 18  0.553531
6 19  0.560234
6 20  0.560054
6 21  0.272266
6 22  0.556896
6 23  0.559292
6 24  0.586650
6 25  0.555013
6 26  0.585837
6 27  0.598513
6 28  0.568388
6 29  0.584554
6 30  0.585233
7 8  0.514710
7 9  0.591675
7 10  0.594277
7 11  0.555901
7 12  0.586241
7 13  0.594256
7 14  0.593521
7 15  0.593111
7 16  0.560539
7 17  0.559347
7 18  0.561114
7 19  0.567851
7 20  0.567649
7 21  0.556357
7 22  0.283584
7 23  0.513317
7 24  0.594665
7 25  0.555071
7 26  0.593583
7 27  0.606403
7 28  0.605780
7 29  0.592210
7 30  0.593355
8 9  0.584045
8 10  0.588793
8 11  0.553233
8 12  0.580762
8 13  0.588592
8 14  0.587891
8 15  0.587452
8 16  0.554977
8 17  0.554590
8 18  0.555627
8 19  0.562375
8 20  0.562171
8 21  0.553993
8 22  0.511835
8 23  0.282387
8 24  0.589183
8 25  0.547225
8 26  0.587519
8 27  0.600935
8 28  0.599704
8 29  0.586734
8 30  0.587906
9 10  0.621051
9 11  0.600772
9 12  0.613509
9 13  0.612740
9 14  0.617125
9 15  0.616208
9 16  0.587500
9 17  0.564889
9 18  0.588235
9 19  0.595077
9 20  0.594926
9 21  0.552677
9 22  0.593947
9 23  0.593002
9 24  0.621507
9 25  0.600113
9 26  0.604609
9 27  0.633590
9 28  0.400810
9 29  0.619281
9 30  0.618450
10 11  0.613566
10 12  0.600725
10 13  0.612678
10 14  0.616678
10 15  0.616738
10 16  0.565150
10 17  0.587252
10 18  0.552847
10 19  0.592968
10 20  0.594087
10 21  0.587944
10 22  0.594780
10 23  0.595143
10 24  0.621491
10 25  0.619279
10 26  0.618800
10 27  0.400742
10 28  0.633796
10 29  0.600202
10 30  0.604358
11 12  0.605536
11 13  0.613092
11 14  0.612416
11 15  0.611487
11 16  0.579475
11 17  0.578455
11 18  0.580404
11 19  0.587142
11 20  0.586941
11 21  0.554939
11 22  0.546661
11 23  0.551124
11 24  0.613492
11 25  0.384407
11 26  0.612519
11 27  0.625538
11 28  0.602990
11 29  0.611509
11 30  0.612720
12 13  0.613033
12 14  0.611866
12 15  0.611938
12 16  0.578647
12 17  0.579158
12 18  0.555148
12 19  0.551221
12 20  0.546600
12 21  0.580051
12 22  0.586739
12 23  0.587153
12 24  0.613432
12 25  0.611443
12 26  0.613081
12 27  0.602771
12 28  0.625700
12 29  0.384789
12 30  0.612065
13 14  0.588867
13 15  0.588603
13 16  0.586840
13 17  0.586569
13 18  0.587806
13 19  0.594766
13 20  0.594911
13 21  0.587519
13 22  0.594763
13 23  0.594825
13 24  0.579107
13 25  0.618588
13 26  0.533760
13 27  0.630629
13 28  0.630871
13 29  0.618611
13 30  0.531705
14 15  0.590152
14 16  0.561507
14 17  0.584016
14 18  0.587401
14 19  0.594027
14 20  0.594013
14 21  0.587288
14 22  0.593971
14 23  0.594011
14 24  0.534378
14 25  0.618101
14 26  0.586182
14 27  0.624014
14 28  0.629544
14 29  0.618505
14 30  0.556892
15 16  0.583855
15 17  0.560988
15 18  0.587159
15 19  0.593529
15 20  0.593692
15 21  0.586686
15 22  0.593444
15 23  0.593655
15 24  0.534635
15 25  0.618058
15 26  0.556201
15 27  0.628956
15 28  0.623737
15 29  0.617700
15 30  0.585733
16 17  0.552784
16 18  0.549898
16 19  0.561149
16 20  0.560996
16 21  0.554336
16 22  0.561021
16 23  0.561420
16 24  0.573118
16 25  0.585651
16 26  0.580840
16 27  0.574564
16 28  0.599018
16 29  0.584076
16 30  0.579137
17 18  0.554361
17 19  0.561080
17 20  0.560894
17 21  0.549334
17 22  0.560576
17 23  0.560943
17 24  0.572900
17 25  0.583789
17 26  0.579214
17 27  0.598537
17 28  0.574524
17 29  0.585386
17 30  0.580184
18 19  0.556795
18 20  0.554922
18 21  0.554932
18 22  0.561621
18 23  0.562038
18 24  0.588732
18 25  0.586323
18 26  0.587742
18 27  0.574803
18 28  0.600735
18 29  0.563658
18 30  0.585164
19 20  0.520599
19 21  0.561673
19 22  0.568357
19 23  0.568774
19 24  0.595470
19 25  0.593063
19 26  0.594706
19 27  0.601732
19 28  0.607482
19 29  0.563145
19 30  0.594027
20 21  0.561469
20 22  0.568153
20 23  0.568570
20 24  0.595297
20 25  0.592858
20 26  0.594510
20 27  0.602492
20 28  0.607280
20 29  0.564396
20 30  0.594014
21 22  0.554486
21 23  0.556560
21 24  0.588437
21 25  0.563395
21 26  0.585282
21 27  0.600217
21 28  0.574747
21 29  0.586033
21 30  0.587032
22 23  0.520521
22 24  0.595151
22 25  0.564309
22 26  0.594287
22 27  0.606915
22 28  0.602582
22 29  0.592721
22 30  0.593947
23 24  0.595537
23 25  0.563156
23 26  0.594516
23 27  0.607330
23 28  0.602010
23 29  0.593138
23 30  0.594355
24 25  0.619770
24 26  0.588833
24 27  0.629656
24 28  0.629854
24 29  0.619778
24 30  0.588417
25 26  0.617146
25 27  0.631619
25 28  0.617806
25 29  0.617425
25 30  0.618560
26 27  0.631402
26 28  0.621277
26 29  0.618983
26 30  0.592094
27 28  0.645670
27 29  0.617655
27 30  0.620686
28 29  0.631846
28 30  0.631188
29 30  0.616741
