  -1146.54820401
  -1146.91419545
0.00000530402976
2 2 2 2 2 2 2 2 2 2 2 2 2 2 2 0 0 0 0 0 0 0 0 0 0 0 0 0 0 0 
1  0.284139
2  0.283548
3  0.277036
4  0.278449
5  0.284346
6  0.276749
7  0.283921
8  0.278497
9  0.312066
10  0.312069
11  0.303526
12  0.303466
13  0.312275
14  0.311547
15  0.311165
16  0.278406
17  0.278113
18  0.278414
19  0.284893
20  0.284576
21  0.278116
22  0.284432
23  0.284961
24  0.312502
25  0.309483
26  0.311855
27  0.324273
28  0.324501
29  0.309477
30  0.311452
1 2  0.567052
1 3  0.556284
1 4  0.562488
1 5  0.568273
1 6  0.560853
1 7  0.568042
1 8  0.562598
1 9  0.595363
1 10  0.573103
1 11  0.587596
1 12  0.585723
1 13  0.591054
1 14  0.573415
1 15  0.592626
1 16  0.281978
1 17  0.562019
1 18  0.558093
1 19  0.568644
1 20  0.567713
1 21  0.562121
1 22  0.568507
1 23  0.568761
1 24  0.589721
1 25  0.592966
1 26  0.589113
1 27  0.575658
1 28  0.607124
1 29  0.593250
1 30  0.585283
2 3  0.560549
2 4  0.561959
2 5  0.567876
2 6  0.555418
2 7  0.567259
2 8  0.561944
2 9  0.572536
2 10  0.594780
2 11  0.585201
2 12  0.586946
2 13  0.590453
2 14  0.592424
2 15  0.572519
2 16  0.561726
2 17  0.280761
2 18  0.561830
2 19  0.568120
2 20  0.568064
2 21  0.557281
2 22  0.567017
2 23  0.568129
2 24  0.589295
2 25  0.592666
2 26  0.585068
2 27  0.606370
2 28  0.575448
2 29  0.592396
2 30  0.588276
3 4  0.550678
3 5  0.554787
3 6  0.553768
3 7  0.560957
3 8  0.555532
3 9  0.589085
3 10  0.560895
3 11  0.580555
3 12  0.560066
3 13  0.588853
3 14  0.588146
3 15  0.588015
3 16  0.549388
3 17  0.555009
3 18  0.274739
3 19  0.560870
3 20  0.558541
3 21  0.555150
3 22  0.561449
3 23  0.561935
3 24  0.589058
3 25  0.586429
3 26  0.588196
3 27  0.570589
3 28  0.601150
3 29  0.556664
3 30  0.588029
4 5  0.516000
4 6  0.555196
4 7  0.562370
4 8  0.556946
4 9  0.590504
4 10  0.585717
4 11  0.581974
4 12  0.554391
4 13  0.590449
4 14  0.589776
4 15  0.589391
4 16  0.556640
4 17  0.556457
4 18  0.555465
4 19  0.283421
4 20  0.513063
4 21  0.556547
4 22  0.562881
4 23  0.563409
4 24  0.590923
4 25  0.587923
4 26  0.590227
4 27  0.601324
4 28  0.602947
4 29  0.548514
4 30  0.589042
5 6  0.561094
5 7  0.568267
5 8  0.562842
5 9  0.596406
5 10  0.593779
5 11  0.587871
5 12  0.557343
5 13  0.596550
5 14  0.595856
5 15  0.595449
5 16  0.561718
5 17  0.562457
5 18  0.558166
5 19  0.514525
5 20  0.285365
5 21  0.562455
5 22  0.568777
5 23  0.569302
5 24  0.596808
5 25  0.593815
5 26  0.596097
5 27  0.607717
5 28  0.608825
5 29  0.556597
5 30  0.595507
6 7  0.554098
6 8  0.550485
6 9  0.560636
6 10  0.588801
6 11  0.559791
6 12  0.580208
6 13  0.588571
6 14  0.588108
6 15  0.587473
6 16  0.555016
6 17  0.548890
6 18  0.555160
6 19  0.561583
6 20  0.561306
6 21  0.273838
6 22  0.558159
6 23  0.560647
6 24  0.588790
6 25  0.556617
6 26  0.588141
6 27  0.600647
6 28  0.570587
6 29  0.586139
6 30  0.587530
7 8  0.515671
7 9  0.593334
7 10  0.595985
7 11  0.557072
7 12  0.587386
7 13  0.596124
7 14  0.595405
7 15  0.595048
7 16  0.562326
7 17  0.561049
7 18  0.562329
7 19  0.568810
7 20  0.568497
7 21  0.557575
7 22  0.284487
7 23  0.514356
7 24  0.596388
7 25  0.556283
7 26  0.595482
7 27  0.608175
7 28  0.607546
7 29  0.593385
7 30  0.595275
8 9  0.585758
8 10  0.590555
8 11  0.554435
8 12  0.581962
8 13  0.590495
8 14  0.589820
8 15  0.589439
8 16  0.556791
8 17  0.556405
8 18  0.556893
8 19  0.563390
8 20  0.563073
8 21  0.555241
8 22  0.512805
8 23  0.283439
8 24  0.590966
8 25  0.548482
8 26  0.589469
8 27  0.602766
8 28  0.601543
8 29  0.587966
8 30  0.589876
9 10  0.623584
9 11  0.602713
9 12  0.615519
9 13  0.615266
9 14  0.619812
9 15  0.618981
9 16  0.590137
9 17  0.567510
9 18  0.590290
9 19  0.596895
9 20  0.596639
9 21  0.554748
9 22  0.595642
9 23  0.594822
9 24  0.624093
9 25  0.602115
9 26  0.607333
9 27  0.636233
9 28  0.403587
9 29  0.621312
9 30  0.621200
10 11  0.615582
10 12  0.602670
10 13  0.615223
10 14  0.619408
10 15  0.619463
10 16  0.567795
10 17  0.589865
10 18  0.554920
10 19  0.594790
10 20  0.595782
10 21  0.589999
10 22  0.596497
10 23  0.596961
10 24  0.624081
10 25  0.621316
10 26  0.621545
10 27  0.403514
10 28  0.636454
10 29  0.602186
10 30  0.607104
11 12  0.606988
11 13  0.615247
11 14  0.614597
11 15  0.613691
11 16  0.581535
11 17  0.580511
11 18  0.581922
11 19  0.588403
11 20  0.588093
11 21  0.556454
11 22  0.547838
11 23  0.552403
11 24  0.615518
11 25  0.386031
11 26  0.614746
11 27  0.627596
11 28  0.605055
11 29  0.612996
11 30  0.614948
12 13  0.615185
12 14  0.614022
12 15  0.614160
12 16  0.580723
12 17  0.581189
12 18  0.556665
12 19  0.552491
12 20  0.547764
12 21  0.581565
12 22  0.587888
12 23  0.588410
12 24  0.615460
12 25  0.612941
12 26  0.615290
12 27  0.604829
12 28  0.627762
12 29  0.386399
12 30  0.614305
13 14  0.591844
13 15  0.591609
13 16  0.589647
13 17  0.589357
13 18  0.590007
13 19  0.596748
13 20  0.596787
13 21  0.589719
13 22  0.596641
13 23  0.596805
13 24  0.581937
13 25  0.620817
13 26  0.536477
13 27  0.633394
13 28  0.633640
13 29  0.620822
13 30  0.534480
14 15  0.593005
14 16  0.564256
14 17  0.586788
14 18  0.589662
14 19  0.596039
14 20  0.595896
14 21  0.589553
14 22  0.595879
14 23  0.596019
14 24  0.536969
14 25  0.620338
14 26  0.589069
14 27  0.626795
14 28  0.632342
14 29  0.620739
14 30  0.559946
15 16  0.586684
15 17  0.563761
15 18  0.589471
15 19  0.595585
15 20  0.595644
15 21  0.588992
15 22  0.595372
15 23  0.595715
15 24  0.537324
15 25  0.620352
15 26  0.559287
15 27  0.631783
15 28  0.626568
15 29  0.619974
15 30  0.588638
16 17  0.555468
16 18  0.552017
16 19  0.563053
16 20  0.562783
16 21  0.556496
16 22  0.562811
16 23  0.563317
16 24  0.575550
16 25  0.587787
16 26  0.583581
16 27  0.577228
16 28  0.601686
16 29  0.586159
16 30  0.581998
17 18  0.556501
17 19  0.562955
17 20  0.562662
17 21  0.551431
17 22  0.562343
17 23  0.562826
17 24  0.575341
17 25  0.585865
17 26  0.582040
17 27  0.601172
17 28  0.577176
17 29  0.587487
17 30  0.582903
18 19  0.558092
18 20  0.556124
18 21  0.556522
18 22  0.562845
18 23  0.563373
18 24  0.590837
18 25  0.587893
18 26  0.590013
18 27  0.576951
18 28  0.602894
18 29  0.565179
18 30  0.587373
19 20  0.521629
19 21  0.563008
19 22  0.569324
19 23  0.569854
19 24  0.597314
19 25  0.594376
19 26  0.596731
19 27  0.603553
19 28  0.609383
19 29  0.564418
19 30  0.596053
20 21  0.562692
20 22  0.569008
20 23  0.569537
20 24  0.597030
20 25  0.594059
20 26  0.596424
20 27  0.604197
20 28  0.609070
20 29  0.565616
20 30  0.595937
21 22  0.555691
21 23  0.557856
21 24  0.590541
21 25  0.564934
21 26  0.587477
21 27  0.602368
21 28  0.576904
21 29  0.587589
21 30  0.589315
22 23  0.521556
22 24  0.596884
22 25  0.565536
22 26  0.596197
22 27  0.608698
22 28  0.604290
22 29  0.593908
22 30  0.595877
23 24  0.597381
23 25  0.564433
23 26  0.596526
23 27  0.609223
23 28  0.603837
23 29  0.594438
23 30  0.596395
24 25  0.621852
24 26  0.591655
24 27  0.632284
24 28  0.632485
24 29  0.621847
24 30  0.591232
25 26  0.619343
25 27  0.633748
25 28  0.619845
25 29  0.618958
25 30  0.620828
26 27  0.634187
26 28  0.623961
26 29  0.621223
26 30  0.594986
27 28  0.648371
27 29  0.619668
27 30  0.623377
28 29  0.633970
28 30  0.633997
29 30  0.618938
