   -993.88535195
   -994.17389749
0.00078911419400
2 2 2 2 2 2 2 2 2 2 2 2 2 0 0 0 0 0 0 0 0 0 0 0 0 0 
1  0.239772
2  0.255494
3  0.235883
4  0.241143
5  0.252740
6  0.239458
7  0.236409
8  0.253894
9  0.239519
10  0.253694
11  0.241098
12  0.253649
13  0.238341
14  0.254401
15  0.239174
16  0.252897
17  0.243726
18  0.240279
19  0.240347
20  0.254616
21  0.255486
22  0.243931
23  0.240568
24  0.242406
25  0.254557
26  0.240136
1 2  0.493824
1 3  0.475211
1 4  0.439852
1 5  0.492493
1 6  0.479216
1 7  0.476172
1 8  0.492484
1 9  0.478938
1 10  0.493409
1 11  0.480856
1 12  0.469673
1 13  0.478100
1 14  0.462843
1 15  0.478940
1 16  0.492129
1 17  0.217844
1 18  0.478226
1 19  0.480113
1 20  0.494163
1 21  0.492767
1 22  0.483695
1 23  0.480283
1 24  0.434030
1 25  0.494198
1 26  0.479219
2 3  0.467497
2 4  0.495481
2 5  0.508031
2 6  0.494892
2 7  0.491885
2 8  0.500206
2 9  0.465624
2 10  0.508690
2 11  0.496537
2 12  0.503349
2 13  0.493752
2 14  0.498035
2 15  0.493925
2 16  0.492088
2 17  0.497688
2 18  0.460969
2 19  0.495639
2 20  0.510063
2 21  0.291652
2 22  0.499314
2 23  0.495982
2 24  0.497818
2 25  0.508603
2 26  0.458957
3 4  0.476661
3 5  0.488567
3 6  0.475328
3 7  0.472281
3 8  0.488660
3 9  0.435247
3 10  0.489557
3 11  0.476972
3 12  0.488112
3 13  0.474211
3 14  0.488624
3 15  0.475004
3 16  0.488431
3 17  0.477927
3 18  0.212788
3 19  0.476228
3 20  0.490350
3 21  0.460725
3 22  0.479814
3 23  0.476433
3 24  0.477600
3 25  0.490146
3 26  0.429110
4 5  0.493816
4 6  0.480579
4 7  0.477542
4 8  0.492970
4 9  0.480295
4 10  0.494783
4 11  0.482227
4 12  0.465403
4 13  0.479463
4 14  0.457728
4 15  0.480317
4 16  0.491880
4 17  0.438682
4 18  0.480732
4 19  0.481467
4 20  0.495116
4 21  0.496529
4 22  0.485042
4 23  0.481524
4 24  0.229882
4 25  0.495525
4 26  0.480454
5 6  0.463410
5 7  0.487726
5 8  0.498409
5 9  0.492208
5 10  0.500685
5 11  0.469297
5 12  0.505939
5 13  0.489720
5 14  0.505619
5 15  0.491823
5 16  0.491014
5 17  0.496302
5 18  0.492889
5 19  0.491525
5 20  0.289713
5 21  0.508178
5 22  0.461566
5 23  0.457170
5 24  0.494550
5 25  0.495483
5 26  0.492796
6 7  0.475511
6 8  0.491237
6 9  0.478954
6 10  0.491956
6 11  0.439583
6 12  0.493041
6 13  0.477439
6 14  0.493306
6 15  0.477808
6 16  0.490317
6 17  0.483146
6 18  0.479708
6 19  0.479144
6 20  0.456447
6 21  0.494853
6 22  0.437704
6 23  0.228371
6 24  0.481689
6 25  0.493920
6 26  0.479593
7 8  0.489231
7 9  0.475916
7 10  0.466949
7 11  0.477058
7 12  0.490008
7 13  0.434607
7 14  0.490596
7 15  0.428486
7 16  0.489108
7 17  0.480135
7 18  0.476687
7 19  0.212980
7 20  0.489583
7 21  0.491561
7 22  0.478722
7 23  0.476271
7 24  0.478788
7 25  0.460221
7 26  0.476491
8 9  0.491180
8 10  0.498372
8 11  0.493739
8 12  0.499392
8 13  0.489940
8 14  0.492619
8 15  0.491082
8 16  0.267536
8 17  0.497362
8 18  0.493912
8 19  0.493987
8 20  0.493101
8 21  0.492912
8 22  0.497562
8 23  0.492717
8 24  0.494469
8 25  0.492303
8 26  0.492048
9 10  0.493128
9 11  0.480606
9 12  0.491784
9 13  0.477834
9 14  0.493823
9 15  0.478488
9 16  0.490311
9 17  0.482614
9 18  0.434108
9 19  0.479835
9 20  0.493974
9 21  0.457440
9 22  0.483438
9 23  0.480085
9 24  0.481195
9 25  0.493321
9 26  0.229578
10 11  0.493397
10 12  0.507140
10 13  0.462886
10 14  0.508038
10 15  0.456496
10 16  0.490420
10 17  0.497304
10 18  0.493786
10 19  0.460057
10 20  0.496697
10 21  0.507568
10 22  0.496266
10 23  0.494174
10 24  0.496028
10 25  0.289564
10 26  0.493105
11 12  0.494729
11 13  0.479118
11 14  0.495240
11 15  0.479563
11 16  0.493784
11 17  0.484819
11 18  0.481375
11 19  0.479799
11 20  0.462792
11 21  0.496405
11 22  0.217712
11 23  0.433609
11 24  0.483448
11 25  0.494246
11 26  0.481217
12 13  0.491938
12 14  0.290520
12 15  0.492747
12 16  0.491730
12 17  0.462305
12 18  0.492305
12 19  0.493869
12 20  0.506779
12 21  0.497165
12 22  0.497439
12 23  0.493638
12 24  0.459190
12 25  0.508174
12 26  0.493682
13 14  0.492631
13 15  0.228726
13 16  0.489305
13 17  0.482053
13 18  0.478592
13 19  0.433398
13 20  0.492860
13 21  0.493173
13 22  0.481694
13 23  0.478151
13 24  0.480746
13 25  0.455171
13 26  0.478295
14 15  0.493513
14 16  0.498629
14 17  0.474722
14 18  0.492585
14 19  0.494648
14 20  0.508112
14 21  0.502669
14 22  0.498317
14 23  0.494894
14 24  0.468927
14 25  0.508486
14 26  0.492918
15 16  0.489707
15 17  0.482889
15 18  0.479447
15 19  0.437220
15 20  0.492241
15 21  0.494582
15 22  0.482697
15 23  0.479409
15 24  0.481560
15 25  0.466125
15 26  0.479286
16 17  0.495396
16 18  0.492051
16 19  0.491752
16 20  0.498973
16 21  0.498978
16 22  0.495277
16 23  0.491209
16 24  0.493215
16 25  0.498240
16 26  0.490723
17 18  0.483489
17 19  0.484067
17 20  0.498321
17 21  0.497103
17 22  0.487651
17 23  0.484285
17 24  0.442572
17 25  0.498220
17 26  0.483429
18 19  0.480621
18 20  0.494835
18 21  0.473093
18 22  0.484205
18 23  0.480837
18 24  0.482238
18 25  0.494813
18 26  0.437697
19 20  0.493272
19 21  0.495797
19 22  0.483801
19 23  0.480457
19 24  0.482737
19 25  0.471921
19 26  0.480468
20 21  0.509637
20 22  0.474170
20 23  0.467650
20 24  0.496894
20 25  0.502041
20 26  0.494705
21 22  0.499335
21 23  0.496005
21 24  0.496444
21 25  0.509110
21 26  0.467907
22 23  0.441446
22 24  0.486328
22 25  0.496816
22 26  0.484051
23 24  0.482955
23 25  0.493688
23 26  0.480686
24 25  0.496907
24 26  0.482208
25 26  0.494535
