   -993.88535195
   -994.18403627
0.00043552757000
2 2 2 2 2 2 2 2 2 2 2 2 2 0 0 0 0 0 0 0 0 0 0 0 0 0 
1  0.253520
2  0.268290
3  0.251573
4  0.255146
5  0.268440
6  0.255905
7  0.251375
8  0.269130
9  0.253165
10  0.268839
11  0.254073
12  0.267797
13  0.254281
14  0.270160
15  0.255878
16  0.268877
17  0.255846
18  0.253917
19  0.253652
20  0.270898
21  0.270951
22  0.256182
23  0.257849
24  0.257205
25  0.271480
26  0.255098
1 2  0.519969
1 3  0.504685
1 4  0.462917
1 5  0.521924
1 6  0.509406
1 7  0.504883
1 8  0.521150
1 9  0.506522
1 10  0.522314
1 11  0.507579
1 12  0.494225
1 13  0.507783
1 14  0.488290
1 15  0.509376
1 16  0.522110
1 17  0.241076
1 18  0.506130
1 19  0.507169
1 20  0.524238
1 21  0.523113
1 22  0.509699
1 23  0.511338
1 24  0.458716
1 25  0.524745
1 26  0.508233
2 3  0.492569
2 4  0.522144
2 5  0.536493
2 6  0.524146
2 7  0.519629
2 8  0.527657
2 9  0.491089
2 10  0.536554
2 11  0.522318
2 12  0.529626
2 13  0.522449
2 14  0.526440
2 15  0.523481
2 16  0.521122
2 17  0.522758
2 18  0.485099
2 19  0.521772
2 20  0.539131
2 21  0.317097
2 22  0.524242
2 23  0.526081
2 24  0.525371
2 25  0.538306
2 26  0.485046
3 4  0.506541
3 5  0.519964
3 6  0.507461
3 7  0.502933
3 8  0.519276
3 9  0.461419
3 10  0.520376
3 11  0.505633
3 12  0.517465
3 13  0.505830
3 14  0.520341
3 15  0.507418
3 16  0.520172
3 17  0.506123
3 18  0.237624
3 19  0.505222
3 20  0.522196
3 21  0.486822
3 22  0.507751
3 23  0.509399
3 24  0.508426
3 25  0.522867
3 26  0.456657
4 5  0.523482
4 6  0.511015
4 7  0.506505
4 8  0.521584
4 9  0.508199
4 10  0.523936
4 11  0.509200
4 12  0.492690
4 13  0.509399
4 14  0.486342
4 15  0.511023
4 16  0.522129
4 17  0.460928
4 18  0.508671
4 19  0.508736
4 20  0.525246
4 21  0.525975
4 22  0.511307
4 23  0.512777
4 24  0.249414
4 25  0.526444
4 26  0.509771
5 6  0.493557
5 7  0.517935
5 8  0.528304
5 9  0.521555
5 10  0.530907
5 11  0.494930
5 12  0.535702
5 13  0.521415
5 14  0.537168
5 15  0.524208
5 16  0.521695
5 17  0.524122
5 18  0.522109
5 19  0.520695
5 20  0.316841
5 21  0.539337
5 22  0.487110
5 23  0.487204
5 24  0.524970
5 25  0.528127
5 26  0.523472
6 7  0.507096
6 8  0.522388
6 9  0.509043
6 10  0.523464
6 11  0.464403
6 12  0.523601
6 13  0.510085
6 14  0.525286
6 15  0.511326
6 16  0.522892
6 17  0.511731
6 18  0.509757
6 19  0.509157
6 20  0.487223
6 21  0.526666
6 22  0.462189
6 23  0.250148
6 24  0.512892
6 25  0.527257
6 26  0.511001
7 8  0.519053
7 9  0.504515
7 10  0.492977
7 11  0.505031
7 12  0.519126
7 13  0.462356
7 14  0.521256
7 15  0.457562
7 16  0.519967
7 17  0.507218
7 18  0.505290
7 19  0.237531
7 20  0.520843
7 21  0.522143
7 22  0.506248
7 23  0.508863
7 24  0.508558
7 25  0.487224
7 26  0.506440
8 9  0.519410
8 10  0.528275
8 11  0.521739
8 12  0.527514
8 13  0.520507
8 14  0.523415
8 15  0.522950
8 16  0.295650
8 17  0.524645
8 18  0.522733
8 19  0.522463
8 20  0.524253
8 21  0.523967
8 22  0.525006
8 23  0.524944
8 24  0.524290
8 25  0.524687
8 26  0.522177
9 10  0.521883
9 11  0.507221
9 12  0.519632
9 13  0.507394
9 14  0.523224
9 15  0.508813
9 16  0.520062
9 17  0.508632
9 18  0.458856
9 19  0.506793
9 20  0.523874
9 21  0.484753
9 22  0.509288
9 23  0.511013
9 24  0.509911
9 25  0.523813
9 26  0.247215
10 11  0.521099
10 12  0.536398
10 13  0.491850
10 14  0.538941
10 15  0.485622
10 16  0.521772
10 17  0.524451
10 18  0.522590
10 19  0.485252
10 20  0.527948
10 21  0.538306
10 22  0.523690
10 23  0.526552
10 24  0.525986
10 25  0.317463
10 26  0.523215
11 12  0.521835
11 13  0.508199
11 14  0.524042
11 15  0.509603
11 16  0.522671
11 17  0.509913
11 18  0.507985
11 19  0.506440
11 20  0.488944
11 21  0.524758
11 22  0.241220
11 23  0.460404
11 24  0.511245
11 25  0.524184
11 26  0.509146
12 13  0.522028
12 14  0.316239
12 15  0.523615
12 16  0.520803
12 17  0.486637
12 18  0.520235
12 19  0.521203
12 20  0.537277
12 21  0.526906
12 22  0.523814
12 23  0.524971
12 24  0.486491
12 25  0.539223
12 26  0.522790
13 14  0.524254
13 15  0.248728
13 16  0.521207
13 17  0.510068
13 18  0.508175
13 19  0.460079
13 20  0.525058
13 21  0.524413
13 22  0.510094
13 23  0.511663
13 24  0.511485
13 25  0.485396
13 26  0.509144
14 15  0.525982
14 16  0.529546
14 17  0.499060
14 18  0.521743
14 19  0.523758
14 20  0.540117
14 21  0.533346
14 22  0.526284
14 23  0.527849
14 24  0.497491
14 25  0.541083
14 26  0.523486
15 16  0.521696
15 17  0.511712
15 18  0.509773
15 19  0.465150
15 20  0.525033
15 21  0.526647
15 22  0.511851
15 23  0.513656
15 24  0.513062
15 25  0.496606
15 26  0.510927
16 17  0.522678
16 18  0.520826
16 19  0.520537
16 20  0.530452
16 21  0.530070
16 22  0.523126
16 23  0.523858
16 24  0.523152
16 25  0.530773
16 26  0.520924
17 18  0.509324
17 19  0.509490
17 20  0.526687
17 21  0.524512
17 22  0.512011
17 23  0.513672
17 24  0.466355
17 25  0.527270
17 26  0.510727
18 19  0.507551
18 20  0.524762
18 21  0.497722
18 22  0.510092
18 23  0.511756
18 24  0.510908
18 25  0.525336
18 26  0.464700
19 20  0.522282
19 21  0.524540
19 22  0.509408
19 23  0.511285
19 24  0.510846
19 25  0.497976
19 26  0.508726
20 21  0.541286
20 22  0.499653
20 23  0.498461
20 24  0.527944
20 25  0.534641
20 26  0.525944
21 22  0.527077
21 23  0.528744
21 24  0.526460
21 25  0.541403
21 26  0.496036
22 23  0.467486
22 24  0.513364
22 25  0.525493
22 26  0.511269
23 24  0.515011
23 25  0.527620
23 26  0.512927
24 25  0.528629
24 26  0.512227
25 26  0.526396
