   -993.88535195
   -994.18963292
0.00020788762600
2 2 2 2 2 2 2 2 2 2 2 2 2 0 0 0 0 0 0 0 0 0 0 0 0 0 
1  0.265851
2  0.283246
3  0.265657
4  0.267913
5  0.282478
6  0.268468
7  0.265591
8  0.281052
9  0.267836
10  0.282906
11  0.266237
12  0.282550
13  0.268172
14  0.285029
15  0.270172
16  0.280806
17  0.267847
18  0.267720
19  0.267566
20  0.284913
21  0.285735
22  0.268372
23  0.270606
24  0.270132
25  0.285361
26  0.269880
1 2  0.546973
1 3  0.531119
1 4  0.486648
1 5  0.548283
1 6  0.534287
1 7  0.531424
1 8  0.545144
1 9  0.533535
1 10  0.548700
1 11  0.532069
1 12  0.518244
1 13  0.533996
1 14  0.511629
1 15  0.535984
1 16  0.546287
1 17  0.260525
1 18  0.532440
1 19  0.533413
1 20  0.550570
1 21  0.550088
1 22  0.534221
1 23  0.536422
1 24  0.482690
1 25  0.550890
1 26  0.535448
2 3  0.518669
2 4  0.549733
2 5  0.565475
2 6  0.551657
2 7  0.548789
2 8  0.554218
2 9  0.517792
2 10  0.565470
2 11  0.549427
2 12  0.558936
2 13  0.551266
2 14  0.556127
2 15  0.552634
2 16  0.548173
2 17  0.549587
2 18  0.510416
2 19  0.550637
2 20  0.568090
2 21  0.341987
2 22  0.551362
2 23  0.553778
2 24  0.553155
2 25  0.567165
2 26  0.511147
3 4  0.533410
3 5  0.548075
3 6  0.534098
3 7  0.531228
3 8  0.544878
3 9  0.487237
3 10  0.548514
3 11  0.531876
3 12  0.545981
3 13  0.533791
3 14  0.549187
3 15  0.535788
3 16  0.546078
3 17  0.532371
3 18  0.259841
3 19  0.533220
3 20  0.550231
3 21  0.512113
3 22  0.534024
3 23  0.536223
3 24  0.535512
3 25  0.550812
3 26  0.483143
4 5  0.550254
4 6  0.536318
4 7  0.533478
4 8  0.545768
4 9  0.535617
4 10  0.550763
4 11  0.534118
4 12  0.517578
4 13  0.536040
4 14  0.510695
4 15  0.538084
4 16  0.546775
4 17  0.484433
4 18  0.535321
4 19  0.535398
4 20  0.552022
4 21  0.553418
4 22  0.536259
4 23  0.538259
4 24  0.267391
4 25  0.553087
4 26  0.537378
5 6  0.517920
5 7  0.545863
5 8  0.553719
5 9  0.550254
5 10  0.558639
5 11  0.518273
5 12  0.564367
5 13  0.549202
5 14  0.566079
5 15  0.552431
5 16  0.547653
5 17  0.550144
5 18  0.549922
5 19  0.548563
5 20  0.340853
5 21  0.568143
5 22  0.509880
5 23  0.511325
5 24  0.551867
5 25  0.555868
5 26  0.552281
6 7  0.533899
6 8  0.546326
6 9  0.536258
6 10  0.549966
6 11  0.487491
6 12  0.550882
6 13  0.536506
6 14  0.552668
6 15  0.538221
6 16  0.547302
6 17  0.536288
6 18  0.536105
6 19  0.535721
6 20  0.511096
6 21  0.554006
6 22  0.485271
6 23  0.267767
6 24  0.538335
6 25  0.553604
6 26  0.538346
7 8  0.544821
7 9  0.533390
7 10  0.518105
7 11  0.531440
7 12  0.548082
7 13  0.487381
7 14  0.550284
7 15  0.483174
7 16  0.546027
7 17  0.533433
7 18  0.533309
7 19  0.260247
7 20  0.548999
7 21  0.551118
7 22  0.532826
7 23  0.535907
7 24  0.535683
7 25  0.511591
7 26  0.535431
8 9  0.545445
8 10  0.553957
8 11  0.545557
8 12  0.553699
8 13  0.545798
8 14  0.550261
8 15  0.548997
8 16  0.316824
8 17  0.548504
8 18  0.548365
8 19  0.548204
8 20  0.550226
8 21  0.550793
8 22  0.549032
8 23  0.549516
8 24  0.549038
8 25  0.550593
8 26  0.548716
9 10  0.550593
9 11  0.534047
9 12  0.548918
9 13  0.535932
9 14  0.552633
9 15  0.537715
9 16  0.546531
9 17  0.535360
9 18  0.484811
9 19  0.535373
9 20  0.552540
9 21  0.511186
9 22  0.536131
9 23  0.538440
9 24  0.537565
9 25  0.552326
9 26  0.268192
10 11  0.547046
10 12  0.565206
10 13  0.517664
10 14  0.567864
10 15  0.511020
10 16  0.547895
10 17  0.550493
10 18  0.550450
10 19  0.509697
10 20  0.555827
10 21  0.567173
10 22  0.549782
10 23  0.553296
10 24  0.552963
10 25  0.341575
10 26  0.551992
11 12  0.548742
11 13  0.534260
11 14  0.551070
11 15  0.536128
11 16  0.546676
11 17  0.534082
11 18  0.533953
11 19  0.532676
11 20  0.511711
11 21  0.551648
11 22  0.261058
11 23  0.483475
11 24  0.536334
11 25  0.550097
11 26  0.536078
12 13  0.550662
12 14  0.341074
12 15  0.552647
12 16  0.547536
12 17  0.509746
12 18  0.548758
12 19  0.549842
12 20  0.566048
12 21  0.556231
12 22  0.550747
12 23  0.552418
12 24  0.511054
12 25  0.567843
12 26  0.552204
13 14  0.552994
13 15  0.268323
13 16  0.546925
13 17  0.535942
13 18  0.535865
13 19  0.484984
13 20  0.552852
13 21  0.553039
13 22  0.536226
13 23  0.538360
13 24  0.538302
13 25  0.510898
13 26  0.537767
14 15  0.555138
14 16  0.555976
14 17  0.522799
14 18  0.550086
14 19  0.552527
14 20  0.568884
14 21  0.562500
14 22  0.553328
14 23  0.555431
14 24  0.522467
14 25  0.569809
14 26  0.552983
15 16  0.547292
15 17  0.538004
15 18  0.537853
15 19  0.490723
15 20  0.553201
15 21  0.555686
15 22  0.538359
15 23  0.540694
15 24  0.540275
15 25  0.522413
15 26  0.539974
16 17  0.546246
16 18  0.546091
16 19  0.545921
16 20  0.556010
16 21  0.556531
16 22  0.546844
16 23  0.547925
16 24  0.547411
16 25  0.556340
16 26  0.546955
17 18  0.535137
17 19  0.535408
17 20  0.552688
17 21  0.551021
17 22  0.536201
17 23  0.538419
17 24  0.490285
17 25  0.553140
17 26  0.537539
18 19  0.535269
18 20  0.552566
18 21  0.523268
18 22  0.536087
18 23  0.538312
18 24  0.537660
18 25  0.553003
18 26  0.490696
19 20  0.549865
19 21  0.553220
19 22  0.535514
19 23  0.537981
19 24  0.537684
19 25  0.522570
19 26  0.537406
20 21  0.570057
20 22  0.522902
20 23  0.522718
20 24  0.554844
20 25  0.562090
20 26  0.554732
21 22  0.554041
21 23  0.556279
21 24  0.554004
21 25  0.569991
21 26  0.522675
22 23  0.491126
22 24  0.538470
22 25  0.551190
22 26  0.538238
23 24  0.540673
23 25  0.554122
23 26  0.540458
24 25  0.555432
24 26  0.539930
25 26  0.555020
