   -993.88535195
   -994.19369363
0.00000141569853
2 2 2 2 2 2 2 2 2 2 2 2 2 0 0 0 0 0 0 0 0 0 0 0 0 0 
1  0.275431
2  0.294297
3  0.275795
4  0.277636
5  0.294078
6  0.278108
7  0.275739
8  0.293391
9  0.277532
10  0.293799
11  0.275963
12  0.294171
13  0.277795
14  0.296302
15  0.280040
16  0.292863
17  0.277787
18  0.278286
19  0.278001
20  0.296252
21  0.296444
22  0.278375
23  0.280412
24  0.279961
25  0.296077
26  0.279886
1 2  0.567162
1 3  0.550742
1 4  0.505613
1 5  0.569433
1 6  0.553476
1 7  0.551116
1 8  0.566486
1 9  0.552760
1 10  0.569158
1 11  0.551372
1 12  0.536720
1 13  0.553171
1 14  0.529964
1 15  0.555411
1 16  0.567789
1 17  0.278969
1 18  0.552656
1 19  0.553422
1 20  0.571475
1 21  0.570317
1 22  0.553802
1 23  0.555803
1 24  0.501747
1 25  0.571093
1 26  0.555015
2 3  0.537131
2 4  0.570313
2 5  0.588091
2 6  0.572339
2 7  0.569960
2 8  0.577211
2 9  0.537132
2 10  0.587299
2 11  0.570188
2 12  0.581302
2 13  0.571890
2 14  0.578344
2 15  0.573525
2 16  0.571425
2 17  0.570490
2 18  0.529018
2 19  0.572125
2 20  0.590458
2 21  0.363080
2 22  0.572345
2 23  0.574622
2 24  0.573914
2 25  0.589018
2 26  0.530077
3 4  0.553227
3 5  0.569800
3 6  0.553847
3 7  0.551512
3 8  0.566845
3 9  0.505885
3 10  0.569517
3 11  0.551702
3 12  0.567400
3 13  0.553526
3 14  0.570548
3 15  0.555793
3 16  0.568148
3 17  0.552523
3 18  0.279061
3 19  0.553791
3 20  0.571625
3 21  0.530306
3 22  0.554160
3 23  0.556148
3 24  0.555460
3 25  0.571658
3 26  0.502182
4 5  0.571514
4 6  0.555625
4 7  0.553320
4 8  0.567061
4 9  0.554988
4 10  0.571369
4 11  0.553536
4 12  0.537086
4 13  0.555358
4 14  0.529997
4 15  0.557672
4 16  0.568367
4 17  0.503103
4 18  0.555602
4 19  0.555524
4 20  0.572982
4 21  0.573734
4 22  0.555983
4 23  0.557710
4 24  0.282907
4 25  0.573491
4 26  0.557113
5 6  0.537351
5 7  0.567276
5 8  0.577087
5 9  0.571544
5 10  0.580832
5 11  0.536922
5 12  0.587457
5 13  0.570278
5 14  0.589023
5 15  0.573779
5 16  0.571353
5 17  0.571688
5 18  0.572033
5 19  0.570502
5 20  0.362628
5 21  0.590430
5 22  0.528670
5 23  0.530340
5 24  0.573221
5 25  0.578056
5 26  0.573875
6 7  0.553644
6 8  0.567570
6 9  0.555567
6 10  0.570309
6 11  0.506480
6 12  0.572080
6 13  0.555722
6 14  0.573498
6 15  0.557735
6 16  0.568844
6 17  0.555867
6 18  0.556281
6 19  0.555788
6 20  0.530320
6 21  0.574325
6 22  0.503883
6 23  0.283345
6 24  0.557729
6 25  0.573846
6 26  0.557990
7 8  0.566806
7 9  0.553208
7 10  0.536550
7 11  0.551220
7 12  0.569839
7 13  0.505969
7 14  0.571626
7 15  0.502049
7 16  0.568105
7 17  0.553516
7 18  0.554021
7 19  0.279190
7 20  0.570435
7 21  0.571972
7 22  0.553045
7 23  0.555844
7 24  0.555641
7 25  0.529845
7 26  0.555584
8 9  0.566963
8 10  0.576802
8 11  0.567053
8 12  0.577083
8 13  0.567241
8 14  0.573896
8 15  0.571089
8 16  0.339836
8 17  0.570627
8 18  0.571128
8 19  0.570848
8 20  0.573944
8 21  0.573957
8 22  0.571223
8 23  0.571467
8 24  0.571001
8 25  0.573774
8 26  0.570924
9 10  0.571130
9 11  0.553440
9 12  0.570091
9 13  0.555207
9 14  0.573493
9 15  0.557230
9 16  0.568245
9 17  0.554996
9 18  0.503292
9 19  0.555504
9 20  0.573557
9 21  0.530224
9 22  0.555794
9 23  0.557940
9 24  0.557090
9 25  0.572701
9 26  0.282917
10 11  0.567223
10 12  0.587686
10 13  0.536798
10 14  0.590009
10 15  0.529786
10 16  0.571001
10 17  0.571253
10 18  0.571916
10 19  0.528186
10 20  0.577959
10 21  0.588863
10 22  0.570583
10 23  0.573874
10 24  0.573673
10 25  0.362406
10 26  0.572857
11 12  0.570059
11 13  0.553555
11 14  0.572057
11 15  0.555703
11 16  0.568328
11 17  0.553745
11 18  0.554239
11 19  0.552903
11 20  0.530142
11 21  0.571988
11 22  0.279566
11 23  0.502600
11 24  0.555884
11 25  0.570479
11 26  0.555789
12 13  0.571900
12 14  0.362880
12 15  0.574123
12 16  0.571229
12 17  0.528428
12 18  0.570857
12 19  0.571841
12 20  0.589079
12 21  0.578438
12 22  0.572373
12 23  0.573768
12 24  0.530122
12 25  0.590159
12 26  0.573712
13 14  0.573872
13 15  0.283064
13 16  0.568523
13 17  0.555468
13 18  0.556055
13 19  0.503377
13 20  0.573707
13 21  0.573322
13 22  0.555847
13 23  0.557791
13 24  0.557752
13 25  0.529835
13 26  0.557338
14 15  0.576264
14 16  0.578898
14 17  0.541279
14 18  0.571607
14 19  0.574217
14 20  0.591382
14 21  0.584208
14 22  0.574561
14 23  0.576435
14 24  0.541694
14 25  0.591754
14 26  0.574065
15 16  0.568652
15 17  0.557809
15 18  0.558249
15 19  0.510027
15 20  0.574218
15 21  0.576195
15 22  0.558176
15 23  0.560322
15 24  0.559963
15 25  0.541485
15 26  0.559793
16 17  0.567580
16 18  0.568151
16 19  0.567833
16 20  0.578991
16 21  0.578991
16 22  0.568259
16 23  0.569036
16 24  0.568543
16 25  0.578803
16 26  0.568465
17 18  0.555541
17 19  0.555776
17 20  0.573921
17 21  0.571263
17 22  0.556134
17 23  0.558121
17 24  0.509822
17 25  0.573773
17 26  0.557431
18 19  0.556260
18 20  0.574453
18 21  0.541764
18 22  0.556650
18 23  0.558682
18 24  0.558005
18 25  0.574245
18 26  0.510235
19 20  0.571330
19 21  0.574323
19 22  0.555854
19 23  0.558175
19 24  0.557944
19 25  0.541084
19 26  0.557808
20 21  0.592061
20 22  0.541524
20 23  0.542008
20 24  0.575934
20 25  0.583877
20 26  0.576062
21 22  0.574731
21 23  0.576779
21 24  0.574306
21 25  0.591321
21 26  0.541867
22 23  0.510700
22 24  0.558258
22 25  0.571511
22 26  0.558244
23 24  0.560242
23 25  0.574399
23 26  0.560262
24 25  0.575960
24 26  0.559718
25 26  0.575674
